0 0.3778630375 0.1081165484375 0.3789083953125 0.134449390625 0.41406106875 0.13279359531249998 0.41301571406250004 0.106460753125 0.3778630375 0.1081165484375
0 0.394103475 0.15131098125 0.395181996875 0.178479278125 0.4308923125 0.176797215625 0.429813790625 0.14962891875 0.394103475 0.15131098125
0 0.48320434843750004 0.086406303125 0.48413298749999994 0.10979899374999999 0.5175913015625 0.10822300781250001 0.5166626625 0.0848303171875 0.48320434843750004 0.086406303125
0 0.616462065625 0.0788658984375 0.617507421875 0.10519874062500001 0.6521024609375 0.1035692125 0.651057103125 0.07723636874999999 0.616462065625 0.0788658984375
0 0.45451376562499995 0.12418398281250001 0.45545898593749995 0.1479943984375 0.487802021875 0.1464709453125 0.48685679843749996 0.1226605296875 0.45451376562499995 0.12418398281250001
2 0.40756596875 0.33156876875 0.408611325 0.3579016109375 0.44404282031250003 0.3562326828125 0.4429974625 0.329899840625 0.40756596875 0.33156876875
2 0.411673021875 0.3070133359375 0.412638653125 0.331337878125 0.44568945937500004 0.3297810859375 0.44472382968749996 0.3054565453125 0.411673021875 0.3070133359375
2 0.4732527078125 0.3550821609375 0.47424448906250005 0.3800654265625 0.506995028125 0.378522778125 0.506003246875 0.3535395140625 0.4732527078125 0.3550821609375
2 0.47243604687499996 0.319354315625 0.473418896875 0.34411265156250004 0.5073705078125 0.3425134296875 0.50638765625 0.31775509375 0.47243604687499996 0.319354315625
2 0.49466275625 0.33796918593749997 0.49558374218749995 0.3611690796875 0.5292350828125 0.3595840015625 0.528314096875 0.3363841078125 0.49466275625 0.33796918593749997
1 0.3734291265625 0.5734323359375 0.375071465625 0.6148033374999999 0.422492190625 0.6125696796875 0.4208498515625 0.571198678125 0.3734291265625 0.5734323359375
1 0.45443823906249997 0.5306792515625001 0.456163490625 0.5741388859375001 0.4941043609375 0.5723517578124999 0.49237910781250005 0.5288921249999999 0.45443823906249997 0.5306792515625001
1 0.61575806875 0.4689884875 0.613804646875 0.473909434375 0.6165872109375 0.4898748171875 0.6211318593749999 0.49609933125000005 0.625548946875 0.49911056406250004 0.63419178125 0.5003131062499999 0.638417528125 0.498504415625 0.64667768125 0.49006711249999996 0.64863110625 0.48514616562499996 0.6457847609375 0.46757414218750004 0.6392866890625 0.46627057499999996 0.617839053125 0.46728082187500003 0.61575806875 0.4689884875
1 0.6117264390625 0.46675587343749997 0.61295420625 0.4976837109375 0.6486645203125 0.4960016484375 0.647436753125 0.4650738125 0.6117264390625 0.46675587343749997
1 0.4780837203125 0.591528765625 0.47906210781249997 0.6161746359375 0.5359626875 0.6134944499999999 0.5349842984375 0.5888485796875 0.4780837203125 0.591528765625
1 0.5527123359375 0.585075934375 0.5538571890624999 0.6139151390625 0.6102001296874999 0.61126121875 0.6090552765624999 0.582422015625 0.5527123359375 0.585075934375
1 0.41595988906250003 0.5781975671875 0.4114152421875 0.571973053125 0.40491717187500004 0.5706694875 0.3963381171875 0.5710735859375 0.39211236875 0.5728822765625 0.37969025 0.5847349109375 0.37571962187499996 0.5929701640625 0.3762936421875 0.60742993125 0.3829830546875 0.6135534203125 0.38733636250000003 0.6149580109375 0.3937706515625 0.6146549375 0.4064478953125 0.6092288671875 0.41470804843750003 0.6007915640625 0.416597690625 0.5942639749999999 0.41595988906250003 0.5781975671875
1 0.4763721921875 0.53028190625 0.46564837499999995 0.5307870296874999 0.45934164375000003 0.5343033875 0.45745199999999997 0.540830975 0.45783467968749997 0.55047081875 0.4670515375 0.5661331281249999 0.4736771671875 0.5706499765624999 0.4780304765625 0.5720545687499999 0.48660953124999995 0.5716504703124999 0.49285248125000003 0.566527471875 0.49486968593749997 0.56321316875 0.49404054375 0.5423268375 0.4850788078125 0.5330910906249999 0.4763721921875 0.53028190625
1 0.52377209375 0.5876060984375 0.5172740250000001 0.58630253125 0.4936816234375 0.587413803125 0.48100438125 0.592839875 0.47898717812499997 0.59615418125 0.47930607968750005 0.6041873843750001 0.4816421828125 0.6089062828125 0.48605927031249996 0.611917515625 0.49476588593750004 0.6147266984375 0.5012639562500001 0.6160302640624999 0.5270011203125 0.614817965625 0.535452615625 0.6112005875000001 0.5394232406249999 0.602965334375 0.5369595781250001 0.5950331546875 0.52377209375 0.5876060984375
1 0.5708293359375001 0.5821702734375 0.562314059375 0.5841810125 0.5541176875 0.5942249562499999 0.55878989375 0.6036627515624999 0.5697688328125 0.609584190625 0.5828287546875 0.613797965625 0.602131628125 0.6128887421875 0.606357375 0.611080053125 0.6083745796875 0.607765746875 0.6101366625 0.5980248765625 0.60123870625 0.590395771875 0.5881150046875 0.58457535625 0.5708293359375001 0.5821702734375