1 0.47359375000000004 0.2130833328125 0.43099999999999994 0.2130833328125 0.43099999999999994 0.25425 0.47359375000000004 0.25425 0.47359375000000004 0.2130833328125
1 0.5271171875 0.2141354171875 0.4888203125 0.2141354171875 0.4888203125 0.2631145828125 0.5271171875 0.2631145828125 0.5271171875 0.2141354171875
1 0.47671093750000004 0.28028125 0.43685156249999996 0.28028125 0.43685156249999996 0.3146770828125 0.47671093750000004 0.3146770828125 0.47671093750000004 0.28028125
1 0.41300781249999996 0.3016458328125 0.38839843749999997 0.3016458328125 0.38839843749999997 0.3594791671875 0.41300781249999996 0.3594791671875 0.41300781249999996 0.3016458328125
1 0.43724999999999997 0.32353125 0.4095 0.32353125 0.4095 0.37771875 0.43724999999999997 0.37771875 0.43724999999999997 0.32353125
1 0.41184374999999995 0.3652083328125 0.387625 0.3652083328125 0.387625 0.42095833281250006 0.41184374999999995 0.42095833281250006 0.41184374999999995 0.3652083328125
1 0.43529687499999997 0.38917708281249996 0.405203125 0.38917708281249996 0.405203125 0.44440625 0.43529687499999997 0.44440625 0.43529687499999997 0.38917708281249996
1 0.4423203125 0.4449270828125 0.4024609375 0.4449270828125 0.4024609375 0.48140625000000004 0.4423203125 0.48140625000000004 0.4423203125 0.4449270828125
1 0.4859375 0.4895833328125 0.49375 0.49583333281249997 0.4984375 0.49583333281249997 0.5046875 0.4875 0.50625 0.48125 0.50625 0.46666666718750005 0.503125 0.45416666718750004 0.4953125 0.43958333281249995 0.4859375 0.43958333281249995 0.4796875 0.45 0.478125 0.45625 0.478125 0.47083333281249995 0.4796875 0.4791666671875 0.4859375 0.4895833328125
1 0.507578125 0.4402291671875 0.479046875 0.4402291671875 0.479046875 0.4918125 0.507578125 0.4918125 0.507578125 0.4402291671875
1 0.41967187499999997 0.4813958328125 0.391140625 0.4813958328125 0.391140625 0.5350625 0.41967187499999997 0.5350625 0.41967187499999997 0.4813958328125
2 0.678234375 0.233 0.6542656250000001 0.233 0.6542656250000001 0.2644166671875 0.678234375 0.2644166671875 0.678234375 0.233
2 0.6770234375 0.2768645828125 0.6510078125 0.2768645828125 0.6510078125 0.31046874999999996 0.6770234375 0.31046874999999996 0.6770234375 0.2768645828125
2 0.6823046875000001 0.3223958328125 0.6562890625 0.3223958328125 0.6562890625 0.3548958328125 0.6823046875000001 0.3548958328125 0.6823046875000001 0.3223958328125
2 0.60834375 0.2774166671875 0.58396875 0.2774166671875 0.58396875 0.3104583328125 0.60834375 0.3104583328125 0.60834375 0.2774166671875
2 0.5831484375 0.31371875 0.5575390625 0.31371875 0.5575390625 0.34732291718749997 0.5831484375 0.34732291718749997 0.5831484375 0.31371875
2 0.6392187500000001 0.3960833328125 0.61525 0.3960833328125 0.61525 0.429125 0.6392187500000001 0.429125 0.6392187500000001 0.3960833328125
2 0.6091562500000001 0.47896875000000005 0.587625 0.47896875000000005 0.587625 0.5131145828125 0.6091562500000001 0.5131145828125 0.6091562500000001 0.47896875000000005
2 0.63190625 0.49741666718750005 0.6095625 0.49741666718750005 0.6095625 0.529375 0.63190625 0.529375 0.63190625 0.49741666718750005
2 0.671734375 0.5347916671874999 0.648171875 0.5347916671874999 0.648171875 0.5672916671875 0.671734375 0.5672916671875 0.671734375 0.5347916671874999
2 0.670921875 0.5700104171875 0.6465468750000001 0.5700104171875 0.6465468750000001 0.6036145828125 0.670921875 0.6036145828125 0.670921875 0.5700104171875
0 0.8365937499999999 0.23184375 0.8080624999999999 0.23184375 0.8080624999999999 0.26465625 0.8365937499999999 0.26465625 0.8365937499999999 0.23184375
0 0.8713671875 0.24278125 0.8447890625 0.24278125 0.8447890625 0.27821875 0.8713671875 0.27821875 0.8713671875 0.24278125
0 0.8444062499999999 0.406375 0.8194062499999999 0.406375 0.8194062499999999 0.44025 0.8444062499999999 0.44025 0.8444062499999999 0.406375
0 0.7955703125 0.5308854171874999 0.7682109374999999 0.5308854171874999 0.7682109374999999 0.5673645828125 0.7955703125 0.5673645828125 0.7955703125 0.5308854171874999
1 0.4421875 0.24583333281250003 0.45625 0.25 0.465625 0.25 0.4703125 0.24583333281250003 0.471875 0.23958333281250002 0.471875 0.22916666718749998 0.4703125 0.225 0.4609375 0.21458333281250003 0.45 0.2104166671875 0.4375 0.2104166671875 0.434375 0.2125 0.43125 0.2166666671875 0.43125 0.23125 0.4359375 0.23958333281250002 0.4421875 0.24583333281250003
1 0.50625 0.25833333281250004 0.5109375 0.2604166671875 0.5203125 0.2604166671875 0.5234375 0.25625 0.525 0.2520833328125 0.525 0.23333333281250002 0.5125 0.21875 0.5046875 0.2125 0.496875 0.2125 0.4890625 0.2208333328125 0.4875 0.225 0.4890625 0.23541666718749998 0.4953125 0.2479166671875 0.50625 0.25833333281250004
1 0.4421875 0.3166666671875 0.45 0.31875 0.465625 0.3125 0.4734375 0.3020833328125 0.475 0.2979166671875 0.475 0.2833333328125 0.46875 0.2770833328125 0.453125 0.2770833328125 0.4421875 0.2833333328125 0.4375 0.2916666671875 0.4359375 0.2979166671875 0.4359375 0.30625 0.4375 0.3104166671875 0.4421875 0.3166666671875
1 0.3953125 0.3583333328125 0.4 0.3625 0.403125 0.3625 0.415625 0.3291666671875 0.415625 0.32083333281250004 0.4140625 0.3145833328125 0.4109375 0.30625 0.403125 0.3020833328125 0.4 0.3020833328125 0.390625 0.3166666671875 0.3890625 0.325 0.3890625 0.34375 0.390625 0.35 0.3953125 0.3583333328125
1 0.4140625 0.3770833328125 0.425 0.3770833328125 0.428125 0.375 0.4359375 0.3645833328125 0.4375 0.35625 0.4375 0.33125 0.434375 0.3270833328125 0.4296875 0.325 0.4234375 0.325 0.4203125 0.3270833328125 0.4109375 0.3416666671875 0.4078125 0.3541666671875 0.4078125 0.36875 0.409375 0.3729166671875 0.4140625 0.3770833328125
1 0.3953125 0.42083333281249996 0.4 0.425 0.403125 0.425 0.4125 0.3958333328125 0.4125 0.3875 0.4109375 0.38125 0.4046875 0.36875 0.3984375 0.3645833328125 0.3921875 0.3708333328125 0.3890625 0.3791666671875 0.3875 0.3854166671875 0.3875 0.40625 0.390625 0.4145833328125 0.3953125 0.42083333281249996
1 0.4109375 0.44375 0.4203125 0.44375 0.4265625 0.4375 0.4296875 0.43333333281249997 0.434375 0.41875 0.434375 0.40625 0.4328125 0.4 0.4265625 0.3895833328125 0.41875 0.3895833328125 0.4140625 0.39375 0.40625 0.4125 0.4046875 0.42083333281249996 0.4046875 0.43125 0.4078125 0.44166666718750003 0.4109375 0.44375
1 0.4171875 0.48125 0.4296875 0.48125 0.4390625 0.47291666718750003 0.4421875 0.46458333281249997 0.4421875 0.45416666718750004 0.434375 0.44375 0.421875 0.44375 0.4140625 0.4479166671875 0.4046875 0.4583333328125 0.403125 0.4625 0.403125 0.46875 0.409375 0.4770833328125 0.4171875 0.48125
1 0.4109375 0.5333333328125 0.4140625 0.53125 0.41875 0.5208333328125 0.41875 0.5020833328125 0.415625 0.4916666671875 0.403125 0.47083333281249995 0.4 0.47083333281249995 0.3921875 0.4875 0.390625 0.50625 0.39375 0.5229166671875001 0.403125 0.5333333328125 0.4109375 0.5333333328125