1 0.644328903125 0.633807096875 0.654158134375 0.5925555796875 0.6041696171875001 0.5809950515625 0.5943403875 0.62224656875 0.644328903125 0.633807096875
1 0.489647371875 0.5934489125 0.4975797984375 0.560157934375 0.440866940625 0.547042309375 0.43293451406249994 0.5803332875 0.489647371875 0.5934489125
1 0.3561442765625 0.5263823359375001 0.35153576875 0.526996396875 0.34654790156250004 0.5292025640625 0.342157165625 0.5382661875 0.34584536093749996 0.5508780140625 0.3520274921875 0.562386759375 0.3618416390625 0.5680160953125 0.3724145046875 0.5704612140624999 0.38163152031249997 0.5692330953125 0.384125453125 0.5681300125 0.38775746875 0.5622506046875 0.38889555 0.5574742796875001 0.38211628750000004 0.53910808125 0.374796075 0.5323756609375 0.3688317171875 0.5293164796875 0.3561442765625 0.5263823359375001
1 0.383331146875 0.575723978125 0.39333108906250003 0.5337560109374999 0.34623953749999997 0.522865446875 0.336239596875 0.5648334125 0.383331146875 0.575723978125
2 0.672163021875 0.43178434218749995 0.678543865625 0.4050050875 0.6439494453125 0.397004653125 0.6375686015625 0.423783909375 0.672163021875 0.43178434218749995
2 0.6228939421875 0.3661733484375 0.6289295671875 0.3408429125 0.5943351453125 0.332842478125 0.5882995203125 0.35817291562500003 0.6228939421875 0.3661733484375
2 0.4895500046875 0.329993846875 0.4955856296875 0.3046634078125 0.46001850468749994 0.296438025 0.45398287968749995 0.3217684625 0.4895500046875 0.329993846875
0 0.615578246875 0.141533096875 0.621613871875 0.116202659375 0.5860467484375 0.10797727500000001 0.5800111234374999 0.1333077125 0.615578246875 0.141533096875
0 0.5273361046875 0.09898559999999999 0.5340621671875 0.070757525 0.49754348437499996 0.0623120796875 0.4908174234375 0.0905401546875 0.5273361046875 0.09898559999999999
1 0.6064226578125 0.58090295625 0.6005144796875 0.5963350109375 0.5999735296875001 0.6079687921875 0.602685234375 0.6153152703125 0.6257839515625 0.6307362078125001 0.632127671875 0.6322032796875 0.6367361796875 0.6315892187500001 0.6449767015625001 0.6250957515625 0.6461147828125 0.620319428125 0.6435646687500001 0.6029312765625 0.6348886031250001 0.5925256171875 0.62718903125 0.5873853046875 0.6191100984375 0.5838371 0.6064226578125 0.58090295625
1 0.45439114375 0.5541427890625 0.440565621875 0.55598496875 0.437692328125 0.5586801609375 0.43579552499999996 0.5666407 0.4381278703125 0.5755792890625 0.44756265468749995 0.5828007328125 0.46659381718750004 0.5872019500000001 0.47966061875 0.5885439859375 0.4892569921875 0.5857237578125 0.49462422031250003 0.58192548125 0.49690038437500006 0.5723728343750001 0.4916947453125 0.5661294375 0.47168709218749993 0.5564628734375 0.4632287984375 0.5545067765625 0.45439114375 0.5541427890625