0 0.1649202515625 0.734135228125 0.13762664375 0.7376185625 0.142105865625 0.7727154281249999 0.16939947187499999 0.7692320953125 0.1649202515625 0.734135228125
0 0.2293527234375 0.6720665234375 0.200985590625 0.675686865625 0.205736953125 0.7129160890625 0.2341040875 0.709295746875 0.2293527234375 0.6720665234375
0 0.14219892812499998 0.4452297953125 0.116499346875 0.4485096921875 0.121250709375 0.4857389140625 0.146950290625 0.4824590171875 0.14219892812499998 0.4452297953125
0 0.217142815625 0.40581235156249995 0.19733136406250001 0.4083407796875 0.20181058593749998 0.4434376453125 0.2216220359375 0.4409092171875 0.217142815625 0.40581235156249995
0 0.086038434375 0.3803525828125 0.06194914218749999 0.3834269671875 0.066245084375 0.41708775468750003 0.090334378125 0.41401337031249996 0.086038434375 0.3803525828125
2 0.41182266875 0.388263765625 0.3855863234375 0.3916121671875 0.39015440625000003 0.4274053125 0.41639075312499996 0.42405691093750003 0.41182266875 0.388263765625
2 0.3127635515625 0.5115051 0.2876007328125 0.5147164937500001 0.291988315625 0.5490953203125 0.31715113437500003 0.5458839281250001 0.3127635515625 0.5115051
2 0.3286324234375 0.5931670890625 0.30400636875 0.5963099781250001 0.30848559062500003 0.6314068421875 0.3331116453125 0.6282639546875 0.3286324234375 0.5931670890625
2 0.4259435265625 0.575650721875 0.40024394374999994 0.5789306187500001 0.4044482484375 0.6118733671875 0.4301478296875 0.6085934703125 0.4259435265625 0.575650721875
2 0.3626561625 0.689240675 0.33749334375 0.69245206875 0.34178928750000004 0.72611285625 0.36695210624999997 0.7229014625 0.3626561625 0.689240675
1 0.5792353953125 0.6259423828124999 0.54390660625 0.630451203125 0.55130995625 0.6884600328125 0.5866387468750001 0.6839512109375 0.5792353953125 0.6259423828124999
1 0.626753628125 0.5762154578125 0.5812588640625 0.58202170625 0.5863767828124999 0.6221230859375 0.6318715484374999 0.6163168359375 0.626753628125 0.5762154578125
1 0.60565321875 0.44501321718750003 0.574065503125 0.44904458593749996 0.581832634375 0.5099038124999999 0.61342035 0.50587244375 0.60565321875 0.44501321718750003
1 0.55184953125 0.36019873750000003 0.5213353421875 0.3640930953125 0.52946903125 0.4278244765625 0.55998321875 0.42393011875 0.55184953125 0.36019873750000003
1 0.50369795625 0.40489834843750006 0.4753308234375 0.4085186921875 0.48318959375 0.47009595624999995 0.5115567265625 0.46647561406250004 0.50369795625 0.40489834843750006
1 0.5597881546875 0.6242007140625 0.5516553765625 0.62523865625 0.5478864890625 0.634564921875 0.550663440625 0.656323671875 0.55312308125 0.6626437109375 0.5574869734375001 0.670932034375 0.5689124796875 0.682741753125 0.5759740921875001 0.68626315 0.58220261875 0.6832569203125 0.5862492015625 0.6761065312500001 0.58347225 0.6543477796875 0.572562521875 0.63362696875 0.56494551875 0.625753825 0.5597881546875 0.6242007140625
1 0.6117190984375 0.5777693687500001 0.6049351796875 0.5764238453125 0.590573871875 0.5804680171875 0.5835518734375 0.590209459375 0.5852180437500001 0.603264709375 0.5873999890625 0.6074088718749999 0.6001743546875 0.616835128125 0.6053317171875 0.6183882374999999 0.6215972765625 0.616312353125 0.62619925 0.6135137140625 0.63024583125 0.606363321875 0.6313169953125 0.6018039843749999 0.6304839125 0.5952763562500001 0.6187807109375 0.5812907640625 0.6117190984375 0.5777693687500001
1 0.5833938062499999 0.44649410625 0.5806960875 0.45126103281249996 0.5780379796874999 0.4692907984375 0.5794264546875 0.4801701734375 0.5849011265625 0.49716199687499996 0.5870830734375 0.5013061609375 0.59442238125 0.50700343125 0.6009286031250001 0.506173078125 0.6076729078125 0.494255759375 0.6100929359375 0.4873129578125 0.606205203125 0.45685070625 0.5983105046875 0.446801684375 0.5931531421875 0.44524857500000004 0.5833938062499999 0.44649410625
1 0.49948753281249997 0.41076497500000003 0.49242591874999997 0.407243578125 0.48754625156250003 0.40786634375 0.483221975 0.412840859375 0.4789373125 0.4310782125 0.4800480921875 0.43978171250000003 0.4860781546875 0.4611252875 0.49016435156249993 0.46723773749999997 0.5015502421875 0.46578461718749997 0.5069456859375 0.4562507625 0.50801685 0.4516914234375 0.5085326265625 0.442780334375 0.5065887625000001 0.42754920781249994 0.503851425 0.41905329687500004 0.49948753281249997 0.41076497500000003
1 0.5272978328125 0.369623328125 0.5259885875 0.38526963125 0.527932453125 0.40050075781250005 0.5350336812500001 0.4172849921875 0.5426506843750001 0.4251581375 0.5507834625 0.42412019531249995 0.5575277671875 0.412202878125 0.5580435421875001 0.40329178906249996 0.55391773125 0.383916503125 0.5473718937500001 0.37148401875000003 0.538128334375 0.36381846093750003 0.5299955546875 0.364856403125 0.5272978328125 0.369623328125