1 0.43958593749999997 0.33239583281249996 0.4157578125 0.33239583281249996 0.4157578125 0.3923125 0.43958593749999997 0.3923125 0.43958593749999997 0.33239583281249996
1 0.42005468749999997 0.4761979171875 0.3919140625 0.4761979171875 0.3919140625 0.5335104171875 0.42005468749999997 0.5335104171875 0.42005468749999997 0.4761979171875
1 0.49389843750000006 0.4600416671875 0.45560156249999995 0.4600416671875 0.45560156249999995 0.5095416671875 0.49389843750000006 0.5095416671875 0.49389843750000006 0.4600416671875
2 0.6977109375 0.37071875 0.6721640625 0.37071875 0.6721640625 0.40478125 0.6977109375 0.40478125 0.6977109375 0.37071875
2 0.6041484374999999 0.3947604171875 0.5801015625 0.3947604171875 0.5801015625 0.4288229171875 0.6041484374999999 0.4288229171875 0.6041484374999999 0.3947604171875
2 0.6086640625 0.5956354171875 0.5857421875 0.5956354171875 0.5857421875 0.6291979171875 0.6086640625 0.6291979171875 0.6086640625 0.5956354171875
0 0.8224453125 0.3511770828125 0.7965234375 0.3511770828125 0.7965234375 0.3847395828125 0.8224453125 0.3847395828125 0.8224453125 0.3511770828125
0 0.8386015625000001 0.47942708281249996 0.8119296874999999 0.47942708281249996 0.8119296874999999 0.5144895828125 0.8386015625000001 0.5144895828125 0.8386015625000001 0.47942708281249996
0 0.8656484375 0.56809375 0.8397265624999999 0.56809375 0.8397265624999999 0.60165625 0.8656484375 0.60165625 0.8656484375 0.56809375
1 0.4203125 0.3916666671875 0.425 0.39375 0.434375 0.39375 0.4390625 0.3875 0.4421875 0.3770833328125 0.440625 0.35625 0.4359375 0.3395833328125 0.4328125 0.33541666718749996 0.4265625 0.33541666718749996 0.41875 0.34375 0.415625 0.35208333281250004 0.4140625 0.3625 0.4140625 0.3791666671875 0.415625 0.3854166671875 0.4203125 0.3916666671875
1 0.4015625 0.5333333328125 0.4078125 0.5354166671875 0.4140625 0.5333333328125 0.4203125 0.5208333328125 0.4203125 0.49375 0.4171875 0.48333333281249996 0.4125 0.4770833328125 0.409375 0.475 0.4046875 0.475 0.4015625 0.4770833328125 0.39375 0.4895833328125 0.3921875 0.5020833328125 0.3921875 0.51875 0.3953125 0.5270833328125 0.4015625 0.5333333328125
1 0.4671875 0.5083333328124999 0.478125 0.5020833328125 0.4859375 0.49375 0.4921875 0.4770833328125 0.4921875 0.46666666718750005 0.4859375 0.4604166671875 0.4765625 0.4625 0.4625 0.475 0.4578125 0.48333333281249996 0.4546875 0.4916666671875 0.4546875 0.5 0.4578125 0.50625 0.4671875 0.5083333328124999