1 0.37195191875 0.7674494890625 0.4104962515625 0.77787769375 0.4183987734375 0.7443668390625 0.379854440625 0.7339386343750001 0.37195191875 0.7674494890625
1 0.40806216093750003 0.783634665625 0.44762602500000004 0.794338703125 0.45884694374999996 0.7467561015624999 0.419283078125 0.7360520640625 0.40806216093750003 0.783634665625
1 0.39478278906250003 0.675233753125 0.42471437500000003 0.6833317703125 0.43672222656250004 0.632412153125 0.406790640625 0.6243141359375 0.39478278906250003 0.675233753125
1 0.3582478015625 0.65395094375 0.38513601406250003 0.6612255734375 0.3973050453125 0.6096224734375 0.370416834375 0.60234784375 0.3582478015625 0.65395094375
1 0.42974356562500005 0.63907809375 0.46676621249999994 0.6490946046875 0.477351896875 0.6042057359374999 0.44032925 0.594189225 0.42974356562500005 0.63907809375
1 0.37405356875 0.575531190625 0.40955452968749995 0.5851360062500001 0.42108832500000004 0.536226640625 0.385587365625 0.526621825 0.37405356875 0.575531190625
1 0.37516258593749996 0.6257439609375 0.407620171875 0.634525390625 0.419315146875 0.5849325390625 0.3868575609375 0.576151109375 0.37516258593749996 0.6257439609375
1 0.42850670781250005 0.5917070265625 0.4665488875 0.6019993718750001 0.47697812968750003 0.5577738875 0.438935953125 0.5474815421875 0.42850670781250005 0.5917070265625
1 0.4191039859375 0.5606354437500001 0.4566440078125 0.5707919312499999 0.46659919531250005 0.52857669375 0.4290591734375 0.518420209375 0.4191039859375 0.5606354437500001
1 0.543582284375 0.43321951875 0.5283654125 0.4291025828125 0.5111527984374999 0.4265842 0.5051655671875 0.43137986718750004 0.5002259671875 0.4385974765625 0.498329740625 0.44663847343749996 0.49842925937500004 0.453080915625 0.5041414671875 0.46318038125000005 0.5132715890624999 0.4656505453125 0.5198323953124999 0.4652870703125 0.534376175 0.458529375 0.5427336890625 0.44368246093749997 0.5446299156250001 0.43564146406250004 0.543582284375 0.43321951875
1 0.497137796875 0.4562921203125 0.5367016625 0.466996159375 0.5441301281250001 0.43549555156249997 0.5045662625 0.42479151406250004 0.497137796875 0.4562921203125
2 0.5977285203125 0.8099820109375001 0.6210559828125 0.816293278125 0.6286408890625 0.7841292875 0.6053134250000001 0.7778180203125 0.5977285203125 0.8099820109375001
2 0.6170788734375 0.7553497984375 0.6414258671875 0.7619368984375 0.648693153125 0.731119775 0.6243461609375001 0.7245326750000001 0.6170788734375 0.7553497984375
2 0.6349798484375 0.7252604296875 0.6598289984375 0.7319833906250001 0.666939846875 0.70182965 0.642090696875 0.6951066906250001 0.6349798484375 0.7252604296875
2 0.5732014375000001 0.6942930875 0.59602674375 0.7004684921875 0.602981153125 0.6709781359375 0.5801558484375 0.664802728125 0.5732014375000001 0.6942930875
2 0.59992869375 0.690820946875 0.6207301546874999 0.6964488015625 0.6273669484375 0.6683053109375 0.606565484375 0.66267745625 0.59992869375 0.690820946875
2 0.5683356765625 0.662310478125 0.5921805140624999 0.66876171875 0.5994478015625 0.6379445968749999 0.5756029640625 0.6314933546875 0.5683356765625 0.662310478125
2 0.6478856609375 0.6132834921875 0.6717304984375 0.6197347343749999 0.6791589640625 0.5882341249999999 0.6553141265625 0.581782884375 0.6478856609375 0.6132834921875
2 0.667497603125 0.5850684421875 0.688801221875 0.5908321546875 0.6954380140625 0.5626886640625 0.6741343953125 0.55692495 0.667497603125 0.5850684421875
2 0.613553284375 0.591858815625 0.635876434375 0.5978983640625 0.642513225 0.5697548734375 0.6201900765625 0.563715325 0.613553284375 0.591858815625
2 0.6133609671875 0.558317784375 0.6331428984375 0.563669803125 0.640253746875 0.5335160625 0.620471815625 0.5281640453125 0.6133609671875 0.558317784375
0 0.7717933718750001 0.7651303546875 0.794618678125 0.7713057625 0.8025212015625 0.7377949046875 0.77969589375 0.7316194968749999 0.7717933718750001 0.7651303546875
0 0.831277590625 0.6913959265625 0.8581658015625001 0.69867055625 0.86480259375 0.6705270671875 0.8379143812500001 0.6632524375 0.831277590625 0.6913959265625
0 0.8188039953124999 0.5704140625 0.8451748328124999 0.5775487171875 0.8526033 0.5460481078125 0.8262324624999999 0.5389134531249999 0.8188039953124999 0.5704140625
0 0.7634299 0.5832331265625 0.7837139890625 0.5887210046875 0.7914553328125 0.5558936328125 0.77117124375 0.5504057546875 0.7634299 0.5832331265625
0 0.77888465625 0.547488521875 0.8037338078125 0.5542114828125 0.8100529812499999 0.5274148578125 0.78520383125 0.5206918968750001 0.77888465625 0.547488521875
1 0.41609539218749997 0.7473042671875 0.4140001296875 0.74246038125 0.398783259375 0.73834344375 0.3867092796875 0.741492334375 0.3742607609375 0.7530939171875 0.3718904796875 0.763145165625 0.37550742656249997 0.7684007453125 0.3806460625 0.7740680171875 0.391297871875 0.7769498734375 0.3993803640625 0.7769980953125 0.411354825 0.7674067609375 0.41382462656249996 0.7637979546875 0.416668965625 0.751736459375 0.41609539218749997 0.7473042671875
1 0.4560337953125 0.7495556140625 0.453464478125 0.746721978125 0.44129098125 0.743428428125 0.4287429453125 0.74858756875 0.4162944265625 0.7601891515625 0.41240245781249996 0.769828703125 0.4129760296875 0.774260896875 0.41611892343749995 0.781526725 0.4232533015625 0.78559544375 0.4428361984375 0.7780625796875 0.4508191734375 0.7716683578125 0.45328897343749996 0.7680595515624999 0.4561333125 0.7559980562499999 0.4560337953125 0.7495556140625
1 0.3940480875 0.62799854375 0.3850934703125 0.6041908078125 0.3825241515625 0.6013571703125 0.377959090625 0.6001220890625001 0.36950205937499997 0.6085265609375 0.36476149375 0.628629053125 0.3643869546875 0.6370817468750001 0.3644864734375 0.6435241875 0.36867699374999996 0.653211959375 0.37276799843749997 0.6564572890625 0.380850490625 0.656505509375 0.3877858359375 0.64768934375 0.3912037484375 0.640060040625 0.3940480875 0.62799854375
1 0.43086713125 0.6572065203124999 0.434185528125 0.6431347765625001 0.4274256875 0.630613365625 0.4188691390625 0.632575396875 0.4024291328125 0.647374090625 0.39948527500000003 0.6529931453125 0.3966409359375 0.665054640625 0.3972145109375 0.66948683125 0.398262140625 0.6719087765625 0.40387483281250003 0.6755658 0.40996158125 0.677212575 0.4134790125 0.6760257140625 0.42146198593750006 0.6696314921875001 0.42839733124999996 0.6608153265625 0.43086713125 0.6572065203124999
1 0.402856128125 0.576918925 0.3952476921875 0.5748604562499999 0.38422134375 0.5804312890625 0.380902946875 0.594503034375 0.381476521875 0.598935228125 0.390431140625 0.6227429640625 0.39300045781250004 0.6255766015625001 0.4051739546875 0.6288701515625 0.41363098593750003 0.6204656796875 0.41542769375 0.6059822406250001 0.41380648906250006 0.59912810625 0.402856128125 0.576918925
1 0.469435821875 0.6034861421875 0.4633490734375 0.6018393671875 0.4532708375 0.6033897031250001 0.44576192031249995 0.607773675 0.43578320000000004 0.615766453125 0.43331340156250003 0.6193752578125 0.43046906093750004 0.6314367546875 0.432090265625 0.638290890625 0.43465958281250006 0.6411245265625001 0.4407463328125 0.6427712999999999 0.4578594296875 0.6388472421875 0.4683122046875 0.628844215625 0.4712560625 0.6232251609375 0.4741004015625 0.6111636640625 0.469435821875 0.6034861421875
1 0.414333003125 0.5351153828124999 0.4067245671875 0.5330569125 0.3976939625 0.53702919375 0.39170673125 0.5418248593749999 0.38524544375 0.5486307734375 0.3798317859375 0.5578586343749999 0.37746150312500004 0.5679098796875001 0.37803507812500003 0.5723420734375 0.3801303390625 0.5771859593750001 0.38422134375 0.5804312890625 0.400760865625 0.5720750375 0.408743840625 0.565680815625 0.4146315546875 0.5544427078124999 0.41700183749999997 0.544391459375 0.414333003125 0.5351153828124999
1 0.46921325625000004 0.5563788 0.4631265078125 0.5547320250000001 0.444591240625 0.56468683125 0.440599753125 0.56788394375 0.4331903515625 0.5787103578125 0.43281581406249997 0.5871630484375 0.438528021875 0.597262515625 0.4461364578125 0.5993209828125 0.45164963281250003 0.5965355671875 0.4700853828125 0.5801383171875 0.47340377812499995 0.566066571875 0.47283020468750003 0.5616343796875001 0.46921325625000004 0.5563788
1 0.4581633765625 0.5277271765625 0.45255068437499996 0.52407015 0.44446819218750006 0.5240219328125 0.42488529531249997 0.531554796875 0.41957115624999997 0.547225096875 0.421666415625 0.5520689828124999 0.42575742187500004 0.5553143140625 0.43336585625 0.55737278125 0.4464874671875 0.5566458359374999 0.461979359375 0.5458676390625 0.46292747343749996 0.5418471406250001 0.46073269375 0.5305608125 0.4581633765625 0.5277271765625