0 0.8830546874999999 0.38740625 0.8574453125 0.38740625 0.8574453125 0.4215520828125 0.8830546874999999 0.4215520828125 0.8830546874999999 0.38740625
0 0.8403828125 0.40148958281249997 0.8139609374999999 0.40148958281249997 0.8139609374999999 0.43617708281249995 0.8403828125 0.43617708281249995 0.8403828125 0.40148958281249997
0 0.8993125 0.49037499999999995 0.8765625 0.49037499999999995 0.8765625 0.522875 0.8993125 0.522875 0.8993125 0.49037499999999995
0 0.9005390625 0.6198645828125 0.8749296875000001 0.6198645828125 0.8749296875000001 0.65346875 0.9005390625 0.65346875 0.9005390625 0.6198645828125
0 0.8639531249999999 0.4611041671875 0.840796875 0.4611041671875 0.840796875 0.4925208328125 0.8639531249999999 0.4925208328125 0.8639531249999999 0.4611041671875
2 0.6647890624999999 0.40760416718750003 0.6391796875 0.40760416718750003 0.6391796875 0.4420208328125 0.6647890624999999 0.4420208328125 0.6647890624999999 0.40760416718750003
2 0.6884375 0.41253124999999996 0.66478125 0.41253124999999996 0.66478125 0.4446354171875 0.6884375 0.4446354171875 0.6884375 0.41253124999999996
2 0.6389609375 0.47038541718750004 0.6146640624999999 0.47038541718750004 0.6146640624999999 0.5021979171875001 0.6389609375 0.5021979171875001 0.6389609375 0.47038541718750004
2 0.6736796875 0.47096875000000005 0.6496015625 0.47096875000000005 0.6496015625 0.5039479171875 0.6736796875 0.5039479171875 0.6736796875 0.47096875000000005
2 0.65459375 0.4918020828125 0.63203125 0.4918020828125 0.63203125 0.5244895828125 0.65459375 0.5244895828125 0.65459375 0.4918020828125
1 0.4315703125 0.3651979171875 0.3913359375 0.3651979171875 0.3913359375 0.41126041718749995 0.4315703125 0.41126041718749995 0.4315703125 0.3651979171875
1 0.46936718749999995 0.4453854171875 0.42710156250000003 0.4453854171875 0.42710156250000003 0.4822395828125 0.46936718749999995 0.4822395828125 0.46936718749999995 0.4453854171875
1 0.5046875 0.6354166671875 0.521875 0.6333333328124999 0.5234375 0.6270833328125 0.5234375 0.60625 0.521875 0.6041666671875 0.5171875 0.6020833328124999 0.5015625 0.6041666671875 0.4953125 0.6083333328125 0.4921875 0.6125 0.490625 0.6208333328125 0.4921875 0.625 0.5 0.6333333328124999 0.5046875 0.6354166671875
1 0.5242265625 0.6003437500000001 0.4941484375 0.6003437500000001 0.4941484375 0.63503125 0.5242265625 0.63503125 0.5242265625 0.6003437500000001
1 0.40921874999999996 0.46596875000000004 0.38525 0.46596875000000004 0.38525 0.5212395828124999 0.40921874999999996 0.5212395828124999 0.40921874999999996 0.46596875000000004
1 0.41207031250000004 0.5385729171875 0.3840234375 0.5385729171875 0.3840234375 0.5933020828125 0.41207031250000004 0.5933020828125 0.41207031250000004 0.5385729171875
1 0.403125 0.40416666718750005 0.409375 0.40625 0.425 0.40625 0.43125 0.40208333281249997 0.4328125 0.3958333328125 0.4328125 0.3875 0.43125 0.38333333281250004 0.4203125 0.3708333328125 0.4125 0.36666666718749996 0.3984375 0.36666666718749996 0.3921875 0.3729166671875 0.390625 0.3770833328125 0.390625 0.38333333281250004 0.3953125 0.3958333328125 0.403125 0.40416666718750005
1 0.4359375 0.48333333281249996 0.45625 0.48333333281249996 0.465625 0.475 0.46875 0.46666666718750005 0.46875 0.45625 0.465625 0.45 0.459375 0.4479166671875 0.45 0.4479166671875 0.434375 0.45625 0.4296875 0.4625 0.428125 0.46666666718750005 0.428125 0.475 0.4328125 0.48125 0.4359375 0.48333333281249996
1 0.3953125 0.525 0.403125 0.5229166671875001 0.4109375 0.5104166671875 0.4125 0.5041666671875 0.4125 0.48125 0.4078125 0.46875 0.4046875 0.46666666718750005 0.396875 0.46666666718750005 0.3921875 0.46875 0.3890625 0.47291666718750003 0.3859375 0.48125 0.384375 0.4875 0.384375 0.5125 0.3875 0.5208333328125 0.3953125 0.525
1 0.3875 0.5916666671875 0.396875 0.59375 0.4046875 0.5854166671875001 0.4109375 0.5729166671875 0.4140625 0.55625 0.4125 0.5479166671875 0.403125 0.5395833328124999 0.39375 0.54375 0.3875 0.5541666671875001 0.3828125 0.5666666671875 0.3828125 0.5854166671875001 0.384375 0.5895833328125 0.3875 0.5916666671875