0 0.7987258921875 0.27215354999999997 0.823369678125 0.2652278140625 0.8130465390625 0.2284950765625 0.7884027515625001 0.2354208125 0.7987258921875 0.27215354999999997
0 0.8097486187499999 0.30517133125 0.8352004000000001 0.2980185203125 0.8256419359375 0.264006725 0.80019015625 0.271159534375 0.8097486187499999 0.30517133125
0 0.9080642828125001 0.4703982796875 0.9343402140625001 0.4630138578125 0.9253886390625 0.43116154062499995 0.8991127078125001 0.4385459640625 0.9080642828125001 0.4703982796875
2 0.6575977109375 0.3643809171875 0.6811911078125 0.35775037656249997 0.6714020265625 0.3229179796875 0.64780863125 0.329548521875 0.6575977109375 0.3643809171875
2 0.614092709375 0.3907739046875 0.64112815625 0.38317602968750003 0.6318974109375 0.350330353125 0.6048619656249999 0.3579282265625 0.614092709375 0.3907739046875
2 0.6292074359375001 0.5559546281250001 0.6567438390625 0.5482159703125 0.6471428921875 0.5140530109375 0.6196064906250001 0.5217916687499999 0.6292074359375001 0.5559546281250001
1 0.4980409328125 0.4689289 0.4976315859375 0.45506373125 0.49358805468750006 0.4468799625 0.48914230937500003 0.44346929843750005 0.4814645921875 0.44096692656250003 0.46692071718749995 0.44505424531250004 0.461063659375 0.44903031093749995 0.4584385734375 0.45209808437500004 0.4544021765625 0.46255258593750004 0.4529908640625 0.46993931718750004 0.45925726874999995 0.4798284203125 0.46531900000000004 0.48278493750000007 0.49440675 0.47461029843749997 0.4980409328125 0.4689289
1 0.45885527187499997 0.4851606734375 0.5052663890625 0.47211758125000003 0.4956290296875 0.437825053125 0.4492179125 0.45086814375 0.45885527187499997 0.4851606734375
1 0.4389575265625 0.46988715000000003 0.4646193828125 0.4626753 0.44964749218750005 0.4094009515625 0.423985634375 0.41661279999999995 0.4389575265625 0.46988715000000003
1 0.425428515625 0.5339206562500001 0.45655240625 0.5251737921874999 0.43943213593749997 0.46425488593750003 0.4083082453125 0.47300175 0.425428515625 0.5339206562500001
1 0.45600389531249996 0.4248218953125 0.45196036250000005 0.41663812499999997 0.44468485781249995 0.40936264843750003 0.4382209140625 0.41117923437500004 0.43559582812500003 0.4142470078125 0.43055033125 0.42731513750000005 0.4307550046875 0.43424772031250003 0.43156656406250005 0.44333978281249997 0.438242315625 0.46709405156250006 0.44652692031249996 0.47175590468750006 0.45460685156249997 0.4694851703125 0.4614658734375 0.44425720625 0.45600389531249996 0.4248218953125
1 0.430790675 0.527439084375 0.4362455203125 0.528236121875 0.4459414375 0.5255112421875 0.448566521875 0.5224434703124999 0.449773159375 0.5081241546874999 0.4471409421875 0.49255365468749995 0.43622411562499996 0.47232130312500004 0.4295555015625 0.46720530781249997 0.42147557031250005 0.46947604062500004 0.41683228437500003 0.47777106406250003 0.4162325328125 0.49424985781249997 0.41704409218749994 0.5033419218749999 0.4206854125 0.5162987953125 0.42634493124999995 0.5240284187500001 0.430790675 0.527439084375