1 0.3907323109375 0.371524140625 0.3819073953125 0.41698976875 0.4242700609375 0.424910440625 0.4330949765625 0.3794448125 0.3907323109375 0.371524140625
1 0.4530471359375 0.422056346875 0.44510630156250003 0.4629672171875 0.493031521875 0.471927934375 0.5009723546875 0.43101706406250007 0.4530471359375 0.422056346875
1 0.49746695937499996 0.38717655 0.49246776406250004 0.41293221406249997 0.5509727437499999 0.42387105937499997 0.5559719390625 0.398115396875 0.49746695937499996 0.38717655
1 0.49813041875 0.4159604953125 0.4922471421875 0.44627091406249997 0.545713103125 0.45626760156249996 0.5515963796875 0.4259571828125 0.49813041875 0.4159604953125
1 0.61669510625 0.526842125 0.6103729671875 0.5594135359375 0.6451661984375 0.565918928125 0.6514883359375 0.5333475171875001 0.61669510625 0.526842125
2 0.597348865625 0.57096026875 0.593033403125 0.5931933703125 0.6275648656249999 0.59964981875 0.6318803296875 0.5774167171875 0.597348865625 0.57096026875
2 0.410244584375 0.6204454328125 0.4054075765625 0.6453655109375 0.438586575 0.6515690843749999 0.44342358437499996 0.62664900625 0.410244584375 0.6204454328125
2 0.38388827812500004 0.6437869046875 0.3792484390625 0.6676911734375001 0.413321809375 0.6740619703124999 0.4179616484375 0.6501577015625 0.38388827812500004 0.6437869046875
2 0.3830216546875 0.6697974 0.3783150328125 0.6940457343750001 0.409247196875 0.699829209375 0.41395381875000004 0.675580875 0.3830216546875 0.6697974
2 0.4383684484375 0.6958424765625 0.4333342703125 0.7217783640625 0.46876010468749996 0.728402034375 0.4737942828125 0.702466146875 0.4383684484375 0.6958424765625
0 0.2264483765625 0.80056283125 0.22102940000000001 0.828481184375 0.2587893265625 0.8355412671875 0.26420830156249997 0.8076229140625 0.2264483765625 0.80056283125
0 0.30244129062499997 0.799609546875 0.2971940421875 0.8266431624999999 0.3320090859375 0.8331526328125 0.3372563328125 0.8061190171874999 0.30244129062499997 0.799609546875
0 0.312735334375 0.86629916875 0.3072304953125 0.8946598890624999 0.34322349218750003 0.901389603125 0.34872833281250004 0.8730288828124999 0.312735334375 0.86629916875
0 0.5397337578125 0.7962244625 0.5352592875 0.8192767640625 0.5712522843750001 0.8260064796875 0.5757267546875 0.8029541796874999 0.5397337578125 0.7962244625
0 0.5571011671874999 0.9335602843749999 0.5521973765625 0.9588244250000001 0.58642344375 0.965223771875 0.591327234375 0.93995963125 0.5571011671874999 0.9335602843749999
1 0.4191939734375 0.4234604796875 0.4248288203125 0.4177226 0.42987234843750005 0.40338485312500005 0.4255542734375 0.3906924609375 0.4202821515625 0.3829152703125 0.410329228125 0.3759607609375 0.401603653125 0.37432931406250003 0.394423440625 0.3763825328125 0.3884705796875 0.3837588140625 0.385926459375 0.39686602187500003 0.3902445359375 0.40955841406250004 0.39956142968749997 0.41978972499999995 0.40360620156250004 0.42224385 0.4123317765625 0.4238752953125 0.4191939734375 0.4234604796875
1 0.48763708906250003 0.46681898750000006 0.49295392343750005 0.46271950781250004 0.49518002812499995 0.45125070312500004 0.49208930000000006 0.44388137499999997 0.4868171796875 0.4361041859375 0.47718226875 0.4275112765625 0.46659331562500006 0.423833565625 0.45973112031249996 0.42424838437499995 0.45473230156250005 0.42670946093750006 0.4515968640625 0.431216803125 0.4527795 0.4484165375 0.4620963953125 0.4586478484375 0.47204931875 0.46560235937499994 0.48295628749999997 0.467641665625 0.48763708906250003 0.46681898750000006
1 0.5539384890625 0.41639469062499995 0.5552105484375 0.4098410875 0.5521198203125001 0.402471759375 0.5483930640625 0.3983792359375 0.544348290625 0.3959251109375 0.52939655 0.39143167968750003 0.513808778125 0.39021505 0.496948946875 0.39555202500000003 0.4928594640625 0.40497456875 0.495950190625 0.41234389531250004 0.5040397359375001 0.41725214375 0.5305344765625 0.42050808125000005 0.5486216546875 0.42049417031249997 0.5539384890625 0.41639469062499995
1 0.533217765625 0.45326914531250007 0.5472601734375 0.4508011109375 0.55134965625 0.4413785671875 0.5501223078125 0.43605550312499997 0.546713565625 0.4303245765625 0.5408054156250001 0.4258241890625 0.5367606421875 0.423370065625 0.5105839171875 0.41847572812499995 0.5037217218750001 0.41889054375 0.498722903125 0.4213516234375 0.4955874640625 0.4258589640625 0.49399738906249996 0.43405096875 0.5014509046875 0.44223601874999996 0.50954045 0.4471442671875 0.520129403125 0.45082197500000004 0.533217765625 0.45326914531250007
1 0.65010873125 0.549830478125 0.6491993984375 0.5428690125 0.6423819125 0.5314071609375 0.6383371390625 0.5289530375 0.6296115640625 0.5273215921875 0.6196139296875 0.5322437484375 0.6133430515625 0.54125843125 0.611116946875 0.5527272390625 0.6145256890625 0.5584581640625 0.636339628125 0.5625367796875 0.6432018234375 0.5621219625 0.648200640625 0.5596608843750001 0.65010873125 0.549830478125