0 0.83853125 0.3975104171875 0.8133125 0.3975104171875 0.8133125 0.43640625 0.83853125 0.43640625 0.83853125 0.3975104171875
0 0.8141562499999999 0.4209479171875 0.78975 0.4209479171875 0.78975 0.4556354171875 0.8141562499999999 0.4556354171875 0.8141562499999999 0.4209479171875
0 0.8436953125000001 0.49117708281250005 0.8163984375 0.49117708281250005 0.8163984375 0.52628125 0.8436953125000001 0.52628125 0.8436953125000001 0.49117708281250005
0 0.7733749999999999 0.5789583328125001 0.7550625 0.5789583328125001 0.7550625 0.6132083328125 0.7733749999999999 0.6132083328125 0.7733749999999999 0.5789583328125001
0 0.9018359374999999 0.6192083328125 0.8748515625 0.6192083328125 0.8748515625 0.6564583328125 0.9018359374999999 0.6564583328125 0.9018359374999999 0.6192083328125
2 0.679265625 0.3221666671875 0.655390625 0.3221666671875 0.655390625 0.356375 0.679265625 0.356375 0.679265625 0.3221666671875
2 0.6382890625 0.3549583328125 0.6140546875 0.3549583328125 0.6140546875 0.3867916671875 0.6382890625 0.3867916671875 0.6382890625 0.3549583328125
2 0.6874687500000001 0.41150000000000003 0.66465625 0.41150000000000003 0.66465625 0.44333333281250004 0.6874687500000001 0.44333333281250004 0.6874687500000001 0.41150000000000003
2 0.7020859374999999 0.46901041718750003 0.6785703125 0.46901041718750003 0.6785703125 0.5013229171875 0.7020859374999999 0.5013229171875 0.7020859374999999 0.46901041718750003
2 0.5937421875 0.57259375 0.5705703125 0.57259375 0.5705703125 0.60490625 0.5937421875 0.60490625 0.5937421875 0.57259375
1 0.4326171875 0.3650729171875 0.3876953125 0.3650729171875 0.3876953125 0.4071354171875 0.4326171875 0.4071354171875 0.4326171875 0.3650729171875
1 0.47808593750000006 0.407125 0.4379765625 0.407125 0.4379765625 0.44420833281250005 0.47808593750000006 0.44420833281250005 0.47808593750000006 0.407125
1 0.42122656249999996 0.4735208328125 0.39342968749999996 0.4735208328125 0.39342968749999996 0.5323958328125 0.42122656249999996 0.5323958328125 0.42122656249999996 0.4735208328125
1 0.49008593749999996 0.5747916671875 0.4656953125 0.5747916671875 0.4656953125 0.6349166671875001 0.49008593749999996 0.6349166671875001 0.49008593749999996 0.5747916671875
1 0.5231328125 0.6036145828125 0.49008593749999996 0.6036145828125 0.49008593749999996 0.6336770828125 0.5231328125 0.6336770828125 0.5231328125 0.6036145828125
1 0.403125 0.40416666718750005 0.409375 0.40625 0.4234375 0.40416666718750005 0.4265625 0.40208333281249997 0.43125 0.39375 0.43125 0.38333333281250004 0.421875 0.3708333328125 0.41875 0.36875 0.4125 0.36666666718749996 0.3984375 0.36666666718749996 0.39375 0.36875 0.3890625 0.375 0.3875 0.38333333281250004 0.39375 0.3958333328125 0.396875 0.4 0.403125 0.40416666718750005
1 0.4484375 0.4458333328125 0.459375 0.4458333328125 0.4703125 0.44166666718750003 0.478125 0.4270833328125 0.478125 0.4145833328125 0.475 0.41041666718750003 0.4546875 0.41041666718750003 0.440625 0.42083333281249996 0.4390625 0.425 0.4390625 0.43541666718750005 0.4421875 0.44166666718750003 0.4484375 0.4458333328125
1 0.4046875 0.53125 0.4140625 0.53125 0.4171875 0.5270833328125 0.4203125 0.51875 0.421875 0.5083333328124999 0.41875 0.48333333281249996 0.415625 0.4770833328125 0.4109375 0.47291666718750003 0.4046875 0.47291666718750003 0.3984375 0.4791666671875 0.39375 0.4895833328125 0.3921875 0.50625 0.39375 0.5208333328125 0.4 0.5291666671875 0.4046875 0.53125
1 0.4734375 0.6354166671875 0.475 0.6354166671875 0.48125 0.6333333328124999 0.4890625 0.6208333328125 0.490625 0.6145833328125 0.490625 0.5875 0.4875 0.5770833328125 0.48125 0.5729166671875 0.475 0.575 0.46875 0.5833333328125 0.465625 0.5958333328125 0.465625 0.6229166671875 0.4671875 0.6270833328125 0.4734375 0.6354166671875
1 0.515625 0.6354166671875 0.5203125 0.6333333328124999 0.521875 0.6270833328125 0.521875 0.60625 0.5203125 0.6041666671875 0.5171875 0.6020833328124999 0.50625 0.6020833328124999 0.496875 0.60625 0.4921875 0.6104166671875 0.4890625 0.6208333328125 0.49375 0.6291666671875 0.50625 0.6354166671875 0.515625 0.6354166671875