0 0.818559475 0.28955764375 0.845515015625 0.2859689609375 0.8406291515625 0.251168040625 0.8136736109375 0.2547567234375 0.818559475 0.28955764375
0 0.8876676171875 0.319289115625 0.9133418203125 0.315871021875 0.907976253125 0.2776532828125 0.8823020500000001 0.28107137656250003 0.8876676171875 0.319289115625
0 0.779917184375 0.5079907 0.8004502171875 0.5052570671875001 0.7957242546875001 0.4715950828125 0.7751912203125 0.4743287171875 0.779917184375 0.5079907
0 0.796856484375 0.5417562765625 0.8203951234375 0.538622496875 0.815429309375 0.5032521062499999 0.7918906703124999 0.5063858859375 0.796856484375 0.5417562765625
0 0.8393340984375 0.5244773265625 0.8641540750000001 0.5211729578125001 0.8596679625 0.48921938593750003 0.8348479859375001 0.4925237546875 0.8393340984375 0.5244773265625
2 0.6368053406249999 0.25342336875 0.6626219125 0.24998632031249998 0.6576235265625 0.2143839234375 0.631806953125 0.217820971875 0.6368053406249999 0.25342336875
2 0.6500881875 0.2911027109375 0.67381665625 0.2879436578125 0.669191371875 0.25499878593749997 0.6454629015625 0.2581578375 0.6500881875 0.2911027109375
2 0.6605678390625 0.3303369640625 0.6859256625000001 0.326960990625 0.68172678125 0.2970532890625 0.6563689562499999 0.3004292625 0.6605678390625 0.3303369640625
2 0.604315415625 0.34488409375 0.6280438828125 0.341725040625 0.6233564140625 0.30833724687499997 0.599627946875 0.3114963 0.604315415625 0.34488409375
2 0.6134472453125001 0.374575509375 0.6381564890625 0.37128588281249997 0.6337147953125 0.3396486828125 0.60900555 0.3429383078125 0.6134472453125001 0.374575509375
2 0.5794557 0.41797928281249996 0.6061106781250001 0.4144306140625 0.601180396875 0.3793133203125 0.57452541875 0.3828619890625 0.5794557 0.41797928281249996
2 0.6323946234375 0.478944303125 0.653860978125 0.4760864140625 0.6494192828124999 0.4444492125 0.6279529296875 0.4473071015625 0.6323946234375 0.478944303125
2 0.67507098125 0.5068125640625001 0.699463846875 0.503565059375 0.694533565625 0.46844776406250005 0.6701406999999999 0.47169526875 0.67507098125 0.5068125640625001
2 0.6820763125 0.5425345125 0.7051562031249999 0.5394618078125 0.7004095125 0.5056521843749999 0.677329621875 0.5087248890625 0.6820763125 0.5425345125
2 0.649787553125 0.591007809375 0.6725510640625 0.5879772265625001 0.668047184375 0.5558971046875001 0.6452836750000001 0.5589276875 0.649787553125 0.591007809375
1 0.4010025328125 0.27261273125 0.443840328125 0.2669095890625 0.43717186406249997 0.21941160312500002 0.39433406875 0.22511474687500002 0.4010025328125 0.27261273125
1 0.45931130624999994 0.25830749218750004 0.5002191859375 0.252861284375 0.49526521562500003 0.2175752609375 0.45435733593750005 0.22302146562499997 0.45931130624999994 0.25830749218750004
1 0.4245994984375 0.370786971875 0.4534849546875 0.366941353125 0.445558009375 0.31047949375 0.4166725546875 0.31432511406249997 0.4245994984375 0.370786971875
1 0.4733864828125 0.3760659546875 0.503711465625 0.372028684375 0.49551209687500003 0.3136264109375 0.4651871140625 0.31766368125 0.4733864828125 0.3760659546875
1 0.384544796875 0.41731840781249996 0.4115003375 0.4137297234375 0.4033927640625 0.3559812875 0.3764372234375 0.35956996874999997 0.384544796875 0.41731840781249996
1 0.45262997499999996 0.4867090015625 0.4896938421875 0.48177456406249997 0.48275591562500003 0.43235725625 0.4456920484375 0.43729169375000004 0.45262997499999996 0.4867090015625
1 0.40076396875000003 0.543289025 0.42338510781250005 0.5402773953125 0.4150969046875 0.48124237656249996 0.39247576562500003 0.48425400781250005 0.40076396875000003 0.543289025
1 0.404904828125 0.604176078125 0.4313699796875 0.6006526812499999 0.42290114843750004 0.540331084375 0.39643599687500003 0.5438544796875 0.404904828125 0.604176078125
1 0.44328057187500003 0.6016989796875001 0.480344440625 0.5967645390625 0.47295642187500003 0.5441413296875 0.43589255312499997 0.5490757687500001 0.44328057187500003 0.6016989796875001
1 0.50927295 0.5927090734375 0.5130289718750001 0.5965061609375 0.5249905953125 0.6013593765625 0.5360638796874999 0.599885153125 0.5402173484375 0.5950350484375 0.5384406703125 0.58238016875 0.5359704328125 0.5762633328125 0.533796309375 0.572255640625 0.520650234375 0.5589658375 0.5153123140625 0.5553793546875 0.507402825 0.5564323718749999 0.501667459375 0.5614930796875 0.4990958890625 0.56613258125 0.4984023296875 0.572670625 0.5008725671875001 0.5787874609375 0.50927295 0.5927090734375
1 0.5048656515625 0.60722930625 0.540964559375 0.602423334375 0.5339377984375 0.55237328125 0.49783889062500003 0.5571792531249999 0.5048656515625 0.60722930625
1 0.4416263140625 0.260092584375 0.44301343125 0.247016496875 0.44054319375000006 0.240899659375 0.4273971171875 0.22760985625000002 0.414149709375 0.225076390625 0.40782211874999996 0.22591880625 0.40208675156250007 0.23097951249999998 0.39822939687500003 0.2379387625 0.3994138484375 0.2463753515625 0.410978028125 0.25987575625 0.4229396515625 0.264728971875 0.4387586296875 0.2626229375 0.4416263140625 0.260092584375
1 0.46100653437499994 0.2489181515625 0.4682224640625 0.254403178125 0.4732642703125 0.2558805140625 0.4890832484375 0.2537744796875 0.4964005125 0.24850316874999998 0.4989720828125 0.24386366874999998 0.49877730312499996 0.23099818437500003 0.49225493125 0.21897511406249998 0.4869170125 0.21538863125000002 0.47871140937499995 0.214332503125 0.469220021875 0.215596121875 0.4619027578125 0.2208674328125 0.4551777203125 0.2303570375 0.45418805000000007 0.23478593593750002 0.4550763875 0.241113375 0.46100653437499994 0.2489181515625
1 0.3788176328125 0.3866258296875 0.3802981984375 0.3971715640625 0.38306454843750004 0.4053975484375 0.38741279687499997 0.4134129296875 0.39116881718749996 0.417210015625 0.3980886359375 0.42058589375000005 0.4012524296875 0.42016468749999997 0.40797746718749994 0.4106750828125 0.40995681250000005 0.4018172890625 0.40946591874999994 0.3868426578125 0.40363710625 0.36828154375 0.4014629828125 0.3642738546875 0.3942470515625 0.358788828125 0.39078714375 0.3571008875 0.3860414484375 0.357732696875 0.3818879828125 0.362582803125 0.378918965625 0.37586949375 0.3788176328125 0.3866258296875
1 0.43141770937499996 0.37102872656249997 0.44249099531249997 0.3695545015625 0.4450625640625 0.364915 0.449418696875 0.3385522234375 0.4479381328125 0.3280064875 0.442997659375 0.3157728140625 0.43953775000000006 0.314084875 0.433210159375 0.3149272875 0.4303424765625 0.317457640625 0.4251993359375 0.32673664375 0.4232199921875 0.3355944359375 0.42054708906249993 0.350990275 0.4217315421875 0.3594268625 0.42607979062499995 0.3674422421875 0.43141770937499996 0.37102872656249997
1 0.47847720000000005 0.3733578109375 0.4819371078125 0.37504575 0.4866828015625 0.374413940625 0.48955048437500004 0.3718835859375 0.494693625 0.3626045859375 0.49637685468750004 0.35163764531249997 0.4967743015625 0.342990453125 0.49440539687499996 0.3261172796875 0.492231271875 0.322109590625 0.48531145625 0.3187337109375 0.47898386562499995 0.31957612343749997 0.47384072499999996 0.32885512499999997 0.4692898109375 0.34235241875 0.4683001390625 0.3467813171875 0.47096515625 0.3657636390625 0.47847720000000005 0.3733578109375
1 0.46609447187499997 0.48028626093750004 0.47647419687500003 0.4853500828125 0.4825056765625 0.48239852031249997 0.48606691875 0.473330121875 0.48488246718749994 0.4648935359375 0.4799419921875 0.45265986406250003 0.4667959171875 0.439370059375 0.46333600781250006 0.4376821203125 0.4538446203125 0.438945740625 0.44870148125 0.448224740625 0.45047815937499996 0.46087962187500003 0.45294839531250003 0.4669964578125 0.45700053125 0.4729026921875 0.46609447187499997 0.48028626093750004
1 0.42060110625 0.546502890625 0.422385671875 0.5247796124999999 0.4210064390625 0.5034775390624999 0.41794397656250004 0.49314241093750005 0.40825780937499995 0.481540546875 0.398766421875 0.48280416718749997 0.39391939531250003 0.49419231718749995 0.3919400515625 0.5030501093749999 0.39490118125 0.5241415765624999 0.39737141875000004 0.5302584140625 0.4054756890625 0.54207088125 0.419315321875 0.5488226390625 0.42060110625 0.546502890625
1 0.412184953125 0.6013375937500001 0.4200944421875 0.6002845765625 0.422962125 0.5977542234375 0.4255336953125 0.5931147234374999 0.42820659843750003 0.5777188843750001 0.42554158124999997 0.5587365640625 0.4233674578125 0.554728871875 0.4086394828125 0.541649675 0.4054756890625 0.54207088125 0.4016183328125 0.54903013125 0.3999351015625 0.5599970734374999 0.39953765625000004 0.5686442625 0.401610446875 0.583408290625 0.4087250453125 0.599649653125 0.412184953125 0.6013375937500001
1 0.4731854125 0.5996621 0.47605309374999993 0.5971317468749999 0.47832854999999996 0.5903831015625001 0.4756635328125 0.5714007796875 0.46508902812499997 0.553471478125 0.44937138125000003 0.5448211734374999 0.44235023125 0.55220163125 0.43977866250000003 0.5568411328125 0.442147565625 0.5737143062500001 0.4505479484375 0.5876359203125 0.46181601250000004 0.5990271796875 0.4684397171875 0.6002939109375001 0.4731854125 0.5996621