1 0.42139672343749995 0.379676778125 0.378453509375 0.38650233906250003 0.385731240625 0.42679836250000003 0.4286744546875 0.419972803125 0.42139672343749995 0.379676778125
1 0.4644890265625 0.4409300328125 0.425847871875 0.44707180781250005 0.4340812265625 0.49265902031250003 0.4727223796875 0.4865172453125 0.4644890265625 0.4409300328125
1 0.4170554125 0.4840200859375 0.3927286625 0.48788667343750003 0.402779575 0.543537515625 0.427106325 0.539670928125 0.4170554125 0.4840200859375
1 0.4485155203125 0.48492169843750005 0.41988671406250005 0.489472071875 0.4290719421875 0.540329721875 0.45770075156249995 0.5357793484375 0.4485155203125 0.48492169843750005
1 0.554731646875 0.6003167671875 0.5239672828125 0.605206575 0.5299446156250001 0.6383024328125 0.5607089796875 0.6334126265625 0.554731646875 0.6003167671875
2 0.586687375 0.5850558421875001 0.5656877578125 0.5883936015625 0.5716201187500001 0.621240465625 0.5926197375 0.6179027046875001 0.586687375 0.5850558421875001
2 0.6367878484375 0.40948856562499997 0.613250325 0.4132297109375 0.6189503375000001 0.44479008750000004 0.6424878625 0.4410489421875 0.6367878484375 0.40948856562499997
2 0.65797606875 0.3855118390625 0.6353979984375 0.389100484375 0.6412516625 0.421511603125 0.6638297328125 0.41792295625 0.65797606875 0.3855118390625
2 0.6828491031249999 0.3855073234375 0.65994605625 0.38914762187499996 0.6652600734375 0.4185707734375 0.6881631203125 0.41493047499999997 0.6828491031249999 0.3855073234375
2 0.7087631359375 0.4384233671875 0.6842661609375 0.44231701093750003 0.6903521734375 0.47601461250000004 0.7148491453125 0.47212096875 0.7087631359375 0.4384233671875
0 0.8104342875 0.24135038749999999 0.7840648328125 0.24554165 0.79055183125 0.2814594765625 0.8169212859374999 0.2772682140625 0.8104342875 0.24135038749999999
0 0.8083468203124999 0.313263990625 0.78281301875 0.31732243125 0.7887940999999999 0.35043904062500003 0.8143279015625 0.3463805984375 0.8083468203124999 0.313263990625
0 0.8724822828125 0.325013128125 0.8456950031250001 0.3292708015625 0.8518784500000001 0.36350789687499996 0.8786657281249999 0.359250221875 0.8724822828125 0.325013128125
0 0.8002921515624999 0.537987921875 0.7785187828125 0.5414486640625 0.78470223125 0.5756857609375 0.8064755984374999 0.5722250171875001 0.8002921515624999 0.537987921875
0 0.9318936859375 0.5586408390625001 0.9080311875 0.5624336375000001 0.913911084375 0.594990003125 0.9377735828124999 0.59119720625 0.9318936859375 0.5586408390625001
1 0.42188926875000005 0.4202614859375 0.4273297734375 0.415127671875 0.42775301250000003 0.408656778125 0.42625399374999995 0.4003568765625 0.4239569828125 0.396452890625 0.41434569374999997 0.38730784375 0.40238890937500005 0.38280468125 0.390008884375 0.38477241093750003 0.3830208765625 0.390152190625 0.3810501328125 0.3968690515625 0.38254915 0.405168953125 0.38906543125000004 0.41480593125 0.396379709375 0.42004699375000004 0.4083364953125 0.42455015781250005 0.42188926875000005 0.4202614859375
1 0.464033478125 0.48613729687499996 0.46792647968749995 0.481249446875 0.46872447343749996 0.47685353125 0.46685070156249997 0.466478653125 0.46033442031250005 0.4568416734375 0.45072313125 0.44769662656250003 0.43449859062499996 0.44600633749999996 0.4302308375 0.4488192125 0.4278853390625 0.45346109375 0.4274620984375 0.4599319875 0.43088337499999996 0.4700608984375 0.43894715937499995 0.47945191249999997 0.44626143437500004 0.4846929734375 0.45320095625 0.487859059375 0.464033478125 0.48613729687499996
1 0.42393072187499997 0.5373367328125 0.4240276921875 0.5202449953125 0.4210781453125 0.495099325 0.41648412031250004 0.4872913546875 0.4095445984375 0.48412526875 0.400634334375 0.487676040625 0.39552009843749997 0.5034306984375 0.3965958765625 0.51820149375 0.40076666093749996 0.5324803578124999 0.40306367187500003 0.536384340625 0.4069081859375 0.5400423609375 0.413847709375 0.543208446875 0.420037721875 0.5422245828125 0.42393072187499997 0.5373367328125
1 0.43860775937499996 0.5392729890625 0.4436250234375 0.5406100656249999 0.4525352890625 0.5370592937499999 0.4549292703125 0.5238715421875 0.4526807453125 0.5114216890625001 0.44925946874999995 0.5012927781250001 0.4446654453125 0.49348480781250004 0.4369764140625 0.4861687703125 0.4292389 0.4873986 0.4249711453125 0.490211475 0.422625646875 0.49485335937499997 0.4222024078125 0.5013242499999999 0.426699459375 0.52622395625 0.428996471875 0.5301279421875 0.433215740625 0.5358609359375001 0.43860775937499996 0.5392729890625
1 0.5575584328125001 0.6249589906249999 0.5538108875 0.6042092328125 0.5484188703124999 0.60079718125 0.5375863468750001 0.6025189453124999 0.5290508375 0.6081446921875 0.5243598421875 0.617428459375 0.525858859375 0.6257283609375001 0.528155871875 0.629632346875 0.5389399078125 0.6364564515625 0.545504675 0.6375475625 0.5547896953125 0.636071765625 0.557135190625 0.63142988125 0.5575584328125001 0.6249589906249999