0 0.85371875 0.2907708328125 0.8270937500000001 0.2907708328125 0.8270937500000001 0.3251458328125 0.85371875 0.3251458328125 0.85371875 0.2907708328125
0 0.9154140625 0.3251458328125 0.8900546874999999 0.3251458328125 0.8900546874999999 0.3628958328125 0.9154140625 0.3628958328125 0.9154140625 0.3251458328125
0 0.780171875 0.49870833281250004 0.7598906249999999 0.49870833281250004 0.7598906249999999 0.5319583328124999 0.780171875 0.5319583328124999 0.780171875 0.49870833281250004
0 0.79496875 0.5319479171875 0.77171875 0.5319479171875 0.77171875 0.5668854171875 0.79496875 0.5668854171875 0.79496875 0.5319479171875
0 0.8397734375000001 0.5240520828124999 0.8152578125 0.5240520828124999 0.8152578125 0.5556145828125 0.8397734375000001 0.5556145828125 0.8397734375000001 0.5240520828124999
2 0.68128125 0.2314791671875 0.65578125 0.2314791671875 0.65578125 0.2666458328125 0.68128125 0.2666458328125 0.68128125 0.2314791671875
2 0.68696875 0.2723541671875 0.66353125 0.2723541671875 0.66353125 0.3048958328125 0.68696875 0.3048958328125 0.68696875 0.2723541671875
2 0.6933984375 0.31475 0.6683515625 0.31475 0.6683515625 0.3442916671875 0.6933984375 0.3442916671875 0.6933984375 0.31475
2 0.635265625 0.31815625000000003 0.611828125 0.31815625000000003 0.611828125 0.35113541718749997 0.635265625 0.35113541718749997 0.635265625 0.31815625000000003
2 0.641046875 0.3498541671875 0.6166406249999999 0.3498541671875 0.6166406249999999 0.3811041671875 0.641046875 0.3811041671875 0.641046875 0.3498541671875
2 0.6041015625 0.3841145828125 0.5777734375 0.3841145828125 0.5777734375 0.41880208281250003 0.6041015625 0.41880208281250003 0.6041015625 0.3841145828125
2 0.6420078124999999 0.4535 0.6208046875 0.4535 0.6208046875 0.48475 0.6420078124999999 0.48475 0.6420078124999999 0.4535
2 0.682484375 0.48259375000000004 0.658390625 0.48259375000000004 0.658390625 0.51728125 0.682484375 0.51728125 0.682484375 0.48259375000000004
2 0.6831171875 0.5194270828125 0.6603203125 0.5194270828125 0.6603203125 0.5528229171875 0.6831171875 0.5528229171875 0.6831171875 0.5194270828125
2 0.6448984375 0.56396875 0.6224140625000001 0.56396875 0.6224140625000001 0.59565625 0.6448984375 0.59565625 0.6448984375 0.56396875
1 0.46684374999999995 0.20789583281250001 0.42453124999999997 0.20789583281250001 0.42453124999999997 0.2548125 0.46684374999999995 0.2548125 0.46684374999999995 0.20789583281250001
1 0.523421875 0.2136145828125 0.483015625 0.2136145828125 0.483015625 0.24846875000000002 0.523421875 0.24846875000000002 0.523421875 0.2136145828125
1 0.462578125 0.29728125 0.43404687500000005 0.29728125 0.43404687500000005 0.3530520828125 0.462578125 0.3530520828125 0.462578125 0.29728125
1 0.5105859374999999 0.30678125 0.4806328125 0.30678125 0.4806328125 0.36446875 0.5105859374999999 0.36446875 0.5105859374999999 0.30678125
1 0.41550000000000004 0.3359583328125 0.38887499999999997 0.3359583328125 0.38887499999999997 0.393 0.41550000000000004 0.393 0.41550000000000004 0.3359583328125
1 0.48205468749999997 0.42026041718749996 0.44544531249999997 0.42026041718749996 0.44544531249999997 0.4690729171875 0.48205468749999997 0.4690729171875 0.48205468749999997 0.42026041718749996
1 0.40979687499999995 0.45892708281249994 0.387453125 0.45892708281249994 0.387453125 0.5172395828125 0.40979687499999995 0.5172395828125 0.40979687499999995 0.45892708281249994
1 0.40932031249999995 0.5172291671875 0.38317968750000003 0.5172291671875 0.38317968750000003 0.5768125000000001 0.40932031249999995 0.5768125000000001 0.40932031249999995 0.5172291671875
1 0.4573359375 0.5273854171875 0.42072656249999996 0.5273854171875 0.42072656249999996 0.5793645828125 0.4573359375 0.5793645828125 0.4573359375 0.5273854171875
1 0.4890625 0.5833333328125 0.5 0.5895833328125 0.5109375 0.5895833328125 0.515625 0.5854166671875001 0.515625 0.5729166671875 0.5140625 0.5666666671875 0.5125 0.5625 0.5015625 0.5479166671875 0.496875 0.54375 0.4890625 0.54375 0.4828125 0.5479166671875 0.4796875 0.5520833328125 0.478125 0.5583333328125 0.4796875 0.5645833328125 0.4859375 0.5791666671875 0.4890625 0.5833333328125
1 0.51534375 0.5432395828125001 0.4796875 0.5432395828125001 0.4796875 0.5926770828125 0.51534375 0.5926770828125 0.51534375 0.5432395828125001
1 0.446875 0.25 0.4625 0.25 0.465625 0.2479166671875 0.46875 0.23541666718749998 0.4671875 0.22916666718749998 0.45625 0.21458333281250003 0.44375 0.2104166671875 0.4375 0.2104166671875 0.43125 0.21458333281250003 0.4265625 0.2208333328125 0.4265625 0.22916666718749998 0.4359375 0.24375 0.446875 0.25
1 0.4921875 0.24583333281250003 0.496875 0.2479166671875 0.5125 0.2479166671875 0.5203125 0.24375 0.5234375 0.23958333281250002 0.525 0.2270833328125 0.5203125 0.21458333281250003 0.515625 0.2104166671875 0.5078125 0.20833333281250002 0.4984375 0.20833333281250002 0.490625 0.2125 0.4828125 0.2208333328125 0.48125 0.225 0.48125 0.23125 0.4859375 0.23958333281250002 0.4921875 0.24583333281250003
1 0.3921875 0.3895833328125 0.3953125 0.39375 0.4015625 0.39791666718749996 0.4046875 0.39791666718749996 0.4125 0.3895833328125 0.415625 0.38125 0.4171875 0.36666666718749996 0.4140625 0.3479166671875 0.4125 0.34375 0.40625 0.3375 0.403125 0.33541666718749996 0.3984375 0.33541666718749996 0.39375 0.3395833328125 0.3890625 0.35208333281250004 0.3875 0.3625 0.3875 0.3729166671875 0.3890625 0.38125 0.3921875 0.3895833328125
1 0.440625 0.3541666671875 0.4515625 0.3541666671875 0.4546875 0.35 0.4625 0.325 0.4625 0.3145833328125 0.459375 0.3020833328125 0.45625 0.3 0.45 0.3 0.446875 0.3020833328125 0.440625 0.3104166671875 0.4375 0.31875 0.4328125 0.3333333328125 0.4328125 0.3416666671875 0.4359375 0.35 0.440625 0.3541666671875
1 0.4890625 0.3645833328125 0.49375 0.3645833328125 0.496875 0.3625 0.503125 0.3541666671875 0.50625 0.34375 0.5078125 0.33541666718749996 0.5078125 0.31875 0.50625 0.3145833328125 0.5 0.3104166671875 0.49375 0.3104166671875 0.4875 0.31875 0.48125 0.33125 0.4796875 0.33541666718749996 0.4796875 0.3541666671875 0.4859375 0.3625 0.4890625 0.3645833328125
1 0.4515625 0.45625 0.459375 0.46458333281249997 0.46875 0.47083333281249995 0.475 0.46875 0.4796875 0.4604166671875 0.4796875 0.45208333281249996 0.4765625 0.43958333281249995 0.465625 0.425 0.4625 0.42291666718750004 0.453125 0.42291666718750004 0.446875 0.43125 0.446875 0.44375 0.4484375 0.45 0.4515625 0.45625
1 0.3921875 0.5166666671875 0.4046875 0.525 0.40625 0.5229166671875001 0.4109375 0.5020833328125 0.4125 0.48125 0.4109375 0.47083333281249995 0.403125 0.4583333328125 0.39375 0.4583333328125 0.3875 0.46875 0.384375 0.4770833328125 0.384375 0.49791666718750005 0.3859375 0.5041666671875 0.3921875 0.5166666671875
1 0.390625 0.575 0.3984375 0.575 0.4015625 0.5729166671875 0.4046875 0.56875 0.409375 0.5541666671875001 0.409375 0.5354166671875 0.4078125 0.53125 0.3953125 0.5166666671875 0.3921875 0.5166666671875 0.3875 0.5229166671875001 0.384375 0.5333333328125 0.3828125 0.5416666671875 0.3828125 0.55625 0.3875 0.5729166671875 0.390625 0.575
1 0.4390625 0.5791666671875 0.4453125 0.58125 0.45 0.58125 0.453125 0.5791666671875 0.45625 0.5729166671875 0.45625 0.5541666671875001 0.4484375 0.5354166671875 0.434375 0.525 0.4265625 0.53125 0.4234375 0.5354166671875 0.4234375 0.5520833328125 0.4296875 0.5666666671875 0.4390625 0.5791666671875