0 0.1302432453125 0.7495863546875 0.157867671875 0.7489571203125001 0.15599853125000002 0.713236396875 0.128374103125 0.71386563125 0.1302432453125 0.7495863546875
0 0.0643629234375 0.7153236875 0.09067421718749999 0.714724365625 0.0886215609375 0.6754965171875 0.06231026562500001 0.676095840625 0.0643629234375 0.7153236875
0 0.19524425625 0.5317703109374999 0.21628680625 0.531291 0.21447883750000002 0.49673931875 0.1934362875 0.49721862968749997 0.19524425625 0.5317703109374999
0 0.1780845453125 0.4975791515625 0.20220728437500002 0.497029678125 0.20030755781249998 0.4607244375 0.17618481875 0.4612739078125 0.1780845453125 0.4975791515625
0 0.132027353125 0.5068429703125 0.157463225 0.5062635875 0.1557470140625 0.47346547031249997 0.130311140625 0.47404485156250004 0.132027353125 0.5068429703125
2 0.31237754687499997 0.8071239421874999 0.3388347453125 0.806521296875 0.3369225578125 0.769977915625 0.310465359375 0.7705805609375 0.31237754687499997 0.8071239421874999
2 0.3042539765625 0.7647831703125 0.328571253125 0.7642292687500001 0.3268017984375 0.7304136484375 0.30248452187499997 0.7309675515625 0.3042539765625 0.7647831703125
2 0.29527766093749996 0.7208795640625 0.3212647265625 0.720287628125 0.3196583984375 0.6895894546875 0.2936713328125 0.69018139375 0.29527766093749996 0.7208795640625
2 0.3554074015625 0.715966103125 0.379724678125 0.7154122015625 0.3779314359375 0.6811419578125 0.353614159375 0.681695859375 0.3554074015625 0.715966103125
2 0.347685565625 0.6831638984375 0.37300795625 0.6825871 0.37130873593749997 0.6501137156250001 0.3459863453125 0.6506905125 0.347685565625 0.6831638984375
2 0.3841547875 0.646689109375 0.411471196875 0.6460668921875 0.40958506406249995 0.6100214359375 0.3822686546875 0.610643653125 0.3841547875 0.646689109375
2 0.34105281249999997 0.5754832171875 0.36305184218750003 0.5749821203125001 0.3613526234375 0.5425087343749999 0.33935359374999996 0.5430098328125 0.34105281249999997 0.5754832171875
2 0.2974749 0.5462070875 0.3224730609375 0.545637675 0.320586928125 0.5095922171875 0.2955887671875 0.5101616296875 0.2974749 0.5462070875
2 0.29481552031249997 0.507946746875 0.318468125 0.5074079828125 0.31665222656249997 0.472704759375 0.292999621875 0.4732435234375 0.29481552031249997 0.507946746875
2 0.332046940625 0.46075811875 0.355375315625 0.46022674218750004 0.35365230625 0.42729873124999995 0.3303239328125 0.42783010781249997 0.332046940625 0.46075811875
1 0.5361467703125 0.8265626828125001 0.5800475625 0.8255627046875 0.5774964671875 0.77680933125 0.5335956765625001 0.777809309375 0.5361467703125 0.8265626828125001
1 0.47713390625 0.821957175 0.5190568921875001 0.8210022468749999 0.5171616953125 0.7847836 0.475238709375 0.785738528125 0.47713390625 0.821957175
1 0.53571218125 0.7335771703125 0.5653144140624999 0.7329028859375 0.5622818734374999 0.67494871875 0.5326796421875 0.675623003125 0.53571218125 0.7335771703125
1 0.48538572812499997 0.7248398390624999 0.516463209375 0.7241319515625 0.51332645 0.6641860828125 0.4822489703125 0.6648939703125001 0.48538572812499997 0.7248398390624999
1 0.5824544203124999 0.692273340625 0.610078846875 0.6916441078125 0.6069772046875 0.6323693546875 0.579352778125 0.6329985875 0.5824544203124999 0.692273340625
1 0.508817528125 0.6062438734375 0.546801115625 0.6053786765625 0.5441469359375 0.5546552515625 0.5061633484375 0.555520446875 0.508817528125 0.6062438734375
1 0.58168519375 0.564355790625 0.6048676656249999 0.5638277359375 0.601696921875 0.5032324015625 0.5785144515625 0.5037604546875001 0.58168519375 0.564355790625
1 0.5790094703124999 0.503760015625 0.606131340625 0.5031422296875 0.6028914953125 0.4412263125 0.5757696250000001 0.44184409843749994 0.5790094703124999 0.503760015625
1 0.5286392281250001 0.4943409296875 0.5666228140625 0.4934757328125 0.563796446875 0.4394616703125 0.525812859375 0.44032686718749997 0.5286392281250001 0.4943409296875
1 0.48099166406249994 0.43071635781250006 0.46964360000000005 0.43097484531249997 0.46500670624999996 0.4354154109375 0.4656863953125 0.44840476406249996 0.467647390625 0.4548625140625 0.46949510468750005 0.459155371875 0.48163613749999995 0.47405112968749996 0.48672615625000004 0.4782701328125 0.49483191406250004 0.4780854984375 0.501089959375 0.4736080078125 0.5041057 0.4692043703125 0.5053870078125 0.462672765625 0.5034260125000001 0.4562150171875 0.4961484359375 0.4412084765625 0.49267957031250004 0.4369525453125 0.48099166406249994 0.43071635781250006
1 0.46759189375 0.4792370078125 0.5045865796875 0.4783943375 0.5018984140625 0.42702144375 0.464903728125 0.4278641140625 0.46759189375 0.4792370078125
1 0.5346335140625 0.8044672578125001 0.5467745468749999 0.8193630140625 0.5599703234375 0.8233973859375 0.56645493125 0.8232496781249999 0.5727129765625001 0.8187721859374999 0.5772365875000001 0.812166728125 0.5767834625 0.8035071593750001 0.5662635828125 0.7885744734375 0.5545756765625 0.7823382859375 0.5383641578125 0.7827075546875 0.5352351359374999 0.7849463 0.53267251875 0.79800950625 0.5346335140625 0.8044672578125001
1 0.5028120984375 0.7856848359375 0.48660057968750003 0.7860541046875 0.4787213828125 0.7905685234375001 0.4757056421875 0.7949721624999999 0.47476417812499994 0.8079984437500001 0.48030732187499997 0.820877015625 0.4853973390625 0.8250960203125001 0.49361637968750005 0.8270762765624999 0.5033432921875 0.8268547156249999 0.5112224875 0.8223402984374999 0.5188751218750001 0.8134960953125001 0.5202697109375001 0.8091293828125 0.5199298671875 0.8026347062499999 0.5146132859375 0.79408591875 0.5077888359375 0.7877389499999999 0.5028120984375 0.7856848359375
1 0.607421571875 0.6445837812499999 0.60372614375 0.6359980640625 0.600257278125 0.6317421328124999 0.5935461078125 0.62756005625 0.5903038046875 0.627633909375 0.5826511703125 0.6364781140625 0.5798619921875 0.6452115359375 0.579033809375 0.6604027078125 0.58329564375 0.6798128859375 0.5851433593750001 0.6841057421875 0.591967809375 0.6904527140625001 0.5953233953125 0.69254375 0.6001868499999999 0.6924329703125001 0.6048237421875 0.6879924046875 0.6090075109375 0.674892271875 0.61006225625 0.6640308828125 0.60949585 0.653206421875 0.607421571875 0.6445837812499999
1 0.5410324156249999 0.6786080906249999 0.53428603125 0.70477143125 0.5348524390625 0.71559589375 0.5387744296875 0.7285113937500001 0.5421300140625 0.7306024328125 0.548614621875 0.7304547265625 0.55174364375 0.7282159781249999 0.5577751265625001 0.7194087031249999 0.5605643046875 0.7106752796875 0.564634790625 0.695410253125 0.5641816656249999 0.686750684375 0.5604862359375 0.67816496875 0.55539621875 0.673945965625 0.5440481562499999 0.674204453125 0.5410324156249999 0.6786080906249999
1 0.49971065000000003 0.6643770171875001 0.49658162812500006 0.6666157625 0.49055014531249996 0.6754230390625 0.487874246875 0.6863213515625 0.4867062203125 0.6950178484375 0.4876124703125 0.7123369875 0.4894601859375 0.7166298453125 0.49617135625 0.7208119234375 0.5026559640625 0.7206642140625 0.5086874453125 0.7118569375 0.514492365625 0.698719878125 0.5158869546875 0.694353165625 0.5148674234375 0.6748691359375 0.5079296906249999 0.6663572734375001 0.50457410625 0.6642662359375 0.49971065000000003 0.6643770171875001
1 0.51350040625 0.5556892796875 0.5090900765625 0.5644596296875 0.5095432015625 0.5731191984375 0.51346519375 0.5860346984375 0.5256062265625 0.60093045625 0.5289618109374999 0.6030214953125 0.538688721875 0.602799934375 0.544720203125 0.5939926578125 0.544040515625 0.5810033046874999 0.5420795203125001 0.5745455546875 0.5384973734375 0.5681247328125 0.5299384890625001 0.5596497968749999 0.5198717328125 0.5533766796874999 0.51350040625 0.5556892796875
1 0.57766679375 0.5412228531250001 0.5798543515625 0.5520103875 0.5886397984375 0.56481510625 0.598366709375 0.5645935453125001 0.604284909375 0.5536213765625 0.6070740906250001 0.5448879546875001 0.6059412765625 0.5232390312499999 0.6039802796875 0.5167812828125 0.5968159843749999 0.503939634375 0.5833936453125 0.49557548125000006 0.581885775 0.4977772984375 0.5781551328125001 0.5195370031250001 0.57766679375 0.5412228531250001
1 0.5840304796875 0.4457091046875 0.5810147390625 0.45011274375 0.5769442515625001 0.4653777703125 0.577963784375 0.4848618 0.5798114984375 0.4891546578125 0.59357368125 0.5040134890625 0.5968159843749999 0.503939634375 0.601339596875 0.497334178125 0.6040154953125 0.4864358609375 0.605183521875 0.4777393671875 0.604390553125 0.462585121875 0.5986208453125 0.44537676406250004 0.5952652609375 0.44328572499999996 0.5871595015625 0.443470359375 0.5840304796875 0.4457091046875
1 0.527290165625 0.44700154375 0.528309696875 0.466485575 0.5374349875 0.48578497187499997 0.552591759375 0.49627709062500003 0.560357675 0.48959778125 0.5633734171875 0.485194140625 0.5624671671875 0.46787500312499997 0.5551895890625 0.45286846562500005 0.544782990625 0.4401006734375 0.538185103125 0.4380834875 0.5333216468749999 0.43819426874999995 0.530192625 0.4404330140625 0.527290165625 0.44700154375