1 0.34254343593750003 0.43344716562499996 0.34680613125000004 0.4579431828125 0.40841322656249995 0.4463329390625 0.4041505296875 0.42183692187500005 0.34254343593750003 0.43344716562499996
1 0.48613711562499995 0.381070096875 0.4911712890625 0.409999490625 0.550100746875 0.398893865625 0.5450665734375 0.3699644703125 0.48613711562499995 0.381070096875
1 0.480918328125 0.44967337812499997 0.4877693890625 0.48904369531249997 0.5386659296875 0.47945192187499996 0.53181486875 0.44008160468749996 0.480918328125 0.44967337812499997
2 0.427816959375 0.6896144093750001 0.4323871296875 0.715877353125 0.4674106359375 0.709276953125 0.462840465625 0.683014009375 0.427816959375 0.6896144093750001
2 0.43606753437499995 0.5903128093750001 0.4403693640625 0.6150337078125 0.47539286875000003 0.608433309375 0.4710910390625 0.5837124109375 0.43606753437499995 0.5903128093750001
2 0.64361889375 0.5571873484375 0.647719465625 0.580751715625 0.682228865625 0.5742482015625 0.6781282921875 0.5506838375 0.64361889375 0.5571873484375
0 0.42997104531249997 0.8212461718749999 0.4346083 0.847894625 0.46911769843749995 0.8413911109375001 0.46448044531250005 0.814742659375 0.42997104531249997 0.8212461718749999
0 0.564595440625 0.812232840625 0.5693668640625 0.839652315625 0.605418584375 0.83285814375 0.600647159375 0.8054386687499999 0.564595440625 0.812232840625
0 0.660736340625 0.8236276265625 0.6653735937499999 0.8502760796875 0.69988299375 0.843772565625 0.6952457375 0.817124115625 0.660736340625 0.8236276265625
1 0.4033713125 0.4467273625 0.4089590796875 0.44069739218750004 0.40728195468750006 0.4310596140625 0.40430127968749996 0.42664442031250005 0.3970363859375 0.4230366140625 0.3903305328125 0.4226414015625 0.37319365000000004 0.425870953125 0.36276261875000004 0.42949572031249994 0.3547532203125 0.43432309062499996 0.347582384375 0.443969346875 0.3487004671875 0.4503945296875 0.35354373125 0.452799734375 0.371519175 0.45438907031250003 0.3932198015625 0.45195842500000005 0.4033713125 0.4467273625
1 0.5371121265625 0.4016153828125 0.5488467046875 0.392768034375 0.5498707296875 0.3859391546875 0.5466105359375 0.37991766562499996 0.5390661203125 0.37470356250000003 0.5299386375 0.373105746875 0.512801753125 0.3763353 0.5002286125000001 0.380363759375 0.48877355468749994 0.39081740625 0.48719048750000005 0.3944336921875 0.4880290484375 0.3992525828125 0.49073020312500004 0.4020614796875 0.497995096875 0.40566928593749996 0.509264690625 0.40686340625 0.5371121265625 0.4016153828125
1 0.5281754109375 0.46468158906249996 0.5326450953124999 0.45222643281249997 0.528825859375 0.4429923484375 0.521840484375 0.44099084062499994 0.5132720421875 0.44260561718749997 0.5052626453125 0.44743298593749997 0.49753276562500004 0.45386665 0.48719579218750003 0.47074548125 0.4867308078125 0.48078695156249995 0.49427522343749997 0.486001053125 0.5049857765625 0.4839825828125 0.5210045734375 0.4743278453125 0.5281754109375 0.46468158906249996