1 0.4983593734375 0.2090082359375 0.45840013281249997 0.21139562500000003 0.45983035 0.258758096875 0.4997895921875 0.25637070781250004 0.4983593734375 0.2090082359375
1 0.493267375 0.26841672499999997 0.446442675 0.27121429531249996 0.44792313281249996 0.3202405015625 0.4947478328125 0.3174429328125 0.493267375 0.26841672499999997
1 0.3905601109375 0.2637408796875 0.359965809375 0.26556875468749996 0.3616974671875 0.32291364375 0.3922917703125 0.32108576875 0.3905601109375 0.2637408796875
1 0.4446235921875 0.3146256984375 0.39593239687500004 0.31753478125 0.396911103125 0.3499452328125 0.4456022984375 0.3470361484375 0.4446235921875 0.3146256984375
1 0.47786213593750004 0.3384418125 0.44290185624999995 0.34053053437499997 0.4445578296875 0.3953690171875 0.479518109375 0.39328029375 0.47786213593750004 0.3384418125
1 0.3948160453125 0.3217575015625 0.358606025 0.323920890625 0.3602124109375 0.3771172421875 0.39642243125 0.37495385468750003 0.3948160453125 0.3217575015625
1 0.420098225 0.3510491875 0.390753665625 0.3528023953125 0.3926862859375 0.41680223125 0.422030846875 0.4150490234375 0.420098225 0.3510491875
1 0.3912412171875 0.3894090375 0.35939717656250003 0.391311578125 0.3609781140625 0.4436652578125 0.39282215625 0.4417627171875 0.3912412171875 0.3894090375
1 0.4694124109375 0.49745992968749997 0.4659705890625 0.49117177968750003 0.4464941109375 0.49233541406250003 0.44331327812500004 0.49469005 0.43396652187500007 0.508236046875 0.42935839218750005 0.517169740625 0.42981512187500004 0.5322946171875 0.4365030234375 0.5383888296875 0.4478643015625 0.53771004375 0.46052238437500004 0.5261308031249999 0.4667535546875 0.5171001390625001 0.46973864687500005 0.5082634140625 0.4694124109375 0.49745992968749997
1 0.469923140625 0.48960440624999996 0.42623090625 0.492214825 0.427586090625 0.5370924953125 0.47127832343750004 0.534482075 0.469923140625 0.48960440624999996
1 0.3927684375 0.481713525 0.3646736171875 0.4833920671875 0.3665057578125 0.5440644296875 0.394600578125 0.5423858859374999 0.3927684375 0.481713525
2 0.6315888359375 0.2310063546875 0.6072432375 0.232460896875 0.6081971515625 0.2640502828125 0.63254275 0.2625957390625 0.6315888359375 0.2310063546875
2 0.6509240796875 0.2706645953125 0.6253287421875 0.2721938046875 0.6262572093750001 0.30294051875 0.6518525484375 0.301411309375 0.6509240796875 0.2706645953125
2 0.6151231203124999 0.2861049828125 0.5901607671875 0.287596371875 0.5911146796875 0.319185759375 0.6160770328125 0.3176943671875 0.6151231203124999 0.2861049828125
2 0.6691953421875 0.2915111359375 0.6438272296875 0.29302676875 0.64486726875 0.3274682765625 0.67023538125 0.3259526421875 0.6691953421875 0.2915111359375
2 0.6375150296875 0.3028739984375 0.611643775 0.3044196921875 0.6126022546875001 0.3361603265625 0.6384735109374999 0.33461463281250003 0.6375150296875 0.3028739984375
2 0.5620840968749999 0.278299334375 0.5372353578125 0.2797839359375 0.5382140640624999 0.3121943875 0.5630628046874999 0.3107097828125 0.5620840968749999 0.278299334375
2 0.5858109781249999 0.28973945156249997 0.560442865625 0.29125508437500003 0.5614215734375 0.3236655328125 0.5867896859374999 0.3221499 0.5858109781249999 0.28973945156249997
2 0.673390103125 0.36365539375 0.649547646875 0.36507987656249996 0.650506128125 0.3968205125 0.674348584375 0.3953960296875 0.673390103125 0.36365539375
2 0.6833045656250001 0.321795046875 0.65895896875 0.323249590625 0.659897221875 0.354320409375 0.68424281875 0.352865865625 0.6833045656250001 0.321795046875
2 0.62537804375 0.40574636406250003 0.6015355875 0.407170846875 0.602534521875 0.44025111250000004 0.6263769781249999 0.43882662968749997 0.62537804375 0.40574636406250003
0 0.8010274656249999 0.232236440625 0.77465306875 0.2338121953125 0.775774665625 0.2709545703125 0.802149065625 0.269378815625 0.8010274656249999 0.232236440625
0 0.8304234859375 0.24672544375 0.8030428015625001 0.24836131875 0.8040619640625 0.2821114 0.8314426453125 0.280475525 0.8304234859375 0.24672544375
0 0.8792774734375 0.249207296875 0.8529030750000001 0.25078305156249997 0.853902009375 0.2838633171875 0.8802764062499999 0.2822875625 0.8792774734375 0.249207296875
0 0.8587495578125001 0.276127490625 0.828820703125 0.2779156078125 0.829779184375 0.3096562421875 0.8597080375000001 0.3078681234375 0.8587495578125001 0.276127490625
0 0.8433516890625 0.38866478125000004 0.8159547734375 0.390301625 0.8170352671875 0.4260827640625 0.84443218125 0.4244459171875 0.8433516890625 0.38866478125000004
1 0.49781160625 0.253328575 0.4993041515625 0.2489102125 0.5004704609374999 0.233688365625 0.4953403515625 0.2253364875 0.4770301828125 0.2112782734375 0.4656689046875 0.21195706250000002 0.46099552812500005 0.21873005937499998 0.45950298125 0.223148421875 0.459698721875 0.2296305125 0.46495932656249994 0.2423037859375 0.4750890484375 0.2546861484375 0.48658082187499996 0.2583287546875 0.4930729796875 0.257940878125 0.49781160625 0.253328575
1 0.376417990625 0.32551915625 0.384533190625 0.325034309375 0.3877140234375 0.32267967343750004 0.3908296078125 0.318164340625 0.39225690625 0.31158528125 0.39186542343749997 0.2986211015625 0.38816261406249997 0.28369016406249997 0.382967259375 0.2731775890625 0.3729027828125 0.26295592343749996 0.36803366249999997 0.26324683125 0.3617372453125 0.2701167984375 0.360309946875 0.276695859375 0.3607014296875 0.28966003906250004 0.3664187625 0.3174581875 0.3697953359375 0.32158564218749996 0.376417990625 0.32551915625
1 0.48944355625 0.299285021875 0.49093610156249995 0.294866659375 0.49054461875 0.281902478125 0.4871680453125 0.2777750234375 0.47574151875000004 0.2762931140625 0.4597721078125 0.2859055953125 0.4520483921875 0.299354625 0.45055584687500005 0.3037729859375 0.4508820828125 0.31457646875 0.45425865625000006 0.3187039234375 0.46088130937500005 0.32263743906250003 0.46899651093749994 0.32215259218750003 0.47853900781250003 0.315088684375 0.48944355625 0.299285021875
1 0.4379630109375 0.3175129234375 0.4168634921875 0.3187735265625 0.40563270781250005 0.3237737046875 0.3994015375 0.33280436875 0.3997277734375 0.34360785312500003 0.4081039609375 0.35176579218750004 0.4292034796875 0.3505051890625 0.440238521875 0.33902291875 0.44328885937500007 0.3323468890625 0.44302787187500003 0.323704103125 0.4412743375 0.3194796796875 0.4379630109375 0.3175129234375
1 0.39090299375000004 0.37443942343750003 0.3939533328125 0.3677633953125 0.395315384375 0.3590236390625 0.3932356140625 0.34399573125 0.3914820796875 0.3397713078125 0.3814176046875 0.3295496421875 0.3731066625 0.3235523984375 0.3666145046875 0.3239402765625 0.36343367031249996 0.3262949125 0.36194112500000003 0.33071327500000003 0.36239785625 0.345838153125 0.36947723906249996 0.36489654374999997 0.38285304375 0.37708496875 0.38772216249999997 0.376794059375 0.39090299375000004 0.37443942343750003
1 0.4177850921875 0.403137665625 0.42063968906250004 0.3899795453125 0.4199219703125 0.3662118828125 0.4147266140625 0.35569930781250003 0.40479263281250005 0.3497990359375 0.4015465546875 0.34999297500000004 0.3955763734375 0.367666425 0.39129447812499996 0.3874036046875 0.3915554671875 0.396046390625 0.3953235234375 0.413138025 0.40032313750000004 0.417168509375 0.4068152953125 0.4167806328125 0.41161916875 0.4143290265625 0.4177850921875 0.403137665625
1 0.4773808375 0.3844249171875 0.47679361406250004 0.3649786453125 0.47315604999999994 0.3522084046875 0.464714615625 0.3418897703125 0.459780246875 0.34001998125 0.44517288906249997 0.34089270781250003 0.443615096875 0.3431503734375 0.44218779843749995 0.3497294328125 0.44244878749999994 0.3583722203125 0.4494629234375 0.375269915625 0.4595926453125 0.38765227812499997 0.4678383390625 0.39148882500000004 0.47433050000000004 0.391100946875 0.4773808375 0.3844249171875
1 0.393961471875 0.42187778125 0.39188170312500004 0.4068498734375 0.3882441390625 0.39407963281249997 0.3865558515625 0.39201590625 0.37525981875 0.3948553890625 0.3659130625 0.4084013859375 0.3614354265625 0.421656475 0.3601386234375 0.4325569265625 0.3620226515625 0.44110274374999997 0.3653992265625 0.44523019843749995 0.3687105515625 0.44719695625 0.37682575156250003 0.44671210937500005 0.3863682515625 0.43964820156249995 0.393961471875 0.42187778125
1 0.3936515140625 0.5193030703125 0.39299904375 0.497696103125 0.3894267265625 0.48708655937499995 0.3844271140625 0.48305607500000003 0.37144279375 0.48383183125 0.36988500156250004 0.486089496875 0.36703040468750003 0.49924761406249996 0.365668353125 0.5079873734375 0.36651656718750003 0.536076428125 0.3699583875 0.5423645796875001 0.3748927546875 0.5442343671875001 0.383007953125 0.54374951875 0.3893043734375 0.536879553125 0.3936515140625 0.5193030703125