0 0.87053125 0.27696875 0.8443125 0.27696875 0.8443125 0.3105729171875 0.87053125 0.3105729171875 0.87053125 0.27696875
0 0.803171875 0.32565625 0.775921875 0.32565625 0.775921875 0.3613020828125 0.803171875 0.3613020828125 0.803171875 0.32565625
0 0.8556250000000001 0.54984375 0.8309374999999999 0.54984375 0.8309374999999999 0.5854895828125 0.8556250000000001 0.5854895828125 0.8556250000000001 0.54984375
0 0.774375 0.5800104171875 0.75534375 0.5800104171875 0.75534375 0.6136145828124999 0.774375 0.6136145828124999 0.774375 0.5800104171875
0 0.8993359375000001 0.6211354171875 0.8761953124999999 0.6211354171875 0.8761953124999999 0.6533645828125 0.8993359375000001 0.6533645828125 0.8993359375000001 0.6211354171875
2 0.5944140625000001 0.57246875 0.5692109375000001 0.57246875 0.5692109375000001 0.6067395828125 0.5944140625000001 0.6067395828125 0.5944140625000001 0.57246875
2 0.7018828125 0.469625 0.6777109375 0.469625 0.6777109375 0.5025416671875 0.7018828125 0.5025416671875 0.7018828125 0.469625
2 0.69621875 0.39009375 0.6725625 0.39009375 0.6725625 0.42369791718750005 0.69621875 0.42369791718750005 0.69621875 0.39009375
2 0.60315625 0.39695833281250004 0.5784687500000001 0.39695833281250004 0.5784687500000001 0.4285 0.60315625 0.4285 0.60315625 0.39695833281250004
2 0.6761640625 0.2968645828125 0.6519921875 0.2968645828125 0.6519921875 0.32909375 0.6761640625 0.32909375 0.6761640625 0.2968645828125
1 0.47357812499999996 0.30714583281249996 0.439640625 0.30714583281249996 0.439640625 0.3626875 0.47357812499999996 0.3626875 0.47357812499999996 0.30714583281249996
1 0.4324296875 0.3654270828125 0.3887265625 0.3654270828125 0.3887265625 0.40382291718749996 0.4324296875 0.40382291718749996 0.4324296875 0.3654270828125
1 0.42318749999999994 0.4716979171875 0.39284375 0.4716979171875 0.39284375 0.52996875 0.42318749999999994 0.52996875 0.42318749999999994 0.4716979171875
1 0.46278125000000003 0.5553229171875 0.43346875 0.5553229171875 0.43346875 0.61634375 0.46278125000000003 0.61634375 0.46278125000000003 0.5553229171875
1 0.511625 0.5210625 0.484375 0.5210625 0.484375 0.5800208328124999 0.511625 0.5800208328124999 0.511625 0.5210625
1 0.453125 0.3645833328125 0.4578125 0.36666666718749996 0.465625 0.36666666718749996 0.4703125 0.3583333328125 0.4703125 0.3375 0.46875 0.33125 0.465625 0.3229166671875 0.45625 0.3104166671875 0.45 0.30625 0.44375 0.3083333328125 0.4390625 0.3145833328125 0.4390625 0.33541666718749996 0.446875 0.35625 0.453125 0.3645833328125
1 0.403125 0.40416666718750005 0.409375 0.40625 0.4234375 0.40416666718750005 0.43125 0.3958333328125 0.43125 0.38333333281250004 0.4296875 0.3791666671875 0.41875 0.36875 0.4140625 0.36666666718749996 0.3984375 0.36666666718749996 0.39375 0.36875 0.3890625 0.375 0.3875 0.3791666671875 0.3875 0.3854166671875 0.396875 0.4 0.403125 0.40416666718750005
1 0.4046875 0.53125 0.4140625 0.53125 0.4171875 0.5270833328125 0.421875 0.5104166671875 0.421875 0.5 0.41875 0.48333333281249996 0.4171875 0.4791666671875 0.4109375 0.47291666718750003 0.4046875 0.47291666718750003 0.396875 0.48333333281249996 0.39375 0.4895833328125 0.39375 0.51875 0.4 0.5291666671875 0.4046875 0.53125
1 0.4890625 0.575 0.4953125 0.5791666671875 0.5 0.5791666671875 0.5046875 0.575 0.5109375 0.5583333328125 0.5109375 0.55 0.5078125 0.5291666671875 0.5046875 0.5229166671875001 0.49375 0.5229166671875001 0.4875 0.53125 0.4859375 0.5354166671875 0.484375 0.54375 0.484375 0.5583333328125 0.4859375 0.5666666671875 0.4890625 0.575
1 0.446875 0.6145833328125 0.4546875 0.6145833328125 0.4578125 0.6104166671875 0.4609375 0.5958333328125 0.4609375 0.58125 0.45625 0.5645833328125 0.45 0.55625 0.4421875 0.55625 0.434375 0.5666666671875 0.4328125 0.575 0.434375 0.59375 0.4390625 0.60625 0.446875 0.6145833328125