1 0.53324085 0.7638386749999999 0.49052036718750003 0.7537285875 0.482276628125 0.7946235359375 0.5249971109375 0.8047336265625 0.53324085 0.7638386749999999
1 0.477023659375 0.741308321875 0.4386128359375 0.7322181421875 0.428804621875 0.7808740249999999 0.4672154453125 0.78996420625 0.477023659375 0.741308321875
1 0.53947256875 0.70242150625 0.49949459375 0.6929604484375 0.49260673437499997 0.7271292546875 0.53258470625 0.7365903109375 0.53947256875 0.70242150625
1 0.5970415984375 0.6694160109375 0.5723590015625 0.6635747078125 0.5607777171875 0.7210263171875 0.5854603140625 0.7268676203125 0.5970415984375 0.6694160109375
1 0.5795297781250001 0.6462881296874999 0.5516972124999999 0.6397013640625 0.540846015625 0.6935312062500001 0.56867858125 0.7001179703125 0.5795297781250001 0.6462881296874999
1 0.6101287109375 0.608526215625 0.5858379015625 0.6027776328125001 0.574673809375 0.658159659375 0.59896461875 0.6639082421875 0.6101287109375 0.608526215625
1 0.59719379375 0.5810607046875 0.567010503125 0.573917625 0.5559507109374999 0.6287822578125 0.5861340015625001 0.6359253375 0.59719379375 0.5810607046875
1 0.60735349375 0.5449558078125001 0.5673755234375 0.5354947515624999 0.5600704671875001 0.5717331421875 0.6000484390625 0.5811941968750001 0.60735349375 0.5449558078125001
1 0.5186818765625001 0.508955496875 0.513980428125 0.5078428671874999 0.5060430578124999 0.5146376921875 0.50322433125 0.5204755624999999 0.5003039765625 0.534962640625 0.500935115625 0.5481218890624999 0.5058505078125 0.5644633484375 0.5152534015625 0.5666886078125 0.523607965625 0.5578242 0.5264266937500001 0.5519863296875 0.529347046875 0.5374992515625 0.5294486703125 0.5288500453125 0.525266040625 0.517018628125 0.5186818765625001 0.508955496875
1 0.5326235640625 0.5164397375 0.5040074234375 0.509667534375 0.49367771875 0.560910396875 0.5222938593750001 0.5676826015625 0.5326235640625 0.5164397375
1 0.6294523 0.49434071093750004 0.6008361578125 0.48756850937499996 0.590089259375 0.5408809531250001 0.6187054015625 0.54765315625 0.6294523 0.49434071093750004
2 0.3113468296875 0.7007445890625 0.2873067640625 0.695055346875 0.28101549062500003 0.72626465 0.30505555625 0.7319538921875 0.3113468296875 0.7007445890625
2 0.3238363921875 0.6557697453125 0.2977433625 0.6495946546875 0.291014034375 0.68297701875 0.317107065625 0.6891521093749999 0.3238363921875 0.6557697453125
2 0.3274360765625 0.6103823359375 0.3013430453125 0.60420724375 0.29483482968749997 0.6364927312499999 0.32092786093750003 0.6426678234375001 0.3274360765625 0.6103823359375
2 0.39107283593750003 0.6716925453125 0.3666253109375 0.6659068734375 0.3600086265625 0.6987304515625 0.3844561515625 0.7045161203125 0.39107283593750003 0.6716925453125
2 0.42496339531249994 0.6413446546875 0.39927782500000003 0.6352659921875 0.39254849687500004 0.6686483578125 0.41823406875 0.674727021875 0.42496339531249994 0.6413446546875
2 0.38346183906250003 0.54638418125 0.3594217734375 0.5406949375 0.35280508906249997 0.573518515625 0.3768451546875 0.579207759375 0.38346183906250003 0.54638418125
2 0.4279881796875 0.4695060578125 0.40639286874999997 0.46439538281250003 0.39955507031250004 0.49831583906250004 0.4211503828125 0.503426515625 0.4279881796875 0.4695060578125
2 0.409241603125 0.4481458625 0.38683137031250003 0.44284233124999994 0.38043162656249996 0.4745897265625 0.4028418578125 0.47989325781250003 0.409241603125 0.4481458625
2 0.37811026718749996 0.4013151078125 0.354477659375 0.39572229062500003 0.347969446875 0.4280077765625 0.371602053125 0.43360059218749997 0.37811026718749996 0.4013151078125
2 0.38701386718749997 0.3656176484375 0.3625663421875 0.3598319765625 0.35583701562500003 0.3932143421875 0.380284540625 0.39900001406249996 0.38701386718749997 0.3656176484375
0 0.15714033125 0.664001225 0.12852418906250002 0.6572290234375 0.1219533953125 0.6898249453124999 0.1505695375 0.6965971484375 0.15714033125 0.664001225
0 0.123020421875 0.64181079375 0.096363215625 0.6355021859375001 0.0892667578125 0.6707057843750001 0.11592396406250001 0.677014390625 0.123020421875 0.64181079375
0 0.1809259609375 0.48687390468749997 0.155851578125 0.48093988125 0.149068015625 0.51459129375 0.1741424 0.520525315625 0.1809259609375 0.48687390468749997
0 0.257728646875 0.3727500953125 0.2302878671875 0.36625605 0.2229828140625 0.40249443749999997 0.2504235921875 0.4089884828125 0.257728646875 0.3727500953125
1 0.5203346015625 0.7695443156249999 0.507064646875 0.7620672609375 0.49766175468749996 0.7598420046875 0.49212591874999995 0.762868540625 0.4893071921875 0.7687064109375 0.487221225 0.7790543249999999 0.48795398749999996 0.783564365625 0.49527091562500003 0.796137534375 0.505406571875 0.802872834375 0.5179437625000001 0.8058398453125 0.5214952546875 0.8045120171875 0.5254639390625 0.801114603125 0.5283842921875 0.786627525 0.52535161875 0.7772365671875 0.5203346015625 0.7695443156249999
1 0.4543003984375 0.7387386765625 0.4448975046875 0.73651341875 0.44092882187500004 0.73991083125 0.438527284375 0.74367911875 0.43477254375 0.7623053609375 0.444389384375 0.7797594484375 0.4509735484375 0.7878225796875 0.45880929375 0.7896769609375001 0.46831381250000004 0.7832530125 0.47071535000000003 0.779484725 0.47123416406249996 0.7687659359375 0.46746872812499995 0.754864934375 0.45858465156249995 0.7419208875 0.4543003984375 0.7387386765625
1 0.5271006203125 0.695254546875 0.5101775515625 0.6977545296875001 0.5002558390625 0.706248059375 0.497854303125 0.7100163484375 0.4949339515625 0.724503425 0.4999509671875 0.7321956796875 0.5156224578125 0.7359044421875 0.52784408125 0.7322918296875 0.5342143 0.7251261296875 0.5370330296875 0.7192882578125 0.538701803125 0.711009928125 0.5379690390625 0.7064998874999999 0.534519171875 0.699178509375 0.5271006203125 0.695254546875
1 0.5860104484375 0.6636613578125 0.5828761499999999 0.6629196046875 0.5636638656249999 0.6930659140625 0.56199509375 0.70134424375 0.5623106625000001 0.7079238671875 0.5637761859375 0.71694395 0.5707775453124999 0.722937496875 0.57391184375 0.72367925 0.586235090625 0.71141743125 0.5894710109375 0.7035099781249999 0.59322575 0.6848837359375 0.59291018125 0.6783041109375 0.5898775078125 0.668913153125 0.5860104484375 0.6636613578125
1 0.5748264609375 0.64583639375 0.563856415625 0.643240259375 0.560304925 0.6445680890625 0.5503832156249999 0.65306161875 0.547147290625 0.6609690734375 0.542140971875 0.6858040609375 0.5444408843749999 0.6906849796875 0.5487251390625 0.6938671921874999 0.5549937328125 0.6953506968750001 0.558545225 0.6940228671875001 0.570868471875 0.6817610484375 0.5765059296875 0.6700853062500001 0.5794262828125001 0.6555982296875 0.5786935203125 0.6510881875 0.5748264609375 0.64583639375
1 0.5985262453125 0.601573884375 0.595391946875 0.60083213125 0.5801483484375 0.6275810265625 0.578479575 0.6358593578125 0.5787951437500001 0.64243898125 0.58256058125 0.65633998125 0.5879947890625 0.6619626515625 0.595514965625 0.6572374109375 0.6003180359375 0.6497008328125 0.603136765625 0.6438629625 0.607308696875 0.6231671375000001 0.6058431734374999 0.6141470546875001 0.6023933046875001 0.606825678125 0.5985262453125 0.601573884375
1 0.5913109421875 0.58035150625 0.5819080484375 0.5781262484374999 0.574387871875 0.5828514921875 0.5704191875 0.586248903125 0.5627973875000001 0.5996233515625 0.560294228125 0.612040846875 0.560609796875 0.6186204703125 0.564792428125 0.6304518890625 0.572628171875 0.6323062687500001 0.5781640046875001 0.6292797343750001 0.5897544906250001 0.612507871875 0.5929904125000001 0.6046004203125 0.5950763765625 0.5942525062499999 0.594028046875 0.5831628421875 0.5913109421875 0.58035150625
1 0.5689429640625 0.544701578125 0.56413989375 0.5522381546874999 0.562053928125 0.5625860671875 0.56780370625 0.5747883609375 0.5803409 0.5777553734375 0.58901103125 0.575470590625 0.600499890625 0.5673479359375 0.602901425 0.5635796453124999 0.6041530046875 0.5573708984375 0.59955318125 0.5476090640625 0.5925518234375 0.5416155171875 0.5800146328125 0.53864850625 0.5689429640625 0.544701578125
1 0.5951566078125 0.5205488171875 0.5962049406250001 0.5316384828125 0.6045702000000001 0.5553013171875001 0.607704496875 0.5560430703125 0.6188777875 0.5413407921875 0.6241996765625 0.5230854265625 0.6244029249999999 0.505787015625 0.6170859953125001 0.49321384375 0.6092502515625 0.4913594609375 0.6056987609375 0.492687290625 0.598911346875 0.501922575 0.5951566078125 0.5205488171875