1 0.43228906250000004 0.3625104171875 0.3906171875 0.3625104171875 0.3906171875 0.40486458281250004 0.43228906250000004 0.40486458281250004 0.43228906250000004 0.3625104171875
1 0.478125 0.4444479171875 0.4375 0.4444479171875 0.4375 0.47846875000000005 0.478125 0.47846875000000005 0.478125 0.4444479171875
1 0.524484375 0.5506875 0.49167187500000004 0.5506875 0.49167187500000004 0.6027708328125 0.524484375 0.6027708328125 0.524484375 0.5506875
1 0.525 0.6006979171875 0.4890625 0.6006979171875 0.4890625 0.6368020828125001 0.525 0.6368020828125001 0.525 0.6006979171875
1 0.48958593749999996 0.5888854171875 0.4500078125 0.5888854171875 0.4500078125 0.6319479171875 0.48958593749999996 0.6319479171875 0.48958593749999996 0.5888854171875
2 0.7208359375 0.35903125 0.6947890625 0.35903125 0.6947890625 0.38959375 0.7208359375 0.38959375 0.7208359375 0.35903125
2 0.7130156249999999 0.48541666718750004 0.6895781249999999 0.48541666718750004 0.6895781249999999 0.51875 0.7130156249999999 0.51875 0.7130156249999999 0.48541666718750004
2 0.6947890625 0.59028125 0.6671796875 0.59028125 0.6671796875 0.6243020828125 0.6947890625 0.6243020828125 0.6947890625 0.59028125
2 0.7171953125 0.5986145828125 0.6958359375 0.5986145828125 0.6958359375 0.6326354171874999 0.7171953125 0.6326354171874999 0.7171953125 0.5986145828125
2 0.6697890625 0.6097291671875 0.6468671875 0.6097291671875 0.6468671875 0.6451458328124999 0.6697890625 0.6451458328124999 0.6697890625 0.6097291671875
0 0.9125078125 0.28403125 0.8864609375000001 0.28403125 0.8864609375000001 0.32084375 0.9125078125 0.32084375 0.9125078125 0.28403125
0 0.9031328125 0.4097291671875 0.8770859375000001 0.4097291671875 0.8770859375000001 0.44722916718750005 0.9031328125 0.44722916718750005 0.9031328125 0.4097291671875
0 0.9010390625 0.48611458281250003 0.8749921875 0.48611458281250003 0.8749921875 0.5229270828125 0.9010390625 0.5229270828125 0.9010390625 0.48611458281250003
0 0.900515625 0.6180520828125 0.875515625 0.6180520828125 0.875515625 0.6499895828125 0.900515625 0.6499895828125 0.900515625 0.6180520828125
1 0.403125 0.40416666718750005 0.409375 0.40833333281249995 0.4265625 0.40833333281249995 0.43125 0.40208333281249997 0.43125 0.3854166671875 0.4203125 0.3708333328125 0.4046875 0.3645833328125 0.39375 0.36875 0.3921875 0.3729166671875 0.3921875 0.3875 0.3953125 0.3958333328125 0.403125 0.40416666718750005
1 0.4484375 0.48125 0.4609375 0.48125 0.465625 0.4791666671875 0.471875 0.475 0.4765625 0.46458333281249997 0.4765625 0.45 0.4734375 0.4458333328125 0.465625 0.44375 0.45 0.4458333328125 0.4390625 0.45625 0.4359375 0.46458333281249997 0.4359375 0.47291666718750003 0.4390625 0.4770833328125 0.4484375 0.48125
1 0.5078125 0.6020833328124999 0.5203125 0.6041666671875 0.521875 0.6020833328124999 0.521875 0.5729166671875 0.515625 0.5604166671875 0.5125 0.55625 0.5046875 0.5520833328125 0.5 0.5520833328125 0.49375 0.55625 0.4921875 0.5604166671875 0.490625 0.56875 0.4921875 0.5791666671875 0.5 0.59375 0.5078125 0.6020833328124999
1 0.4578125 0.6354166671875 0.4640625 0.6354166671875 0.4890625 0.6229166671875 0.4921875 0.60625 0.4859375 0.5958333328125 0.4828125 0.59375 0.475 0.59375 0.459375 0.6020833328124999 0.4515625 0.6104166671875 0.45 0.6145833328125 0.45 0.625 0.4515625 0.6291666671875 0.4578125 0.6354166671875
1 0.5140625 0.6395833328125 0.5203125 0.6395833328125 0.521875 0.6291666671875 0.521875 0.60625 0.5203125 0.6041666671875 0.5140625 0.6020833328124999 0.4984375 0.6020833328124999 0.4921875 0.6083333328125 0.490625 0.6208333328125 0.496875 0.6291666671875 0.509375 0.6375 0.5140625 0.6395833328125