1 0.395729553125 0.1777062546875 0.355611675 0.185404621875 0.3645966671875 0.2305396328125 0.40471454375000004 0.222841265625 0.395729553125 0.1777062546875
1 0.43805443281249995 0.1713215703125 0.397317353125 0.1791387609375 0.406968540625 0.2276203265625 0.44770562187499996 0.21980313749999997 0.43805443281249995 0.1713215703125
1 0.37321821875 0.214998921875 0.3393738515625 0.22149344375000002 0.3510193015625 0.2799929375 0.3848636671875 0.273498415625 0.37321821875 0.214998921875
1 0.41647471875 0.236196765625 0.38326585 0.24256933906249997 0.3957462078125 0.3052628890625 0.428955075 0.29889031718750003 0.41647471875 0.236196765625
1 0.361680446875 0.2779696921875 0.3334740921875 0.2833823140625 0.34661631875 0.3494006890625 0.37482267343750003 0.3439880671875 0.361680446875 0.2779696921875
1 0.4508979359375 0.3241781125 0.4139249625 0.33127299374999997 0.424739828125 0.3856001625 0.461712803125 0.37850528125 0.4508979359375 0.3241781125
1 0.38522076875 0.3897205078125 0.3551405078125 0.395492721875 0.36711905312500004 0.4556654921875 0.397199315625 0.4498932796875 0.38522076875 0.3897205078125
1 0.42637426562499997 0.4460319859375 0.39440380468749997 0.452166915625 0.4068841609375 0.5148604671875 0.438854621875 0.5087255374999999 0.42637426562499997 0.4460319859375
1 0.40044525625 0.47269999062499996 0.3741291015625 0.47774989687499997 0.3856101640625 0.5354236171875 0.41192631874999996 0.5303737125 0.40044525625 0.47269999062499996
1 0.526583625 0.5618186796875 0.5285448078125 0.5546740453125001 0.52475235 0.5441212984375 0.5197630046875 0.5360543265625 0.5156388484375001 0.532333528125 0.5045641671875 0.52769039375 0.49924312187500003 0.5264553703125 0.4862072546875 0.5289568703125 0.47979021875 0.5392126562499999 0.4790259234375 0.543871515625 0.4811888984375 0.5547369484375 0.48824032187500005 0.56466431875 0.4919318828125 0.56621203125 0.508659309375 0.56525824375 0.526583625 0.5618186796875
1 0.5206227421875 0.5207847671875 0.4780117546875 0.5289615453125001 0.486166165625 0.56992423125 0.5287771515624999 0.5617474515625 0.5206227421875 0.5207847671875
2 0.6235281390625 0.161765715625 0.5934478796875 0.16753792812499999 0.6004342828125 0.20263327968749997 0.63051454375 0.196861065625 0.6235281390625 0.161765715625
2 0.640856428125 0.22263782187499997 0.6164141796875 0.227328134375 0.6235692953124999 0.2632709890625 0.64801154375 0.25858067500000004 0.640856428125 0.22263782187499997
2 0.6574136625 0.2567764671875 0.6329714156249999 0.26146678125 0.639460334375 0.29406308124999997 0.6639025828125 0.2893727671875 0.6574136625 0.2567764671875
2 0.5775843093749999 0.3068053 0.551887359375 0.3117363828125 0.5578787953125001 0.3418336328125 0.5835757453125 0.33690254999999997 0.5775843093749999 0.3068053
2 0.578890034375 0.33953890468750003 0.5531930843749999 0.3444699890625 0.55934890625 0.3753930109375 0.5850458578125 0.370461928125 0.578890034375 0.33953890468750003
2 0.6171932375 0.339126265625 0.5914962874999999 0.3440573484375 0.5979852078125 0.3766536484375 0.6236821578125 0.371722565625 0.6171932375 0.339126265625
2 0.6682998796875 0.3735838828125 0.6432384265625 0.37839301718749996 0.6498917328125 0.41181509062500005 0.6749531859375 0.40700595625 0.6682998796875 0.3735838828125
2 0.6035239906250001 0.407706359375 0.577207834375 0.41275626406250004 0.5841942390625 0.44785161406249996 0.61051039375 0.44280171093750004 0.6035239906250001 0.407706359375
2 0.6367539828125001 0.44384591562500003 0.6110570328125 0.44877700000000004 0.6177103390625 0.48219907187500005 0.6434072890625 0.4772679875 0.6367539828125001 0.44384591562500003
2 0.677376396875 0.45512604687499997 0.653553353125 0.459697540625 0.659544790625 0.48979478906249996 0.683367834375 0.4852232984375 0.677376396875 0.45512604687499997
0 0.8062274578125 0.196995628125 0.7761471984375 0.20276784062500003 0.7834667 0.2395364671875 0.8135469609375001 0.2337642546875 0.8062274578125 0.196995628125
0 0.84376005 0.2383897296875 0.8130442921875 0.244283890625 0.8196975984374999 0.2777059625 0.85041335625 0.271811803125 0.84376005 0.2383897296875
0 0.8422141218749999 0.410488315625 0.8146432671875001 0.4157789890625 0.8217983828125 0.45172184375 0.8493692390625001 0.44643116875000005 0.8422141218749999 0.410488315625
0 0.8063922953124999 0.44945530624999996 0.7794406406250001 0.4546271578125 0.7869288546875 0.49224328906250003 0.8138805078125 0.4870714359375 0.8063922953124999 0.44945530624999996
1 0.398274484375 0.2232084734375 0.40110085624999997 0.2204100125 0.4014325546875 0.21357806406250002 0.3992695828125 0.20271263125 0.3967749109375 0.1986791453125 0.38440244218749997 0.18751675 0.37908139687500003 0.1862817265625 0.3644160484375 0.18909591406249998 0.3555043390625 0.1953182125 0.3551726375 0.2021501609375 0.35853250000000003 0.21052982031249998 0.3667808140625 0.21797141718750002 0.3782880921875 0.22478763906250002 0.38523861875 0.225709975 0.398274484375 0.2232084734375
1 0.442501334375 0.1989289265625 0.4400066640625 0.1948954421875 0.43175835156250003 0.1874538453125 0.423942634375 0.182185334375 0.41286795156249995 0.1775422 0.404720534375 0.17910563906250002 0.40112986875 0.1865629609375 0.400033875 0.198053771875 0.4116420484375 0.21387502656250001 0.43053244843750005 0.22378666875 0.44030935 0.22191054375000002 0.44433260937499997 0.2166263078125 0.44509690312499994 0.21196744843749998 0.442501334375 0.1989289265625
1 0.3756344984375 0.27944321875 0.3788934640625 0.27881784375 0.3812872421875 0.2738462953125 0.3819506390625 0.26018240000000004 0.379355071875 0.24714388125000003 0.3730679421875 0.2325576484375 0.36232495781249996 0.2210825671875 0.3488564984375 0.22141097968749998 0.34526583125 0.22886830156250002 0.34450153906250003 0.2335271640625 0.3475297 0.2487387703125 0.35088956250000003 0.2571184296875 0.35837358125 0.2692188859375 0.36455981406250004 0.2748000859375 0.3756344984375 0.27944321875
1 0.41787115156250004 0.29615535937500004 0.42092832812500003 0.2775199140625 0.4208274328125 0.2685148796875 0.41693408125 0.24895710000000001 0.4144394078125 0.24492361406250002 0.40662369218750005 0.239655103125 0.3989088703125 0.2433916296875 0.3921601328125 0.26047936250000003 0.3902998484375 0.27662903125 0.3904007421875 0.285634065625 0.3941931984375 0.2961868109375 0.40037943125000003 0.30176800937500003 0.4077625546875 0.30486343125 0.41547737656250006 0.3011269078125 0.41787115156250004 0.29615535937500004
1 0.35678696875 0.3462307109375 0.36330490000000004 0.3449799609375 0.366131271875 0.3421814984375 0.37048623125 0.3300653140625 0.3703853359375 0.3210602796875 0.36649198437499997 0.3015025 0.3585753703125 0.28722895625 0.3528217328125 0.28382084375 0.3446743171875 0.2853842828125 0.34065105625 0.2906685203125 0.338358175 0.30464510312500004 0.338026475 0.3114770515625 0.3419198265625 0.3310348296875 0.34441449999999996 0.3350683171875 0.351033328125 0.3428226 0.35678696875 0.3462307109375
1 0.4482108078125 0.3805773265625 0.45429614531249995 0.3771534890625 0.4574542140625 0.36752307968750003 0.45615643125 0.36100381875 0.45279656875 0.352624159375 0.4407558015625 0.33462981875 0.42598955624999996 0.328438971875 0.41990421875 0.331862809375 0.4158809578125 0.33714704375000004 0.41511666406250003 0.34180590624999996 0.41727963749999997 0.3526713390625 0.4202069046875 0.3588779109375 0.42682573437500004 0.3666321953125 0.4428897625 0.379342303125 0.4482108078125 0.3805773265625
1 0.38895789375 0.44835005937499994 0.392880259375 0.4340607890625 0.3932119578125 0.42722884062500005 0.3897512015625 0.409844146875 0.38389666718750004 0.397431003125 0.3781430265625 0.39402289218750003 0.3687987234375 0.3980721046875 0.3659723515625 0.400870565625 0.36248258125 0.4173329234375 0.3625834765625 0.4263379578125 0.36690942187500003 0.4480688234375 0.3694040953125 0.45210231093750003 0.3714661734375 0.453962709375 0.386131521875 0.451148521875 0.38895789375 0.44835005937499994
1 0.4045313015625 0.5265811796875 0.4088862625 0.5144649953125 0.4079201765625 0.5011137890625 0.40066696406249996 0.47317634843749995 0.3961102140625 0.46728246406249996 0.389159684375 0.4663601296875 0.3863333125 0.46915859062500004 0.380348871875 0.4815874625 0.3795845765625 0.4862463234375 0.3793537734375 0.5020833046875001 0.3836797203125 0.523814171875 0.3861743921875 0.52784765625 0.3935575140625 0.530943078125 0.400075446875 0.5296923296875 0.4045313015625 0.5265811796875
1 0.43465530625 0.4824468921875 0.4299976609375 0.4675479734375 0.4250083171875 0.4594810015625 0.4155631171875 0.45452517812500004 0.40861258749999996 0.45360284375 0.40252725 0.4570266796875 0.40056606875 0.46417131562499997 0.40239734218749995 0.481868696875 0.4095496609375 0.5008011015625 0.4149716 0.511041159375 0.417033678125 0.512901559375 0.431699028125 0.5100873703125 0.4348571 0.5004569609375 0.43465530625 0.4824468921875