1 0.5938553734375 0.606431515625 0.6358119578125 0.598411859375 0.62830075 0.5559249640624999 0.586344165625 0.5639446203125 0.5938553734375 0.606431515625
1 0.5331752468750001 0.5330582625 0.5740778062499999 0.5252400749999999 0.5680444546875 0.49111262499999997 0.5271418953125 0.4989308140625 0.5331752468750001 0.5330582625
1 0.46765830781249995 0.4354075 0.500694990625 0.42909281093749996 0.491458384375 0.37684625625 0.45842170312499997 0.383160946875 0.46765830781249995 0.4354075
1 0.458270171875 0.38533959218749997 0.4944532046875 0.37842350156250004 0.4880503890625 0.342206190625 0.4518673578125 0.34912228125 0.458270171875 0.38533959218749997
1 0.49602105312500006 0.3903737546875 0.535869584375 0.3827570328125 0.528232759375 0.339559584375 0.488384228125 0.3471763046875 0.49602105312500006 0.3903737546875
2 0.303954090625 0.6654517734375001 0.3301789234375 0.6604391125 0.3247588828125 0.6297808359375 0.2985340515625 0.634793496875 0.303954090625 0.6654517734375001
2 0.2894142875 0.5371652874999999 0.3130119171875 0.53265479375 0.3071004890625 0.49921699999999997 0.2835028609375 0.50372749375 0.2894142875 0.5371652874999999
2 0.2891683953125 0.42846441874999996 0.3169664046875 0.42315105781250006 0.31093305312499997 0.389023609375 0.2831350453125 0.39433697031250003 0.2891683953125 0.42846441874999996
2 0.2651312046875 0.42441700156250006 0.28663651093750003 0.42030643906250004 0.28060316093750004 0.386178990625 0.2590978546875 0.390289553125 0.2651312046875 0.42441700156250006
2 0.310890253125 0.4041443625 0.3339687359375 0.39973310156249997 0.32768784375000004 0.3642054453125 0.30460936250000004 0.3686167078125 0.310890253125 0.4041443625
0 0.12427338437499999 0.7775736234374999 0.15049821875 0.7725609625 0.1439697859375 0.7356330984375 0.1177449515625 0.7406457609375 0.12427338437499999 0.7775736234374999
0 0.11142081562499999 0.6496775984375 0.137645646875 0.6446649359375 0.13099529062499998 0.6070474171875 0.104770459375 0.6120600781250001 0.11142081562499999 0.6496775984375
0 0.0999824640625 0.5726498656250001 0.126207296875 0.5676372046875 0.11967886406249999 0.5307093390625 0.09345403125 0.5357220015624999 0.0999824640625 0.5726498656250001
0 0.077111309375 0.4401981640625 0.10228211406250001 0.43538697031250007 0.09661822812500001 0.40334938593749997 0.0714474234375 0.4081605796875 0.077111309375 0.4401981640625
1 0.604437753125 0.59577765625 0.6212778984375 0.599040246875 0.631551196875 0.592755625 0.6323854421874999 0.5882752015625 0.62979919375 0.5736461671875001 0.6251749875 0.56588811875 0.615831253125 0.559032165625 0.6087996234374999 0.5560552421875 0.5914946953125 0.5593629359375 0.5878835609374999 0.5665346203125 0.590839275 0.5832535171875 0.604437753125 0.59577765625
1 0.5340497546874999 0.5012076359375001 0.5311775515625 0.512559046875 0.5337638015625 0.527188078125 0.5376490796875 0.5307664046875 0.5458844203125001 0.5313527703125 0.561246709375 0.5262559125 0.570411615625 0.5137017046875 0.572080109375 0.5047408578125 0.5706022515625 0.4963814078125 0.5667169734375 0.49280308437500003 0.55653899375 0.49042755781249997 0.5439535906249999 0.492833153125 0.539603528125 0.4958251140625 0.5340497546874999 0.5012076359375001
1 0.4663433265625 0.41260650312499997 0.4748528140625 0.423942878125 0.47873809375 0.42752120312499997 0.4873428984375 0.43019742812499995 0.49206242343750006 0.4292953296875 0.49761619687499997 0.42391280781249996 0.4984504453125 0.419432384375 0.49854576249999993 0.4107722359375 0.49512526718750005 0.40062362656249995 0.4846731390625 0.3874980890625 0.47532940625000003 0.38064213750000003 0.46237454062500005 0.380957871875 0.46117082812500004 0.3833484328125 0.4663433265625 0.41260650312499997
1 0.49846225312500003 0.3827019296875 0.50197806875 0.38419039375 0.5098439453125 0.3826868953125 0.5240978421875 0.37132045156250004 0.5304858609374999 0.36145750625 0.5313201078125 0.35697708125 0.5294727875 0.346527771875 0.5271606828125 0.342648746875 0.5197595890625 0.3375819578125 0.5134668875 0.33878475625000004 0.49051286875000005 0.356135121875 0.4903222328125 0.37345541875 0.49846225312500003 0.3827019296875
1 0.46903670468750003 0.3818449359375 0.484768459375 0.378837940625 0.48995276875 0.37136555625 0.48930915781250006 0.35852568281249997 0.48153860000000004 0.3513690328125 0.4674753390625 0.34541518125000004 0.4623863484375 0.34422741874999996 0.45609364843750005 0.3454302171875 0.45636779375 0.356180225 0.4604319 0.37916870937499997 0.46237454062500005 0.380957871875 0.46903670468750003 0.3818449359375