0 0.445333425 0.18325149999999998 0.44586334843750003 0.1569086515625 0.40528013124999995 0.154891265625 0.40475020937500006 0.18123411250000002 0.445333425 0.18325149999999998
0 0.46490167656250003 0.2088616203125 0.465414525 0.1833674875 0.4292222078125 0.181568371875 0.42870935781249997 0.2070625046875 0.46490167656250003 0.2088616203125
0 0.5391722375 0.1846895 0.5397458281249999 0.156175896875 0.5031187687500001 0.15435517031249998 0.502545178125 0.18286877343750002 0.5391722375 0.1846895
0 0.6285815484375 0.2532680140625 0.6289663484375 0.23413925624999998 0.5932305109375 0.23236283281249998 0.5928457093749999 0.2514915921875 0.6285815484375 0.2532680140625
0 0.6762249546875 0.13038270624999998 0.676791978125 0.1021955328125 0.6379259937499999 0.10026351093750001 0.6373589703125 0.128450684375 0.6762249546875 0.13038270624999998
2 0.358511834375 0.3440616390625 0.3590135203125 0.3191224359375 0.323321159375 0.3173481734375 0.3228194734375 0.342287375 0.358511834375 0.3440616390625
2 0.389379446875 0.3888176828125 0.389888684375 0.3635030859375 0.35667435468750003 0.3618520046875 0.3561651171875 0.3871666015625 0.389379446875 0.3888176828125
2 0.44943730156250006 0.3388932203125 0.4499166625 0.31506387812500003 0.41670233124999995 0.31341279843750003 0.4162229734375 0.337242140625 0.44943730156250006 0.3388932203125
2 0.5102349734375 0.32736666406250003 0.5107291078125 0.3028028578125 0.4770148234375 0.301126925 0.47652068906249995 0.3256907328125 0.5102349734375 0.32736666406250003
2 0.6160425640625 0.44555313906249994 0.6165294734375 0.4213484046875 0.582815190625 0.41967247187499995 0.5823282796875 0.4438772078125 0.6160425640625 0.44555313906249994
1 0.40584925624999996 0.6263219343750001 0.40679319999999997 0.5793977171875 0.3629059421875 0.5772160875 0.36196199687499997 0.6241403046875 0.40584925624999996 0.6263219343750001
1 0.4455870359375 0.5757222921875 0.44642985625 0.5338250859375 0.40773776875 0.53190170625 0.40689494843749996 0.5737989140625 0.4455870359375 0.5757222921875
1 0.53666423125 0.6268287609375001 0.5372483265625 0.5977928703125001 0.47581920625 0.5947392375 0.4752351078125 0.6237751281249999 0.53666423125 0.6268287609375001
1 0.645151153125 0.5566593609375 0.645663675 0.5311815515625 0.582930325 0.528063084375 0.58241780625 0.5535408953125 0.645151153125 0.5566593609375
1 0.6443703171874999 0.5311172578125001 0.6450647296875001 0.49659735468750005 0.6136980546874999 0.49503812187499996 0.6130036421875 0.529558025 0.6443703171874999 0.5311172578125001
1 0.3985971828125 0.616362984375 0.40307594062499996 0.6100505093749999 0.405380984375 0.6036299765625001 0.40350276875 0.5888326015625001 0.4013947203125 0.5854602515625 0.3927983671875 0.580131590625 0.38192980468750004 0.579591315625 0.36869053125 0.5887358671875 0.366451153125 0.59189210625 0.3641461078125 0.5983126375000001 0.3638506125 0.613001959375 0.365925828125 0.618006453125 0.37234846718750003 0.623227059375 0.381010484375 0.625291425 0.3941840921875 0.61941116875 0.3985971828125 0.616362984375
1 0.42856275781250003 0.5328960687500001 0.4155204796875 0.5322477390625 0.41110739062499996 0.5352959234375 0.41068056249999996 0.5565138296875001 0.42125363125000004 0.5717434265625 0.42556822343749995 0.5735916828125001 0.43643678750000003 0.5741319578125 0.443023590625 0.571191828125 0.4475023484375 0.5648793515625 0.44773217968749995 0.5534543249999999 0.44361458281250005 0.5418131890625 0.42856275781250003 0.5328960687500001
1 0.53570525 0.6150097140625 0.535902246875 0.6052168328125 0.5316204875 0.6017364296875 0.5229913015625 0.5980399171874999 0.5121555703125 0.5958674953124999 0.48600535312500004 0.5978351296875 0.47941855 0.600775259375 0.47497262500000004 0.6054555890625 0.47484129375000006 0.611984175 0.4812311 0.618836928125 0.49200116562499996 0.6242736421874999 0.509358034375 0.6267702265625 0.5246068562499999 0.6258944671875 0.5334330390625001 0.6197981 0.53570525 0.6150097140625
1 0.6458683640625 0.5469658609375 0.6438259828125 0.5403292171875 0.630947871875 0.5315201546874999 0.6244595671875001 0.5295638421875 0.5962013015625 0.528159128125 0.5852670718749999 0.530883146875 0.5807883140625 0.5371956234375 0.5828306953125 0.5438322671875 0.5913942171875 0.550793071875 0.6043708265625 0.5547056953125 0.632629090625 0.5561104109375 0.63700935 0.5546943734374999 0.6458355328125001 0.54859800625 0.6458683640625 0.5469658609375
1 0.6381585000000001 0.49756923906250006 0.616421371875 0.49648868906250004 0.6142148265625 0.49801278125000004 0.6119754484375 0.5011690203125 0.61174561875 0.5125940453125 0.615896046875 0.5226030374999999 0.6201449734375 0.5277155859375 0.630947871875 0.5315201546874999 0.6397412203124999 0.527055934375 0.6465250218749999 0.5143229265625 0.64672201875 0.5045300453125 0.64464680625 0.49952555 0.6381585000000001 0.49756923906250006