0 0.22908519374999997 0.1812835671875 0.22216237031250002 0.15465995 0.18792704375 0.16356201406249998 0.19484986875000002 0.1901856296875 0.22908519374999997 0.1812835671875
0 0.2988250875 0.2372916296875 0.2916299703125 0.2096208390625 0.2553146328125 0.219063759375 0.26250975 0.24673455 0.2988250875 0.2372916296875
0 0.5126969234375001 0.1220370609375 0.5061784125 0.09696834062500001 0.469863075 0.1064112609375 0.47638158593749996 0.13147998125 0.5126969234375001 0.1220370609375
0 0.5613100171875 0.1913475359375 0.5562849875 0.17202241093749998 0.5220496625 0.1809244734375 0.5270746921875 0.20024959999999997 0.5613100171875 0.1913475359375
0 0.5698968421874999 0.0580996515625 0.5637867703125 0.0346016921875 0.5309522703125 0.043139504687500003 0.53706234375 0.066637465625 0.5698968421874999 0.0580996515625
2 0.6034525765625001 0.3821758359375 0.59679791875 0.356583528125 0.56188340625 0.36566219843750003 0.5685380640625 0.3912545046875 0.6034525765625001 0.3821758359375
2 0.46864915625 0.2996034171875 0.4622667921875 0.27505828125 0.42873188281249996 0.2837782203125 0.435114246875 0.308323353125 0.46864915625 0.2996034171875
2 0.3896839546875 0.3257178140625 0.38343773593749997 0.30169626875 0.3492024109375 0.31059833281250004 0.3554486296875 0.33461987656250003 0.3896839546875 0.3257178140625
2 0.41942083593749996 0.4199924265625 0.412902325 0.39492370625 0.3807682375 0.40327939375 0.38728675 0.42834811406249995 0.41942083593749996 0.4199924265625
2 0.2987343265625 0.37166731406250003 0.2923519625 0.34712217968750003 0.2595174640625 0.3556599921875 0.265899828125 0.3802051265625 0.2987343265625 0.37166731406250003
1 0.3890285484375 0.5783986718749999 0.380067659375 0.543937115625 0.32348280156250003 0.55865063125 0.3324436921875 0.5931121874999999 0.3890285484375 0.5783986718749999
1 0.444379971875 0.619201778125 0.4328405578125 0.574823796875 0.3937235703125 0.5849952171874999 0.405262984375 0.6293731984375001 0.444379971875 0.619201778125
1 0.571807984375 0.5816037828125 0.563795990625 0.55079146875 0.504430709375 0.566227965625 0.5124427015624999 0.5970402796875 0.571807984375 0.5816037828125
1 0.649078625 0.517469896875 0.641338925 0.48770475781249994 0.5791719921875 0.5038697578125 0.5869116921875001 0.533634896875 0.649078625 0.517469896875
1 0.598632153125 0.4753998484375 0.5914370375 0.44772905781250005 0.531371340625 0.46334768125 0.5385664578125 0.49101847187500003 0.598632153125 0.4753998484375
1 0.38828433125 0.5588920703125 0.38622151250000003 0.5509589312500001 0.37649396875 0.5484066265624999 0.35526934374999997 0.553925575 0.3493145171875 0.5571678859375 0.34164979687499997 0.5625487234375 0.331390403125 0.575379859375 0.3287957328125 0.582830159375 0.332568453125 0.5886247765625 0.3401735328125 0.591728975 0.361398159375 0.5862100265625 0.380559965625 0.5727579390625 0.3873995625 0.5642038484375 0.38828433125 0.5588920703125
1 0.4409284015625 0.6044899390625 0.44140060937500003 0.59759153125 0.43556507031249997 0.5838637765625 0.42501239843749994 0.5781382171875 0.41227762187500006 0.5814495843749999 0.4084452609375 0.584140003125 0.4007208953125 0.5980058703125 0.39983612343749997 0.6033176499999999 0.40396176562499997 0.6191839296875 0.40732192031250003 0.62339191875 0.41492699843749997 0.62649611875 0.41958448906249995 0.6269789546875 0.4259518765625 0.6253232718749999 0.4383337328125 0.611940240625 0.4409284015625 0.6044899390625
1 0.5675106796875 0.559717959375 0.562440628125 0.5576484953125 0.5442232328125 0.55730376875 0.5336109203125 0.5600632437499999 0.517456346875 0.56765165625 0.513623984375 0.570342075 0.5089068515624999 0.57834426875 0.510557109375 0.58469078125 0.5232322421875 0.589864446875 0.530424759375 0.59138201875 0.5601392374999999 0.583655490625 0.56910129375 0.5745495046875 0.5699860625000001 0.569237725 0.5675106796875 0.559717959375
1 0.5922793265624999 0.47197003125 0.5948739953125 0.464519728125 0.593636303125 0.4597598453125 0.5881536859375001 0.45610375000000003 0.5695237265624999 0.4541723984375 0.5610338765625 0.45637997812500003 0.5406343796875 0.46507218281249996 0.5350921171875 0.469901121875 0.537980065625 0.48100751875 0.5481201718750001 0.48514644999999995 0.5527776609374999 0.4856292875 0.561680078125 0.4850083359375 0.576537315625 0.48114507343749996 0.5846146015625 0.4773508640625 0.5922793265624999 0.47197003125
1 0.636612471875 0.49432037500000003 0.62093010625 0.495010384375 0.6060728656250001 0.498873646875 0.59033085625 0.508048690625 0.5834912625 0.5166027796875 0.58555408125 0.5245359203125 0.5982292140625 0.5297095859375001 0.6071316312499999 0.5290886343750001 0.6258212296875 0.522534953125 0.6373183140625 0.5144637000000001 0.6437453468750001 0.50432298125 0.641682525 0.49638984218750004 0.636612471875 0.49432037500000003