1 0.5142837124999999 0.2671982453125 0.5531949203125001 0.2736798234375 0.5619299609375 0.22727482656250003 0.523018753125 0.2207932484375 0.5142837124999999 0.2671982453125
1 0.4897172375 0.3244049390625 0.5353138375000001 0.332000128125 0.5443557218749999 0.2839650296875 0.49875911874999995 0.27636984062500003 0.4897172375 0.3244049390625
1 0.406282090625 0.3080068625 0.4360739765625 0.3129694015625 0.4466500703125 0.25678379218749997 0.416858184375 0.2518212515625 0.406282090625 0.3080068625
1 0.43435320156249996 0.342071265625 0.481767346875 0.349969209375 0.48774479218750005 0.318213965625 0.440330646875 0.31031602343750003 0.43435320156249996 0.342071265625
1 0.4704469515625 0.39677324375 0.5044903078125 0.402443965625 0.51460414375 0.34871409375 0.48056079062499996 0.343043371875 0.4704469515625 0.39677324375
1 0.3932851765625 0.3604268 0.42854549375 0.3663002359375 0.43835647499999997 0.314179296875 0.40309615625 0.3083058609375 0.3932851765625 0.3604268
1 0.416022459375 0.4062009203125 0.444597384375 0.410960746875 0.456400846875 0.3482547265625 0.4278259203125 0.3434949 0.416022459375 0.4062009203125
1 0.379816375 0.42535540781250003 0.41082522499999996 0.4305206609375 0.420480790625 0.379225359375 0.389471940625 0.3740601046875 0.379816375 0.42535540781250003
1 0.46579400312499997 0.5201242015624999 0.47054893125 0.5121826671874999 0.47254141406250005 0.5015975859374999 0.47057595937499996 0.49472000625 0.451610303125 0.4915608296875 0.4480508625 0.49315131718750005 0.43617705625000003 0.5042738265625 0.42984165625 0.511952096875 0.42705218125 0.526771209375 0.432178578125 0.5341753171875 0.4432418796875 0.536018171875 0.45787813125000004 0.5275392078125 0.46579400312499997 0.5201242015624999
1 0.4238859328125 0.5309490125 0.46643222656249994 0.5380361 0.4747089953125 0.49406567343749996 0.43216270156250003 0.4869785859375 0.4238859328125 0.5309490125
1 0.36369837031249996 0.52427486875 0.39105633125 0.5288319828125 0.40224610937499994 0.46938616718750004 0.3748881484375 0.464829053125 0.36369837031249996 0.52427486875
2 0.6557375203125 0.3050401125 0.6794445921875 0.308989084375 0.6852706078125 0.27803830625 0.6615635375 0.274089334375 0.6557375203125 0.3050401125
2 0.66479248125 0.346864821875 0.6897165140625 0.3510165078125 0.6953871171875 0.320891365625 0.670463084375 0.31673968124999996 0.66479248125 0.346864821875
2 0.6275522765625 0.3549300765625 0.6518599265625 0.35897908749999996 0.65768594375 0.328028309375 0.63337829375 0.3239792984375 0.6275522765625 0.3549300765625
2 0.677441671875 0.37483415937500003 0.7021444421874999 0.3789489875 0.708496475 0.345203746875 0.6837937046875 0.34108891875 0.677441671875 0.37483415937500003
2 0.644579040625 0.376183221875 0.6697717546875 0.3803796625 0.6756256656249999 0.3492806953125 0.6504329531249999 0.34508425468750004 0.644579040625 0.376183221875
2 0.5782060437500001 0.336470175 0.6024030625 0.340500759375 0.6083805078125 0.30874551562499997 0.584183490625 0.3047149328125 0.5782060437500001 0.336470175
2 0.5980604046875 0.35274675312500003 0.622763175 0.3568615828125 0.6287406203125 0.3251063390625 0.60403785 0.3209915109375 0.5980604046875 0.35274675312500003
2 0.668057509375 0.4435654140625 0.6912746359375 0.4474327734375 0.6971285468749999 0.41633380625000005 0.6739114203125001 0.4124664453125 0.668057509375 0.4435654140625
2 0.6861541718749999 0.40427655781249994 0.7098612453124999 0.408225528125 0.715591621875 0.3777828359375 0.6918845499999999 0.37383386406249997 0.6861541718749999 0.40427655781249994
2 0.6126855984375 0.47525874218749997 0.6359027234375 0.47912610312500004 0.6420037046875 0.4467145828125 0.618786578125 0.44284722500000007 0.6126855984375 0.47525874218749997
0 0.8153091 0.3486837515625 0.8409917609375 0.35296180312500003 0.8478419140625 0.31657029375 0.8221592546875 0.31229224218749996 0.8153091 0.3486837515625
0 0.8401123281249999 0.36577376250000004 0.8667748812499999 0.370215040625 0.8729993953124999 0.337147246875 0.846336840625 0.33270597031250004 0.8401123281249999 0.36577376250000004
0 0.88763565 0.3784606109375 0.9133183109375 0.3827386640625 0.919419290625 0.35032714375 0.8937366296875 0.34604909375 0.88763565 0.3784606109375
0 0.8589476453125 0.39824514375 0.8880915390625 0.4030997453125 0.8939454515625 0.372000778125 0.86480155625 0.36714617656250004 0.8589476453125 0.39824514375
0 0.821849278125 0.5087352593750001 0.8485276359375 0.5131791671875 0.8551267359375 0.4781213796875 0.8284483765624999 0.47367747031249996 0.821849278125 0.5087352593750001
1 0.540083084375 0.2726747703125 0.5464049703125 0.2737278296875 0.551943378125 0.27028359218750003 0.5543208421875 0.26631282343749996 0.5586907890624999 0.251756975 0.555543359375 0.24249911562499998 0.5409476484375 0.224784090625 0.5298843468750001 0.22294123593749998 0.52394744375 0.228502490625 0.52156998125 0.2324732578125 0.520374490625 0.2388243078125 0.5227249281249999 0.2523162 0.529816778125 0.2665978859375 0.540083084375 0.2726747703125
1 0.41198381250000005 0.3037383046875 0.4143477625 0.3084988671875 0.41987265625000003 0.31378595625 0.42777501406249996 0.31510228125 0.431334453125 0.3135117953125 0.4352923890625 0.3098042921875 0.4380683484375 0.30371650781250004 0.44045932812500005 0.2910144109375 0.4400878578125 0.2756687671875 0.437338925 0.2642938921875 0.4298485796875 0.25212922187500003 0.42510716562499995 0.251339428125 0.417589790625 0.25663741875 0.41481383125000004 0.2627252 0.4124228515625 0.2754273 0.41198381250000005 0.3037383046875
1 0.5095610328125 0.3309090640625 0.5202393515625 0.3261376046875 0.5340921265625 0.31316134375 0.536469590625 0.3091905765625 0.53886056875 0.2964884796875 0.5364966171875001 0.2917279171875 0.5258318140625 0.287768046875 0.5084331140625 0.2936034640625 0.498139778125 0.30498923906250003 0.49576231406250004 0.30896000625000003 0.49376983281250003 0.3195450890625 0.49613378125 0.32430565 0.501658675 0.329592740625 0.5095610328125 0.3309090640625
1 0.48427349062499997 0.326696828125 0.4834900109375 0.32219953125 0.48072756562499996 0.3195559859375 0.4601814359375 0.31613354375 0.44832114218749997 0.31852472187499997 0.440405271875 0.325939728125 0.4384127890625 0.336524809375 0.44472116093749997 0.3463092 0.46526729062500005 0.349731640625 0.47832307187499995 0.34098941250000003 0.4826795046875 0.33516489374999997 0.48427349062499997 0.326696828125
1 0.41505015937499995 0.36538414218750004 0.4197915734375 0.3661739359375 0.42335101093749994 0.3645834484375 0.42770744374999997 0.3587589296875 0.43088190156249995 0.35055412812500003 0.43209090312500004 0.3354717515625 0.43130742499999997 0.33097445468750003 0.423817078125 0.3188097828125 0.4171102109375 0.3111424125 0.41078832343749994 0.310089353125 0.4072288859375 0.3116798390625 0.404851421875 0.31565060625 0.40206194687499996 0.3304697203125 0.4047973640625 0.35057592656250003 0.41505015937499995 0.36538414218750004
1 0.42960532812499996 0.40929315624999996 0.43474523749999994 0.40796593437500006 0.44305960781250003 0.3984339125 0.44861152656250003 0.38625834531250003 0.4529949859375 0.362971165625 0.45024605468749995 0.351596290625 0.44195871562500005 0.343665653125 0.438797771875 0.34313912343749997 0.4292879171875 0.3590221953125 0.420960034375 0.377285546875 0.4193660484375 0.3857536125 0.41933902031250003 0.40321627031249996 0.4232834421875 0.408240096875 0.42960532812499996 0.40929315624999996
1 0.49364820781249996 0.39812705625 0.4999700921875 0.399180115625 0.504326525 0.3933555953125 0.5079129921875001 0.3743024484375 0.5071430265625 0.361073821875 0.5012331515625 0.34917241718750003 0.4968902328125 0.34626560624999997 0.482665990625 0.343896221875 0.480687021875 0.34574997500000004 0.4779110609375 0.351837759375 0.47631707656250005 0.3603058234375 0.4794509921875 0.3782950125 0.48654284218750005 0.3925766984375 0.49364820781249996 0.39812705625
1 0.39439591875 0.4318123359375 0.40507423437499995 0.42704087656249995 0.4161645640625 0.411421071875 0.417373565625 0.3963386921875 0.4166036015625 0.383110065625 0.415421625 0.3807297859375 0.4039598296875 0.381003946875 0.3920860234375 0.39212645625000003 0.3849536296875 0.404038759375 0.38138067656249997 0.41436057656249997 0.3813671640625 0.42309190625 0.3837311140625 0.42785246718750003 0.38649355937499996 0.4304960140625 0.39439591875 0.4318123359375
1 0.379624525 0.5276045984375 0.3871418984375 0.5223066078125 0.395071284375 0.5061602703125 0.39905624687499996 0.4849901109375 0.39788778593749996 0.4738784984375 0.393943365625 0.46885467187499996 0.38129959375 0.4667485546875 0.37932062499999997 0.4686023078125 0.3737687046875 0.4807778734375 0.3705942484375 0.4889826734375 0.36541379531249996 0.5165038843749999 0.36737925 0.5233814640625 0.3717221671875 0.5262882734375001 0.379624525 0.5276045984375