0 0.10445208125000001 0.45400745625 0.077894834375 0.4568774453125 0.082499053125 0.49230662656249996 0.10905630156249999 0.4894366359375 0.10445208125000001 0.45400745625
0 0.151444925 0.46374689843750005 0.1240451046875 0.4667079421875 0.1287223625 0.50269915 0.156122184375 0.49973810468749996 0.151444925 0.46374689843750005
0 0.0985116078125 0.5629886390625 0.07491956718750001 0.565538184375 0.0793018625 0.5992596734375 0.10289390312499999 0.596710128125 0.0985116078125 0.5629886390625
0 0.1176652109375 0.6971620125 0.0911079640625 0.700032 0.09563914531249999 0.73489915625 0.1221963921875 0.7320291671875 0.1176652109375 0.6971620125
0 0.1316541390625 0.5286095015625001 0.10764081562500001 0.5312045734375 0.11187703281250001 0.5638020140625 0.135890359375 0.5612069421875 0.1316541390625 0.5286095015625001
2 0.3335197953125 0.45050392187500005 0.3069625484375 0.45337391250000003 0.3116032875 0.489084103125 0.338160534375 0.4862141140625 0.3335197953125 0.45050392187500005
2 0.307635015625 0.45848529843749997 0.2831031859375 0.46113640624999996 0.28743210625 0.4944471859375 0.3119639375 0.491796078125 0.307635015625 0.45848529843749997
2 0.36740822500000003 0.5128973453125 0.34221205781249997 0.5156202453125001 0.34650165 0.548628396875 0.37169781875 0.545905496875 0.36740822500000003 0.5128973453125
2 0.33125625 0.5174179765625 0.30628692968750004 0.5201163609375 0.3107338359375 0.5543350265625 0.33570315625 0.5516366421875001 0.33125625 0.5174179765625
2 0.352286053125 0.537065246875 0.328888453125 0.5395937796875 0.33329603125 0.5735098171875 0.35669363125000003 0.570981284375 0.352286053125 0.537065246875
1 0.584818865625 0.378728528125 0.54309530625 0.383237509375 0.5493063671875 0.43103123749999994 0.5910299265625001 0.42652225312500003 0.584818865625 0.378728528125
1 0.558541928125 0.465937996875 0.5147119359375 0.47067461875000005 0.519681346875 0.5089139234375 0.5635113390625001 0.504177303125 0.558541928125 0.465937996875
1 0.485603540625 0.67157086875 0.5037081109375 0.671806334375 0.5082881921875 0.66911938125 0.5152661890625 0.6595973140625 0.5163246874999999 0.6550989421875 0.513580690625 0.6466275125000001 0.50977819375 0.6426544562500001 0.5027350296875001 0.6390316125 0.48625079062500004 0.6386210421875 0.48167071093749997 0.6413079921875 0.48033129375000005 0.6436447328125 0.48314045781250003 0.6652610734375 0.485603540625 0.67157086875
1 0.5099080265625 0.6342341359375 0.47871662812500004 0.637604928125 0.48339388593750005 0.673596134375 0.5145852843750001 0.6702253421875 0.5099080265625 0.6342341359375
1 0.604717984375 0.48260472343750005 0.5798620875 0.48529085156249996 0.5873147984375 0.542639 0.612170696875 0.5399528703125 0.604717984375 0.48260472343750005
1 0.61577988125 0.5578002078125001 0.586694915625 0.5609433625 0.5940745890625 0.6177294890625 0.62315955625 0.6145863328125001 0.61577988125 0.5578002078125001
1 0.5484010984375 0.4214733421875 0.5554442609375 0.4250961859375 0.571647584375 0.423345125 0.577847996875 0.42048306406249997 0.58482599375 0.4109609984375 0.58800149375 0.3974658765625 0.58715874375 0.390980975 0.584976578125 0.3868328125 0.5776525 0.381048334375 0.5630695078125 0.38262429062500003 0.5555296796875 0.38782308906249996 0.5458728515625 0.4020186359375 0.5448143515625 0.4065170109375 0.5459380171875 0.415163546875 0.5484010984375 0.4214733421875
1 0.5225858609375 0.5009828640625 0.5334315187499999 0.508578765625 0.554495840625 0.5063023859375 0.5574555875 0.5037905375 0.5614738375 0.49678031875000006 0.5603501703125 0.4881337828125 0.5581680062500001 0.4839856203125 0.552464259375 0.4780260375 0.5351372703124999 0.47113056249999996 0.5254152765625 0.4721812015625 0.5192148640625 0.4750432578125 0.5168169453125 0.48187837343749995 0.518221528125 0.4926865421875 0.5225858609375 0.5009828640625
1 0.5816099890624999 0.5252921328125 0.584073071875 0.531601928125 0.59386023125 0.5436962015625 0.6022428093750001 0.54498230625 0.6097826390625001 0.5397835062499999 0.6118996390625 0.530786759375 0.6085286421875 0.50484715 0.606065559375 0.49853735312499997 0.6017012312500001 0.49024103124999996 0.59789873125 0.48626797499999996 0.5927568187500001 0.4846316609375 0.58465515625 0.48550719062500003 0.5816954078125 0.4880190375 0.578519909375 0.5015141578125 0.5816099890624999 0.5252921328125
1 0.6098927187500001 0.61649133125 0.619333796875 0.6132790609375001 0.62229354375 0.6107672125 0.62335204375 0.6062688421875 0.620823796875 0.5868141359375 0.6142773 0.5743696500000001 0.606391390625 0.564261903125 0.5961075625000001 0.5609892734375 0.5875092328125 0.5706864453125 0.58701256875 0.5795080875 0.5925005640625 0.596450946875 0.600667390625 0.608720328125 0.6098927187500001 0.61649133125