1 0.4317109375 0.3665625 0.38835156249999997 0.3665625 0.38835156249999997 0.4070208328125 0.4317109375 0.4070208328125 0.4317109375 0.3665625
1 0.4631484375 0.43303125 0.4241328125 0.43303125 0.4241328125 0.47880208281250003 0.4631484375 0.47880208281250003 0.4631484375 0.43303125
1 0.40895312500000003 0.4677291671875 0.384390625 0.4677291671875 0.384390625 0.5236041671875 0.40895312500000003 0.5236041671875 0.40895312500000003 0.4677291671875
1 0.439671875 0.47348958281250003 0.41076562499999997 0.47348958281250003 0.41076562499999997 0.5245520828125 0.439671875 0.5245520828125 0.439671875 0.47348958281250003
1 0.5234687499999999 0.60259375 0.49240625 0.60259375 0.49240625 0.6358229171875001 0.5234687499999999 0.6358229171875001 0.5234687499999999 0.60259375
2 0.5575390625 0.59265625 0.5363359375 0.59265625 0.5363359375 0.6256354171875 0.5575390625 0.6256354171875 0.5575390625 0.59265625
2 0.6378359375 0.4290729171875 0.6140703125 0.4290729171875 0.6140703125 0.4607604171875 0.6378359375 0.4607604171875 0.6378359375 0.4290729171875
2 0.6628828125 0.40895833281250005 0.6400859375 0.40895833281250005 0.6400859375 0.4415 0.6628828125 0.4415 0.6628828125 0.40895833281250005
2 0.687296875 0.41281249999999997 0.664171875 0.41281249999999997 0.664171875 0.44235416718750004 0.687296875 0.44235416718750004 0.687296875 0.41281249999999997
2 0.7033515625 0.4684791671875 0.6786171875 0.4684791671875 0.6786171875 0.5023125 0.7033515625 0.5023125 0.7033515625 0.4684791671875
0 0.838078125 0.29190625 0.8114531250000001 0.29190625 0.8114531250000001 0.32796875000000003 0.838078125 0.32796875000000003 0.838078125 0.29190625
0 0.82328125 0.3617708328125 0.7975 0.3617708328125 0.7975 0.3950208328125 0.82328125 0.3950208328125 0.82328125 0.3617708328125
0 0.8841484375 0.3831875 0.8571015624999999 0.3831875 0.8571015624999999 0.4175625 0.8841484375 0.4175625 0.8841484375 0.3831875
0 0.7755390625 0.5798541671875 0.7535546875 0.5798541671875 0.7535546875 0.6142291671875 0.7755390625 0.6142291671875 0.7755390625 0.5798541671875
0 0.9010468749999999 0.6204270828125 0.876953125 0.6204270828125 0.876953125 0.6531145828125 0.9010468749999999 0.6531145828125 0.9010468749999999 0.6204270828125
1 0.4 0.40208333281249997 0.4109375 0.40833333281249995 0.425 0.40625 0.43125 0.40208333281249997 0.4328125 0.3958333328125 0.4328125 0.3875 0.43125 0.38333333281250004 0.4234375 0.3729166671875 0.4125 0.36666666718749996 0.4 0.36666666718749996 0.3921875 0.3708333328125 0.3890625 0.3770833328125 0.3890625 0.3854166671875 0.39375 0.3958333328125 0.4 0.40208333281249997
1 0.4375 0.47291666718750003 0.44375 0.4770833328125 0.4546875 0.4770833328125 0.459375 0.47291666718750003 0.4609375 0.46875 0.4609375 0.4583333328125 0.45625 0.4479166671875 0.4484375 0.4375 0.4328125 0.43333333281249997 0.428125 0.43541666718750005 0.425 0.43958333281249995 0.4234375 0.4458333328125 0.425 0.45625 0.43125 0.46666666718750005 0.4375 0.47291666718750003
1 0.3890625 0.5208333328125 0.3953125 0.525 0.4015625 0.525 0.40625 0.5208333328125 0.409375 0.5041666671875 0.4109375 0.4791666671875 0.4078125 0.47083333281249995 0.4015625 0.46666666718750005 0.3921875 0.46875 0.384375 0.48333333281249996 0.3828125 0.49791666718750005 0.384375 0.5125 0.3859375 0.5166666671875 0.3890625 0.5208333328125
1 0.415625 0.5208333328125 0.4203125 0.525 0.425 0.5270833328125 0.434375 0.525 0.4390625 0.5125 0.4390625 0.5 0.4375 0.4895833328125 0.434375 0.48125 0.428125 0.47291666718750003 0.4203125 0.47291666718750003 0.415625 0.475 0.4125 0.4791666671875 0.4109375 0.48541666718750004 0.4109375 0.5104166671875 0.4125 0.5145833328125 0.415625 0.5208333328125
1 0.5015625 0.6354166671875 0.5078125 0.6375 0.5171875 0.6375 0.5203125 0.6333333328124999 0.521875 0.6270833328125 0.521875 0.60625 0.5171875 0.6020833328124999 0.50625 0.6020833328124999 0.496875 0.60625 0.490625 0.6145833328125 0.490625 0.6229166671875 0.4921875 0.6270833328125 0.5015625 0.6354166671875