1 0.52525 0.21154166718749998 0.48678125000000005 0.21154166718749998 0.48678125000000005 0.2572083328125 0.52525 0.2572083328125 0.52525 0.21154166718749998
1 0.5186328125 0.2684270828125 0.47355468749999996 0.2684270828125 0.47355468749999996 0.3156979171875 0.5186328125 0.3156979171875 0.5186328125 0.2684270828125
1 0.42007031250000004 0.2580208328125 0.3906171875 0.2580208328125 0.3906171875 0.3133125 0.42007031250000004 0.3133125 0.42007031250000004 0.2580208328125
1 0.470546875 0.3101041671875 0.423671875 0.3101041671875 0.423671875 0.3413541671875 0.470546875 0.3413541671875 0.470546875 0.3101041671875
1 0.5017968749999999 0.3349375 0.46814062500000003 0.3349375 0.46814062500000003 0.3878125 0.5017968749999999 0.3878125 0.5017968749999999 0.3349375
1 0.4224765625 0.3141041671875 0.38761718749999996 0.3141041671875 0.38761718749999996 0.3653958328125 0.4224765625 0.3653958328125 0.4224765625 0.3141041671875
1 0.44592187499999997 0.34375 0.417671875 0.34375 0.417671875 0.4054583328125 0.44592187499999997 0.4054583328125 0.44592187499999997 0.34375
1 0.417078125 0.3790104171875 0.386421875 0.3790104171875 0.386421875 0.4294895828125 0.417078125 0.4294895828125 0.417078125 0.3790104171875
1 0.4671875 0.525 0.4796875 0.5145833328125 0.4859375 0.50625 0.4890625 0.49791666718750005 0.4890625 0.4875 0.4859375 0.48125 0.4671875 0.48125 0.4640625 0.48333333281249996 0.4546875 0.49583333281249997 0.45 0.5041666671875 0.45 0.51875 0.45625 0.525 0.4671875 0.525
1 0.48978124999999995 0.47996875 0.44771875000000005 0.47996875 0.44771875000000005 0.5232395828125 0.48978124999999995 0.5232395828125 0.48978124999999995 0.47996875
1 0.41586718749999996 0.4679375 0.3888203125 0.4679375 0.3888203125 0.5264375 0.41586718749999996 0.5264375 0.41586718749999996 0.4679375
2 0.652640625 0.240375 0.629203125 0.240375 0.629203125 0.2708333328125 0.652640625 0.2708333328125 0.652640625 0.240375
2 0.6700703125 0.27965625 0.6454296875 0.27965625 0.6454296875 0.3093020828125 0.6700703125 0.3093020828125 0.6700703125 0.27965625
2 0.63521875 0.2924583328125 0.6111875 0.2924583328125 0.6111875 0.3229166671875 0.63521875 0.3229166671875 0.63521875 0.2924583328125
2 0.6870234375 0.3007708328125 0.6626015625 0.3007708328125 0.6626015625 0.3339791671875 0.6870234375 0.3339791671875 0.6870234375 0.3007708328125
2 0.65625 0.30988541718749996 0.63134375 0.30988541718749996 0.63134375 0.34048958281249997 0.65625 0.34048958281249997 0.65625 0.30988541718749996
2 0.5844765625 0.28189583281249997 0.5605546875 0.28189583281249997 0.5605546875 0.31314583281249997 0.5844765625 0.31314583281249997 0.5844765625 0.28189583281249997
2 0.6069453125 0.2942708328125 0.5825234375 0.2942708328125 0.5825234375 0.3255208328125 0.6069453125 0.3255208328125 0.6069453125 0.2942708328125
2 0.6889609375 0.37044791718750003 0.6660078125 0.37044791718750003 0.6660078125 0.40105208281250004 0.6889609375 0.40105208281250004 0.6889609375 0.37044791718750003
2 0.699703125 0.3307291671875 0.676265625 0.3307291671875 0.676265625 0.3606875 0.699703125 0.3606875 0.699703125 0.3307291671875
2 0.6416015625 0.4081979171875 0.6186484375 0.4081979171875 0.6186484375 0.44009375000000006 0.6416015625 0.44009375000000006 0.6416015625 0.4081979171875
0 0.8154296875 0.2513020828125 0.7900390625 0.2513020828125 0.7900390625 0.2871145828125 0.8154296875 0.2871145828125 0.8154296875 0.2513020828125
0 0.8432578124999999 0.2669375 0.8168984375000001 0.2669375 0.8168984375000001 0.2994791671875 0.8432578124999999 0.2994791671875 0.8432578124999999 0.2669375
0 0.8901328124999999 0.2721354171875 0.8647421874999999 0.2721354171875 0.8647421874999999 0.30403125000000003 0.8901328124999999 0.30403125000000003 0.8901328124999999 0.2721354171875
0 0.8696249999999999 0.2968645828125 0.8408125 0.2968645828125 0.8408125 0.32746875000000003 0.8696249999999999 0.32746875000000003 0.8696249999999999 0.2968645828125
0 0.8515625 0.4042916671875 0.8251875 0.4042916671875 0.8251875 0.43879166718749996 0.8515625 0.43879166718749996 0.8515625 0.4042916671875
1 0.5015625 0.2541666671875 0.5125 0.25833333281250004 0.51875 0.25833333281250004 0.5234375 0.2541666671875 0.525 0.25 0.5265625 0.23541666718749998 0.521875 0.2270833328125 0.5046875 0.2125 0.49375 0.2125 0.4890625 0.21875 0.4875 0.22291666718749997 0.4875 0.22916666718749998 0.4921875 0.2416666671875 0.5015625 0.2541666671875
1 0.3984375 0.3125 0.4046875 0.3166666671875 0.4125 0.3166666671875 0.415625 0.3145833328125 0.41875 0.3104166671875 0.4203125 0.30416666718749996 0.4203125 0.2916666671875 0.4171875 0.2770833328125 0.4125 0.2666666671875 0.403125 0.25625 0.3984375 0.25625 0.3921875 0.2625 0.390625 0.26875 0.390625 0.28125 0.3953125 0.3083333328125 0.3984375 0.3125
1 0.4859375 0.31875 0.49375 0.31875 0.503125 0.3125 0.5140625 0.2979166671875 0.515625 0.29375 0.515625 0.28125 0.5125 0.2770833328125 0.5015625 0.275 0.4859375 0.2833333328125 0.478125 0.2958333328125 0.4765625 0.3 0.4765625 0.3104166671875 0.4796875 0.3145833328125 0.4859375 0.31875
1 0.4546875 0.34375 0.465625 0.3333333328125 0.46875 0.3270833328125 0.46875 0.31875 0.4671875 0.3145833328125 0.4640625 0.3125 0.44375 0.3125 0.4328125 0.3166666671875 0.4265625 0.325 0.4265625 0.33541666718749996 0.434375 0.34375 0.4546875 0.34375
1 0.409375 0.36666666718749996 0.4140625 0.36666666718749996 0.4171875 0.3645833328125 0.4203125 0.3583333328125 0.421875 0.35 0.4203125 0.33541666718749996 0.41875 0.33125 0.409375 0.32083333281250004 0.4015625 0.3145833328125 0.3953125 0.3145833328125 0.3921875 0.3166666671875 0.390625 0.32083333281250004 0.390625 0.33541666718749996 0.396875 0.3541666671875 0.409375 0.36666666718749996
1 0.425 0.40625 0.43125 0.40625 0.4359375 0.40416666718750005 0.4421875 0.39375 0.4453125 0.38125 0.4453125 0.3583333328125 0.440625 0.3479166671875 0.43125 0.3416666671875 0.428125 0.3416666671875 0.421875 0.3583333328125 0.4171875 0.3770833328125 0.4171875 0.3854166671875 0.4203125 0.40208333281249997 0.425 0.40625
1 0.4828125 0.38125 0.490625 0.3854166671875 0.496875 0.3854166671875 0.5 0.3791666671875 0.5 0.3604166671875 0.496875 0.3479166671875 0.4890625 0.3375 0.484375 0.33541666718749996 0.4703125 0.33541666718749996 0.46875 0.3375 0.4671875 0.34375 0.4671875 0.35208333281250004 0.4734375 0.36875 0.4828125 0.38125
1 0.39375 0.43333333281249997 0.4015625 0.43333333281249997 0.4109375 0.4270833328125 0.41875 0.41041666718750003 0.4171875 0.3958333328125 0.4140625 0.38333333281250004 0.4125 0.38125 0.4015625 0.38333333281250004 0.3921875 0.3958333328125 0.3875 0.40833333281249995 0.3859375 0.41875 0.3875 0.4270833328125 0.390625 0.43125 0.39375 0.43333333281249997
1 0.396875 0.5270833328125 0.4046875 0.5270833328125 0.4109375 0.5208333328125 0.415625 0.5041666671875 0.415625 0.48333333281249996 0.4125 0.47291666718750003 0.4078125 0.46875 0.3953125 0.46875 0.39375 0.47083333281249995 0.390625 0.48333333281249996 0.3890625 0.4916666671875 0.3890625 0.51875 0.3921875 0.525 0.396875 0.5270833328125