0 0.76655719375 0.877683846875 0.7680987734375 0.8482573515625 0.7294293734374999 0.8465172125 0.7278877953125 0.8759437109375 0.76655719375 0.877683846875
0 0.7099046625 0.8322291281249999 0.7112830156250001 0.8059183781250001 0.6743953109375 0.8042584171874999 0.6730169593750001 0.8305691671875 0.7099046625 0.8322291281249999
0 0.48838095 0.8146758265624999 0.4896660296875 0.7901455015625001 0.45634171874999996 0.7886458953125 0.45505663749999997 0.81317621875 0.48838095 0.8146758265624999
0 0.4639344046875 0.7804940796875 0.4652194859375 0.7559637578125 0.431895175 0.7544641515625 0.43061009375000003 0.7789944734375001 0.4639344046875 0.7804940796875
2 0.7944604359375 0.6729063171874999 0.7958750609374999 0.6459031796875 0.7630566640625001 0.6444263390625 0.7616420374999999 0.671429478125 0.7944604359375 0.6729063171874999
2 0.761116190625 0.6694724703125 0.762530815625 0.6424693328125 0.7290745249999999 0.6409637874999999 0.7276599 0.667966925 0.761116190625 0.6694724703125
2 0.7169144375000001 0.6756959515625 0.7183290625 0.6486928125 0.68614855625 0.6472446781250001 0.68473393125 0.674247815625 0.7169144375000001 0.6756959515625
2 0.7411598609375 0.5946116781249999 0.742372396875 0.57146613125 0.7101918921875 0.570017996875 0.70897935625 0.5931635453124999 0.7411598609375 0.5946116781249999
2 0.7051177203125001 0.568814725 0.7064822546875 0.542767740625 0.672366078125 0.5412325 0.67100154375 0.567279484375 0.7051177203125001 0.568814725
2 0.6710547015625 0.6277112265625 0.6724952359375 0.6002135234375 0.6351676078125 0.5985337671875001 0.6337270734375 0.62603146875 0.6710547015625 0.6277112265625
2 0.659558921875 0.6503940234375001 0.6608474578125 0.6257977593749999 0.6260933890625 0.6242338140625 0.6248048546875 0.648830078125 0.659558921875 0.6503940234375001
2 0.5684483250000001 0.6530689749999999 0.5697368609375 0.628472709375 0.5369184625 0.6269958703125 0.535629928125 0.651592134375 0.5684483250000001 0.6530689749999999
2 0.5306014265625 0.6615117671874999 0.5320160515625 0.6345086296875 0.497899875 0.6329733890625 0.49648525 0.6599765265624999 0.5306014265625 0.6615117671874999
2 0.5111907578125 0.6132713859375001 0.5124542484375 0.5891531984375 0.4770622875 0.587560546875 0.4757987984375 0.6116787343750001 0.5111907578125 0.6132713859375001
1 0.8174650671875 0.5149199703125 0.8196509140625 0.47319534062499996 0.7688395875 0.4709088125 0.766653740625 0.5126334406249999 0.8174650671875 0.5149199703125
1 0.82326923125 0.45715609375 0.82559239375 0.41281028124999997 0.7824357609375 0.41086821562500003 0.780112596875 0.45521402968749997 0.82326923125 0.45715609375
1 0.7806735671875 0.47144134531250004 0.7819854203125 0.44639997343750004 0.7200439937499999 0.4436125859375 0.718732140625 0.4686539578125 0.7806735671875 0.47144134531250004
1 0.817600634375 0.4056426375 0.8192674390624999 0.3738257515625 0.7635949421875 0.37132046875 0.7619281375 0.4031373546875 0.817600634375 0.4056426375
1 0.7600455625 0.39888025312500003 0.7616855953125 0.3675744171875 0.7039234546875 0.3649750984375 0.702283421875 0.3962809359375 0.7600455625 0.39888025312500003
1 0.765029459375 0.43673861562500005 0.7671332609375 0.39658010312499997 0.7170258140625 0.39432524999999996 0.7149220125 0.4344837609375 0.765029459375 0.43673861562500005
1 0.68792441875 0.44373700156250007 0.6902743546875 0.398880140625 0.6533866515625 0.3972201796875 0.651036715625 0.442077040625 0.68792441875 0.44373700156250007
1 0.590133803125 0.419465921875 0.5916641546875 0.3902537359375 0.52274991875 0.38715256875000004 0.5212195671875001 0.41636475468749995 0.590133803125 0.419465921875
1 0.5245020640625 0.3804316671875 0.52597800625 0.35225806406250004 0.46333270000000004 0.3494390015625 0.46185675625 0.37761260625 0.5245020640625 0.3804316671875
1 0.5140666390625 0.39613109375 0.5121261031250001 0.3910864796875 0.5013870703125 0.38564593125 0.48167681093750003 0.38310653125 0.4660203515625 0.3873592734375 0.45679003749999997 0.3952060546875 0.456185496875 0.40674585937499996 0.46692453125 0.41218640625 0.48452152656249997 0.41297827812500004 0.49797836406249996 0.40862655312499996 0.5116079250000001 0.40097773906249995 0.5140666390625 0.39613109375
1 0.5177713640625 0.41568906875 0.5193837609374999 0.38491076562500004 0.4546488109375 0.3819976703125 0.4530364140625 0.4127759734375 0.5177713640625 0.41568906875
1 0.8112750390624999 0.40454829375 0.8137337515624999 0.399701646875 0.8141655671875 0.39145893125 0.8123113953125 0.38476577500000003 0.7995454625 0.3759291546875 0.7909196890625 0.3722361328125 0.7711230703124999 0.3713452765625 0.7643514703125 0.3743454125 0.7616336671874999 0.3841376875 0.7656874640625 0.390929828125 0.78267991875 0.40326150156249996 0.8067894265625 0.40599886874999996 0.8112750390624999 0.40454829375
1 0.7954000406249999 0.45505923125000003 0.8042849000000001 0.4538066234375 0.8157148375000001 0.446058825 0.8180871890624999 0.44286072499999996 0.8234364296875001 0.424924715625 0.8236955187499999 0.4199790859375 0.817355734375 0.41473650468749995 0.8087299625 0.4110434828125 0.8020447265625 0.41239507499999994 0.7882424375 0.4233409734375 0.7834113734375 0.431385721875 0.78254774375 0.44787115312500003 0.78457464375 0.45126722499999994 0.7954000406249999 0.45505923125000003
1 0.76852691875 0.5050752484375 0.7727534406250001 0.5085703015624999 0.7814655765625 0.5106147812499999 0.7947496859375 0.5095601421875 0.7992352984375 0.508109565625 0.8107515984375 0.4987132265625 0.8177822875 0.49076746250000003 0.818300465625 0.48087620312499996 0.81204704375 0.473985078125 0.8077341578125001 0.47213856718749997 0.794450046875 0.47319320625000005 0.7899644359375 0.47464378125 0.778534496875 0.482391578125 0.7667591078125 0.4967335484375 0.76852691875 0.5050752484375
1 0.7017256265625 0.39135638125 0.7081517749999999 0.39495041875000003 0.727948396875 0.3958412734375 0.74131886875 0.393138090625 0.7547757046875 0.388786365625 0.7593476796874999 0.3856872484375 0.7617200296875 0.3824891453125 0.7621518453125 0.3742464296875 0.7600385828125 0.3724989015625 0.7491268234375 0.3703554375 0.7227313296875 0.3691676296875 0.70478888125 0.3749699328125 0.7000441796875 0.38136613750000004 0.699698728125 0.3879603109375 0.7017256265625 0.39135638125
1 0.7172499125 0.431713290625 0.719363175 0.43346081875 0.7369601703125 0.4342526890625 0.74821738125 0.429801978125 0.7551617078125 0.4235047578125 0.7646511078125 0.410712346875 0.7651692859375 0.40082108749999995 0.7588295015625001 0.39557850625 0.7434321296874999 0.39488561875 0.7344609078125 0.3977867703125 0.72760294375 0.4024354484375 0.7181999046875001 0.41357931406250004 0.715654828125 0.42007450312500005 0.7172499125 0.431713290625
1 0.737346171875 0.46897108125000003 0.7549431671875 0.46976295312499994 0.772799253125 0.46560919375000004 0.781943203125 0.45941095781249996 0.78228865625 0.45281678281250004 0.78026175625 0.4494207125 0.7695227234375001 0.4439801640625 0.7520120890624999 0.44153975 0.73652835625 0.44249540468750004 0.72755713125 0.44539655468749995 0.71832681875 0.4532433359375 0.7179813671875 0.45983750937499995 0.7200082640625001 0.4632335796875 0.737346171875 0.46897108125000003
1 0.6658812828125 0.44427354843750005 0.6769657671875 0.44311992499999997 0.6815377421875 0.44002080625 0.68874115625 0.42877795625 0.689345696875 0.41723815468750003 0.6853782640625 0.4087974703125 0.6791248421875 0.40190634375 0.6726123312500001 0.39996085 0.6615278453125 0.40111447343749995 0.65695586875 0.4042135921875 0.64966609375 0.417104984375 0.6510020875 0.4336894015625 0.659368771875 0.44232805468749997 0.6658812828125 0.44427354843750005
1 0.5482242765625001 0.41749735625 0.5592223984375 0.417992275 0.5747924953125 0.4153880765625 0.5837637203125 0.41248692656249997 0.5885084203125001 0.4060907203125 0.5866542484374999 0.3993975625 0.5760015765625 0.3923084703125 0.5607769328125001 0.38831849687500003 0.5541780578125 0.3880215453125 0.5430935734375 0.38917516874999997 0.5341223484375 0.39207631875 0.5248920359375 0.3999231 0.52877310625 0.410012328125 0.5482242765625001 0.41749735625
1 0.46679761875 0.3725223859375 0.48624878593750004 0.3800074140625 0.5083313953124999 0.3793487109375 0.51738898125 0.374799015625 0.52204731875 0.370051353125 0.522651859375 0.35851155156250003 0.5185117 0.35336795312499997 0.505486678125 0.3494769640625 0.49228893281249997 0.3488830609375 0.4745192109375 0.351388275 0.465375259375 0.3575865125 0.460630559375 0.36398271718749997 0.46257109375 0.36902733125 0.46679761875 0.3725223859375