1 0.466953125 0.20753125 0.42848437500000003 0.20753125 0.42848437500000003 0.2508020828125 0.466953125 0.2508020828125 0.466953125 0.20753125
1 0.50721875 0.2091354171875 0.46815625 0.2091354171875 0.46815625 0.2556145828125 0.50721875 0.2556145828125 0.50721875 0.2091354171875
1 0.43930468749999996 0.2379791671875 0.4068515625 0.2379791671875 0.4068515625 0.2940625 0.43930468749999996 0.2940625 0.43930468749999996 0.2379791671875
1 0.47535937500000003 0.26521875 0.443515625 0.26521875 0.443515625 0.3253229171875 0.47535937500000003 0.3253229171875 0.47535937500000003 0.26521875
1 0.41707031250000004 0.2940833328125 0.3900234375 0.2940833328125 0.3900234375 0.357375 0.41707031250000004 0.357375 0.41707031250000004 0.2940833328125
1 0.49097656250000005 0.3525625 0.4555234375 0.3525625 0.4555234375 0.40464583281250005 0.49097656250000005 0.40464583281250005 0.49097656250000005 0.3525625
1 0.418265625 0.4014479171875 0.389421875 0.4014479171875 0.389421875 0.45913541718750006 0.418265625 0.45913541718750006 0.418265625 0.4014479171875
1 0.44592187499999997 0.4607395828125 0.41526562499999997 0.4607395828125 0.41526562499999997 0.5208437499999999 0.44592187499999997 0.5208437499999999 0.44592187499999997 0.4607395828125
1 0.41707031250000004 0.4807708328125 0.3918359375 0.4807708328125 0.3918359375 0.5360625 0.41707031250000004 0.5360625 0.41707031250000004 0.4807708328125
1 0.484375 0.5833333328125 0.5 0.5854166671875001 0.5171875 0.5854166671875001 0.5203125 0.5791666671875 0.51875 0.56875 0.515625 0.5604166671875 0.5125 0.55625 0.503125 0.55 0.4984375 0.5479166671875 0.4859375 0.5479166671875 0.478125 0.55625 0.4765625 0.5604166671875 0.4765625 0.5708333328124999 0.48125 0.58125 0.484375 0.5833333328125
1 0.5192265625 0.5464687500000001 0.47836718749999996 0.5464687500000001 0.47836718749999996 0.5857395828125 0.5192265625 0.5857395828125 0.5192265625 0.5464687500000001
2 0.68028125 0.2331770828125 0.6514375 0.2331770828125 0.6514375 0.2668229171875 0.68028125 0.2668229171875 0.68028125 0.2331770828125
2 0.68509375 0.2924583328125 0.66165625 0.2924583328125 0.66165625 0.3269166671875 0.68509375 0.3269166671875 0.68509375 0.2924583328125
2 0.694109375 0.3269166671875 0.670671875 0.3269166671875 0.670671875 0.3581666671875 0.694109375 0.3581666671875 0.694109375 0.3269166671875
2 0.6111796875 0.35896875 0.5865390625 0.35896875 0.5865390625 0.3878229171875 0.6111796875 0.3878229171875 0.6111796875 0.35896875
2 0.6063671875 0.3894270828125 0.5817265625 0.3894270828125 0.5817265625 0.41907291718749995 0.6063671875 0.41907291718749995 0.6063671875 0.3894270828125
2 0.6418203124999999 0.3958333328125 0.6171796875 0.3958333328125 0.6171796875 0.4270833328125 0.6418203124999999 0.4270833328125 0.6418203124999999 0.3958333328125
2 0.6826875 0.4367083328125 0.65865625 0.4367083328125 0.65865625 0.46875 0.6826875 0.46875 0.6826875 0.4367083328125
2 0.6165859375 0.4567395828125 0.5913515625 0.4567395828125 0.5913515625 0.49038541718750006 0.6165859375 0.49038541718750006 0.6165859375 0.4567395828125
2 0.6406328125 0.496 0.6159921875000001 0.496 0.6159921875000001 0.5280416671875 0.6406328125 0.5280416671875 0.6406328125 0.496
2 0.676078125 0.5136145828124999 0.653234375 0.5136145828124999 0.653234375 0.54246875 0.676078125 0.54246875 0.676078125 0.5136145828124999
0 0.842546875 0.2980833328125 0.813703125 0.2980833328125 0.813703125 0.3333333328125 0.842546875 0.3333333328125 0.842546875 0.2980833328125
0 0.8696015625 0.3429583328125 0.8401484375000001 0.3429583328125 0.8401484375000001 0.375 0.8696015625 0.375 0.8696015625 0.3429583328125
0 0.83653125 0.5016041671875 0.8100937500000001 0.5016041671875 0.8100937500000001 0.5360625 0.83653125 0.5360625 0.83653125 0.5016041671875
0 0.79628125 0.5312395828125 0.7704375 0.5312395828125 0.7704375 0.5673020828124999 0.79628125 0.5673020828124999 0.79628125 0.5312395828125
1 0.4421875 0.2479166671875 0.4484375 0.25 0.4609375 0.25 0.4640625 0.2479166671875 0.465625 0.2416666671875 0.465625 0.23125 0.4640625 0.2270833328125 0.4546875 0.21458333281250003 0.45 0.2125 0.4359375 0.2125 0.4265625 0.2166666671875 0.425 0.22291666718749997 0.4265625 0.23125 0.4328125 0.23958333281250002 0.4421875 0.2479166671875
1 0.5 0.25625 0.5046875 0.2520833328125 0.50625 0.2479166671875 0.50625 0.23541666718749998 0.5046875 0.23125 0.4984375 0.22291666718749997 0.4921875 0.2166666671875 0.4828125 0.2104166671875 0.475 0.2104166671875 0.4703125 0.2166666671875 0.4671875 0.2270833328125 0.475 0.24375 0.490625 0.25625 0.5 0.25625
1 0.415625 0.2854166671875 0.4203125 0.2916666671875 0.4296875 0.2979166671875 0.4328125 0.2979166671875 0.4359375 0.29375 0.4390625 0.28125 0.4390625 0.26875 0.4359375 0.2541666671875 0.428125 0.2416666671875 0.415625 0.23958333281250002 0.4109375 0.24583333281250003 0.409375 0.25 0.409375 0.2645833328125 0.4109375 0.27291666718749996 0.415625 0.2854166671875
1 0.4546875 0.3270833328125 0.4625 0.325 0.465625 0.32083333281250004 0.471875 0.30416666718749996 0.4734375 0.2958333328125 0.4734375 0.2770833328125 0.471875 0.27291666718749996 0.465625 0.2666666671875 0.4578125 0.26875 0.4484375 0.2833333328125 0.44375 0.2979166671875 0.4421875 0.30625 0.44375 0.3166666671875 0.4484375 0.3229166671875 0.4546875 0.3270833328125
1 0.3953125 0.35208333281250004 0.4 0.35625 0.40625 0.35625 0.409375 0.3541666671875 0.415625 0.34375 0.4171875 0.33541666718749996 0.4171875 0.3166666671875 0.4125 0.3020833328125 0.4078125 0.2979166671875 0.4 0.2979166671875 0.3953125 0.3020833328125 0.390625 0.3145833328125 0.3890625 0.32083333281250004 0.3890625 0.3395833328125 0.390625 0.34375 0.3953125 0.35208333281250004
1 0.4609375 0.3875 0.4734375 0.40208333281249997 0.478125 0.40416666718750005 0.484375 0.40208333281249997 0.4890625 0.39375 0.4890625 0.3875 0.4875 0.3791666671875 0.4796875 0.3604166671875 0.4671875 0.35208333281250004 0.4609375 0.3541666671875 0.45625 0.3583333328125 0.4546875 0.3625 0.4546875 0.3729166671875 0.45625 0.3791666671875 0.4609375 0.3875
1 0.39375 0.4583333328125 0.4078125 0.4583333328125 0.4109375 0.45625 0.4171875 0.44375 0.41875 0.4375 0.41875 0.42083333281249996 0.415625 0.40833333281249995 0.4109375 0.40416666718750005 0.4015625 0.40625 0.3984375 0.40833333281249995 0.3921875 0.42291666718750004 0.390625 0.43125 0.390625 0.45208333281249996 0.3921875 0.45625 0.39375 0.4583333328125
1 0.4 0.5333333328125 0.40625 0.5333333328125 0.4109375 0.53125 0.4171875 0.5208333328125 0.41875 0.5083333328124999 0.4171875 0.48125 0.4140625 0.475 0.4078125 0.47291666718750003 0.4046875 0.475 0.396875 0.48541666718750004 0.3953125 0.4895833328125 0.3921875 0.5041666671875 0.3921875 0.525 0.39375 0.5291666671875 0.4 0.5333333328125
1 0.425 0.5208333328125 0.4390625 0.5208333328125 0.44375 0.5125 0.446875 0.49583333281249997 0.4453125 0.48125 0.4421875 0.47291666718750003 0.434375 0.46666666718750005 0.428125 0.46458333281249997 0.421875 0.46666666718750005 0.41875 0.47291666718750003 0.4171875 0.4895833328125 0.4203125 0.5083333328124999 0.4234375 0.51875 0.425 0.5208333328125