0 0.6988578375000001 0.8523326000000001 0.6954437296875 0.8815213249999999 0.7337500984374999 0.88431243125 0.7371642078125 0.85512370625 0.6988578375000001 0.8523326000000001
0 0.6468855125 0.80884225 0.6438328984374999 0.83494040625 0.6803742984375 0.8376029125000001 0.6834269125 0.81150475625 0.6468855125 0.80884225
0 0.431250075 0.787341915625 0.428404028125 0.8116740296874999 0.46141548906249996 0.8140793359374999 0.4642615359375 0.7897472203125 0.431250075 0.787341915625
0 0.4091494359375 0.7527154406250001 0.4063033890625 0.7770475546875 0.43931485 0.7794528609375 0.4421608984375 0.7551207453125001 0.4091494359375 0.7527154406250001
2 0.7451950359375 0.652507728125 0.7420620875 0.679292678125 0.774572384375 0.6816614671875 0.7777053296875 0.6548765171875 0.7451950359375 0.652507728125
2 0.7116556078125 0.6481344375 0.7085226625 0.6749193874999999 0.7416648625 0.67733421875 0.744797809375 0.6505492687500001 0.7116556078125 0.6481344375
2 0.6686072296875001 0.6531941375 0.6654742828125 0.6799790859375 0.6973526765625 0.6823018328125 0.7004856234375 0.655516884375 0.6686072296875001 0.6531941375
2 0.69743465 0.5771409375000001 0.6947492671875 0.6000994656249999 0.7266276625 0.6024222124999999 0.7293130453125001 0.5794636843750001 0.69743465 0.5771409375000001
2 0.6616966078125001 0.5475072484375 0.6586745953124999 0.5733437718750001 0.6924704875 0.5758062328125 0.6954925000000001 0.549969709375 0.6616966078125001 0.5475072484375
2 0.6210744109374999 0.603405890625 0.617884084375 0.63068140625 0.6548612781250001 0.633375665625 0.65805160625 0.60610015 0.6210744109374999 0.603405890625
2 0.61041509375 0.628685934375 0.60756139375 0.653083459375 0.6419891890625 0.6555919625 0.6448428875000001 0.6311944375 0.61041509375 0.628685934375
2 0.5216439140625 0.6289793765625 0.5187902171875 0.6533769 0.551300515625 0.655745690625 0.5541542125000001 0.631348165625 0.5216439140625 0.6289793765625
2 0.48249689375000004 0.6338450828125 0.47936394687500006 0.66063003125 0.5131598390625001 0.6630924921875 0.516292784375 0.63630754375 0.48249689375000004 0.6338450828125
2 0.46470023281249995 0.5881612546875 0.46190200312499996 0.6120845625 0.49696170000000006 0.6146391078125 0.49975992968750005 0.5907158 0.46470023281249995 0.5881612546875
1 0.7620411234375 0.4803013765625 0.757200165625 0.521688865625 0.8075344734375 0.525356359375 0.8123754312499999 0.48396887031249997 0.7620411234375 0.4803013765625
1 0.779389903125 0.421033075 0.77424483125 0.46502056718749996 0.8169963078125001 0.46813555625000003 0.8221413796875 0.42414806406250005 0.779389903125 0.421033075
1 0.715309428125 0.451845653125 0.7124040890625001 0.47668468593749996 0.77376400625 0.4811555375 0.7766693453125 0.45631650468749996 0.715309428125 0.451845653125
1 0.76320179375 0.38123026250000003 0.75951035 0.4127900609375 0.814660190625 0.4168084296875 0.8183516359375 0.3852486296875 0.76320179375 0.38123026250000003
1 0.7043246625 0.3732874265625 0.7006925109375 0.4043403078125 0.7579123765625 0.408509503125 0.7615445296875001 0.37745662343749997 0.7043246625 0.3732874265625
1 0.7154640578125 0.4028026859375 0.710804803125 0.4426367125 0.7604418390625 0.4462534015625 0.76510109375 0.406419375 0.7154640578125 0.4028026859375
1 0.6520539265624999 0.40392977031250005 0.6468495640625 0.44842418124999994 0.6833909625000001 0.45108668749999997 0.6885953265625 0.4065922765625 0.6520539265624999 0.40392977031250005
1 0.5229116031250001 0.390339490625 0.5195223578125 0.4193156375 0.587789625 0.4242897765625 0.5911788703124999 0.3953136296875 0.5229116031250001 0.390339490625
1 0.46629387187500004 0.351243753125 0.463025125 0.3791897078125 0.5250823140625 0.3837113640625 0.528351059375 0.3557654078125 0.46629387187500004 0.351243753125
1 0.49692749062499997 0.41099022031250004 0.5109576687499999 0.40376670312499996 0.5137104421875 0.3990198 0.5121052671874999 0.393955365625 0.501784196875 0.38825586562500003 0.48236469375 0.38519175 0.46653807187499996 0.38898605625 0.4568658421875 0.39652710468749996 0.455526975 0.407973665625 0.46584804843749994 0.41367316406250004 0.48327984218750003 0.41494329218750003 0.49692749062499997 0.41099022031250004
1 0.4555835609375 0.3833475984375 0.4520126125 0.41387720781250004 0.516139828125 0.4185496921875 0.519710775 0.3880200828125 0.4555835609375 0.3833475984375
1 0.7801191125 0.4134835859375 0.8038965640625 0.416865234375 0.8084457796875 0.41554754374999997 0.8111985531249999 0.41080064062500005 0.8121548875 0.4026245265625 0.8107409796875 0.3959248703125 0.7986234671875 0.386796159375 0.7902901015625 0.3828906515625 0.7706793328125 0.38146175625 0.7637598750000001 0.384255903125 0.760433303125 0.3939084734375 0.764026184375 0.4007668984375 0.7801191125 0.4134835859375
1 0.7771338906249999 0.457793365625 0.77893033125 0.461222578125 0.7894426703125 0.465286853125 0.798349834375 0.4642866953125 0.8102010390625001 0.45690441093749995 0.8127625453125 0.4537927328125 0.8192244265624999 0.43612281406250003 0.8197982265625001 0.4312171453125 0.8138351046875 0.425835178125 0.8055017390625 0.4219296671875 0.7987735484375 0.42308859375 0.7843608375 0.43358255625000003 0.7790465546875 0.44144113906250004 0.7771338906249999 0.457793365625
1 0.770938315625 0.491974278125 0.7583220453124999 0.505897453125 0.7595446859375 0.5142323328125 0.7635201031250001 0.5178203109374999 0.7720447328125 0.520090596875 0.7853098468749999 0.519407971875 0.7898590609375 0.51809028125 0.8019015328125001 0.5090727734375 0.8093947890625 0.5013729578125 0.8105423890625 0.49156162031250006 0.80477053125 0.4845444328125 0.8006038484375001 0.4825916765625 0.7873387375 0.4832743046875 0.7827895218750001 0.48459199531249997 0.770938315625 0.491974278125
1 0.6994220203125 0.389463025 0.6986569546875 0.39600391875 0.7004533953125 0.399433128125 0.7066077843749999 0.40317987187500004 0.726218553125 0.4046087671875 0.739674934375 0.4022909171875 0.7533225796874999 0.39833784375 0.7580630609375001 0.39538493125 0.7606245703125001 0.3922732515625 0.761580903125 0.3840971375 0.7595931953124999 0.3823031484375 0.7488895890625 0.37987409687499996 0.722741896875 0.3779689046875 0.7045450359375 0.3832396671875 0.6994220203125 0.389463025
1 0.715398725 0.4219611546875 0.7124546828125 0.428343278125 0.7132947921875 0.43994860312500006 0.7152825 0.4417425921875 0.73271429375 0.443012721875 0.7441829671875 0.4389008828125 0.75148495625 0.4328362890625 0.7617309859375 0.42038957187500003 0.762878584375 0.41057823437499996 0.7569154625000001 0.40519626875 0.741662640625 0.40408490625000004 0.7325642109375 0.40672028750000006 0.7254534875 0.41114965625 0.715398725 0.4219611546875
1 0.712222234375 0.4679061578125 0.7140186749999999 0.47133536718749997 0.730876671875 0.4775111640625 0.748308465625 0.4787812921875 0.7663140609375 0.4751457515625 0.7757950234375001 0.469239925 0.7765600890625 0.46269903437500004 0.7747636484375 0.459269821875 0.764442575 0.45357032343750003 0.7472020484375 0.4506649734375 0.7317579609375 0.451188834375 0.7226595312499999 0.45382421562499997 0.7129873015625 0.461365265625 0.712222234375 0.4679061578125
1 0.6473517625 0.440091290625 0.6551113265625 0.44890247031249997 0.6614569828125 0.4510139890625 0.6725431203125 0.45017259843749996 0.677283603125 0.4472196828125 0.6851593921875 0.43624942187500004 0.6864982578125 0.4248028640625 0.683096640625 0.4163092171875 0.6773247859375 0.409292028125 0.6709791296875001 0.40718050625 0.6598929906250001 0.40802189999999994 0.6551525093749999 0.4109748140625 0.647085453125 0.423580296875 0.6473517625 0.440091290625
1 0.52422278125 0.40308407500000004 0.52743313125 0.41321294374999995 0.546278834375 0.4211827296875 0.5571737046874999 0.421976559375 0.5728090578125 0.419817475 0.581907490625 0.41718209375 0.587030503125 0.410958734375 0.585616596875 0.40425907812500006 0.5754867921875 0.39692435625 0.560616503125 0.39254254843749997 0.55407958125 0.3920662515625 0.542993440625 0.39290764375 0.5338950109375 0.3955430265625 0.52422278125 0.40308407500000004
1 0.4626788828125 0.3656166390625 0.4642840578125 0.3706810734375 0.468259471875 0.3742690515625 0.48710517500000006 0.3822388375 0.509086184375 0.382191275 0.51837588125 0.37792066874999997 0.5233076296875 0.3733325328125 0.524646496875 0.3618859734375 0.5208623484375 0.356662771875 0.508171034375 0.35243973125 0.49509718906250005 0.3514871359375 0.47728286249999996 0.3534874515625 0.467801896875 0.3593932796875 0.4626788828125 0.3656166390625