0 0.23365125468749998 0.315173953125 0.20965877656249998 0.3115643453125 0.2048121578125 0.34720055156249996 0.2288046359375 0.35081015937500004 0.23365125468749998 0.315173953125
0 0.227302590625 0.350049709375 0.202523475 0.34632175468750004 0.1980358640625 0.379318240625 0.22281498125 0.38304619687499997 0.227302590625 0.350049709375
0 0.156621340625 0.51850624375 0.1310398515625 0.514657571875 0.1268371703125 0.54555904375 0.15241865625 0.549407715625 0.156621340625 0.51850624375
2 0.3777003765625 0.38695773125 0.35473052968749996 0.38350197656249996 0.350134646875 0.41729456875000004 0.3731044953125 0.42075032500000004 0.3777003765625 0.38695773125
2 0.421653446875 0.4085355328125 0.39533251875 0.40457561562500005 0.39099876875 0.4364407953125 0.41731969687500003 0.4404007140625 0.421653446875 0.4085355328125
2 0.4293569328125 0.563846465625 0.4025482875 0.5598131734375 0.3980407328125 0.592956309375 0.4248493796875 0.5969896046875001 0.4293569328125 0.563846465625
1 0.5348465578125 0.48703994531249994 0.536283546875 0.5000834265625 0.540433521875 0.50498354375 0.5687525140624999 0.5092440640625 0.5740422015625 0.505764121875 0.57861339375 0.4957624375 0.576321621875 0.489004 0.5711682234375 0.479677159375 0.5683065968750001 0.4771087515625 0.5622984140625 0.474066953125 0.5481389203125 0.4719366921875 0.5412759546875 0.4751799421875 0.5375595453125 0.4788965796875 0.5348465578125 0.48703994531249994
1 0.579643484375 0.47744611406250004 0.5344589640625 0.470648215625 0.5299343125 0.5039170546875 0.575118834375 0.510714953125 0.579643484375 0.47744611406250004
1 0.5987803578124999 0.44238849843750006 0.573796715625 0.43862977187499996 0.56676755 0.49031379218750004 0.59175119375 0.4940725203125 0.5987803578124999 0.44238849843750006
1 0.620868475 0.4934077421875 0.59056715625 0.488848984375 0.582529346875 0.547949359375 0.6128306671875 0.5525081171874999 0.620868475 0.4934077421875
1 0.5673031749999999 0.4726820265625 0.577040115625 0.49552574375 0.584906503125 0.49670922031250003 0.59205439375 0.4913709578125 0.5951885984375 0.46832579062499996 0.59475503125 0.45970903593749995 0.5940365375 0.45318729687500003 0.5875947890625 0.4415287421875 0.5847331625 0.43896033437500004 0.578440053125 0.4380135515625 0.5725805109375 0.4456835265625 0.5698675234375 0.453826890625 0.5673031749999999 0.4726820265625
1 0.5896510359375 0.5444564203125 0.5925126625 0.547024828125 0.601952325 0.548445003125 0.6069570859375 0.5470600734375 0.6106734953124999 0.543343434375 0.6149597609375 0.535436765625 0.6166693249999999 0.5228666765625001 0.6162357593750001 0.51424991875 0.6135104203124999 0.498874728125 0.6080720937499999 0.4916428984375 0.6002057078124999 0.4904594203125 0.59463109375 0.49603437968749997 0.5870619859375 0.51627444375 0.5866407703125 0.5311762437499999 0.5896510359375 0.5444564203125