0 0.8727265624999999 0.24175 0.8448359375000001 0.24175 0.8448359375000001 0.278375 0.8727265624999999 0.278375 0.8727265624999999 0.24175
0 0.83215625 0.29753124999999997 0.80721875 0.29753124999999997 0.80721875 0.33246875 0.83215625 0.33246875 0.83215625 0.29753124999999997
0 0.824984375 0.50771875 0.801734375 0.50771875 0.801734375 0.5392812499999999 0.824984375 0.5392812499999999 0.824984375 0.50771875
0 0.7937031250000001 0.5325104171875 0.770453125 0.5325104171875 0.770453125 0.5640729171875 0.7937031250000001 0.5640729171875 0.7937031250000001 0.5325104171875
2 0.67790625 0.22552083281250002 0.6523125000000001 0.22552083281250002 0.6523125000000001 0.2566041671875 0.67790625 0.2566041671875 0.67790625 0.22552083281250002
2 0.676078125 0.25719791718749996 0.650484375 0.25719791718749996 0.650484375 0.2888854171875 0.676078125 0.2888854171875 0.676078125 0.25719791718749996
2 0.6838437500000001 0.29865624999999996 0.65825 0.29865624999999996 0.65825 0.3291354171875 0.6838437500000001 0.3291354171875 0.6838437500000001 0.29865624999999996
2 0.606140625 0.2797604171875 0.5842031249999999 0.2797604171875 0.5842031249999999 0.3102395828125 0.606140625 0.3102395828125 0.606140625 0.2797604171875
2 0.58328125 0.31509375 0.55859375 0.31509375 0.55859375 0.34740625 0.58328125 0.34740625 0.58328125 0.31509375
2 0.640421875 0.34436458281250004 0.614359375 0.34436458281250004 0.614359375 0.37971875 0.640421875 0.37971875 0.640421875 0.34436458281250004
2 0.6623593750000001 0.3541041671875 0.639046875 0.3541041671875 0.639046875 0.3870208328125 0.6623593750000001 0.3870208328125 0.6623593750000001 0.3541041671875
2 0.668765625 0.44006249999999997 0.645453125 0.44006249999999997 0.645453125 0.47114583281250005 0.668765625 0.47114583281250005 0.668765625 0.44006249999999997
2 0.678359375 0.47540625 0.652765625 0.47540625 0.652765625 0.50771875 0.678359375 0.50771875 0.678359375 0.47540625
2 0.6335703125000001 0.4961354171875 0.6107109375 0.4961354171875 0.6107109375 0.52965625 0.6335703125000001 0.52965625 0.6335703125000001 0.4961354171875
1 0.5275390625 0.21160416718750003 0.4879921875 0.21160416718750003 0.4879921875 0.2597291671875 0.5275390625 0.2597291671875 0.5275390625 0.21160416718750003
1 0.47267187499999996 0.2089791671875 0.430640625 0.2089791671875 0.430640625 0.2498541671875 0.47267187499999996 0.2498541671875 0.47267187499999996 0.2089791671875
1 0.4879921875 0.2485208328125 0.4642578125 0.2485208328125 0.4642578125 0.3071875 0.4879921875 0.3071875 0.4879921875 0.2485208328125
1 0.424203125 0.2168854171875 0.394046875 0.2168854171875 0.394046875 0.2696145828125 0.424203125 0.2696145828125 0.424203125 0.2168854171875
1 0.42025781249999994 0.27160416718749997 0.3905859375 0.27160416718749997 0.3905859375 0.3263125 0.42025781249999994 0.3263125 0.42025781249999994 0.27160416718749997
1 0.45584375 0.2650208328125 0.41778125 0.2650208328125 0.41778125 0.3124791671875 0.45584375 0.3124791671875 0.45584375 0.2650208328125
1 0.46574218749999996 0.33753125 0.4232265625 0.33753125 0.4232265625 0.37246875 0.46574218749999996 0.37246875 0.46574218749999996 0.33753125
1 0.446953125 0.43113541718750004 0.419265625 0.43113541718750004 0.419265625 0.49640625 0.446953125 0.49640625 0.446953125 0.43113541718750004
1 0.41283593749999997 0.49508333281250005 0.3861328125 0.49508333281250005 0.3861328125 0.5544166671874999 0.41283593749999997 0.5544166671874999 0.41283593749999997 0.49508333281250005
1 0.440625 0.5583333328125 0.4453125 0.5479166671875 0.4453125 0.53125 0.440625 0.51875 0.4328125 0.50625 0.428125 0.5041666671875 0.4234375 0.50625 0.41875 0.5166666671875 0.4171875 0.5354166671875 0.421875 0.55 0.4296875 0.5583333328125 0.440625 0.5583333328125
1 0.44646093750000004 0.4996979171875 0.4172890625 0.4996979171875 0.4172890625 0.5610104171875 0.44646093750000004 0.5610104171875 0.44646093750000004 0.4996979171875
1 0.40625 0.2708333328125 0.4125 0.2666666671875 0.4234375 0.25 0.425 0.2270833328125 0.4234375 0.22291666718749997 0.41875 0.2208333328125 0.4109375 0.2208333328125 0.4046875 0.22291666718749997 0.396875 0.23541666718749998 0.39375 0.24375 0.39375 0.2625 0.396875 0.26875 0.40625 0.2708333328125
1 0.45 0.2479166671875 0.465625 0.2479166671875 0.46875 0.24583333281250003 0.471875 0.23541666718749998 0.4703125 0.2270833328125 0.4625 0.2166666671875 0.459375 0.21458333281250003 0.4421875 0.2104166671875 0.4375 0.2104166671875 0.4328125 0.2166666671875 0.4296875 0.225 0.43125 0.23125 0.4421875 0.24375 0.45 0.2479166671875
1 0.4984375 0.25 0.5125 0.2604166671875 0.5203125 0.25833333281250004 0.5234375 0.2541666671875 0.525 0.24583333281250003 0.5234375 0.23333333281250002 0.521875 0.22916666718749998 0.5125 0.21875 0.5046875 0.2125 0.4953125 0.2125 0.4890625 0.21875 0.4875 0.22291666718749997 0.4890625 0.23541666718749998 0.490625 0.23958333281250002 0.4984375 0.25
1 0.40625 0.3291666671875 0.4125 0.3291666671875 0.415625 0.3270833328125 0.41875 0.32083333281250004 0.41875 0.3020833328125 0.415625 0.28958333281250004 0.4109375 0.2770833328125 0.4078125 0.27291666718749996 0.4046875 0.2708333328125 0.396875 0.2708333328125 0.3953125 0.27291666718749996 0.39375 0.2833333328125 0.39375 0.3083333328125 0.4 0.325 0.40625 0.3291666671875
1 0.425 0.3020833328125 0.4359375 0.3104166671875 0.4421875 0.3125 0.453125 0.3104166671875 0.4546875 0.3083333328125 0.4546875 0.2916666671875 0.45 0.28125 0.44375 0.275 0.43125 0.2666666671875 0.421875 0.2666666671875 0.4171875 0.27291666718749996 0.4171875 0.2875 0.4203125 0.2958333328125 0.425 0.3020833328125
1 0.4734375 0.3083333328125 0.4796875 0.3083333328125 0.4828125 0.30625 0.4875 0.28958333281250004 0.4875 0.27291666718749996 0.4828125 0.25625 0.4765625 0.2479166671875 0.4703125 0.2479166671875 0.4671875 0.25 0.4625 0.2604166671875 0.4609375 0.2770833328125 0.4625 0.2916666671875 0.465625 0.3 0.4734375 0.3083333328125
1 0.4421875 0.375 0.4578125 0.3729166671875 0.465625 0.3645833328125 0.4671875 0.3583333328125 0.465625 0.3479166671875 0.4625 0.34375 0.4515625 0.3375 0.440625 0.3375 0.4328125 0.3416666671875 0.4265625 0.3479166671875 0.425 0.3541666671875 0.4265625 0.3645833328125 0.4296875 0.36875 0.4421875 0.375
1 0.4234375 0.48541666718750004 0.43125 0.49375 0.440625 0.4895833328125 0.446875 0.47083333281249995 0.446875 0.4604166671875 0.44375 0.4458333328125 0.440625 0.4375 0.434375 0.43333333281249997 0.428125 0.43541666718750005 0.421875 0.4458333328125 0.41875 0.4604166671875 0.41875 0.46666666718750005 0.4203125 0.4770833328125 0.4234375 0.48541666718750004
1 0.39375 0.5520833328125 0.4 0.55625 0.4046875 0.5541666671875001 0.4078125 0.55 0.4140625 0.53125 0.4125 0.5104166671875 0.4078125 0.5020833328125 0.403125 0.49791666718750005 0.3921875 0.49791666718750005 0.3875 0.5020833328125 0.384375 0.5145833328125 0.384375 0.5270833328125 0.3875 0.54375 0.39375 0.5520833328125