1 0.6364213328125 0.623513628125 0.6342481531249999 0.5798189515625001 0.589715028125 0.5813748875 0.5918882078125 0.6250695640624999 0.6364213328125 0.623513628125
1 0.5478235375 0.5773651515625 0.5457049515625 0.5347681640624999 0.509933878125 0.5360179640625 0.5120524640624999 0.5786149515625 0.5478235375 0.5773651515625
1 0.4332932890625 0.524466559375 0.4315821234375 0.4900613015625 0.37681930625 0.49197464999999996 0.3785304703125 0.526379909375 0.4332932890625 0.524466559375
1 0.380846109375 0.52903979375 0.378971975 0.49135784375 0.341010390625 0.49268417812500004 0.342884525 0.5303661281250001 0.380846109375 0.52903979375
1 0.39530301093750003 0.5695562953125 0.3932390203125 0.5280570015625 0.347961121875 0.5296389593749999 0.3500251125 0.571138253125 0.39530301093750003 0.5695562953125
2 0.6242169828125 0.3044490765625 0.6228586421875 0.27713785468749996 0.5907238234375 0.2782606078125 0.5920821625 0.30557182968749996 0.6242169828125 0.3044490765625
2 0.4916012796875 0.3145558921875 0.49037901875 0.289980709375 0.4553308140625 0.291205253125 0.456553075 0.3157804359375 0.4916012796875 0.3145558921875
2 0.382509896875 0.341893915625 0.381070071875 0.31294434843749996 0.3452989984375 0.31419414843750004 0.3467388234375 0.343143715625 0.382509896875 0.341893915625
2 0.372253428125 0.3121527921875 0.371139540625 0.2897566078125 0.3353684671875 0.2910064078125 0.3364823546875 0.3134025921875 0.372253428125 0.3121527921875
2 0.3631207515625 0.363906853125 0.3619253796875 0.33987232343749996 0.3246866640625 0.3411734 0.3258820359375 0.36520793125 0.3631207515625 0.363906853125
0 0.6930797890625 0.1007179953125 0.69172145 0.07340677343749999 0.6530150890625 0.07475912968750001 0.6543734296875 0.1020703515625 0.6930797890625 0.1007179953125
0 0.561404109375 0.115165746875 0.56004576875 0.08785452656250001 0.5206165406250001 0.0892321375 0.5219748796875 0.116543359375 0.561404109375 0.115165746875
0 0.48119815 0.12016724999999999 0.47983980937500004 0.092856028125 0.44113345 0.0942083828125 0.44249178906250003 0.1215196046875 0.48119815 0.12016724999999999
0 0.34244568124999997 0.1244653 0.3411419359375 0.0982517703125 0.3075613765625 0.09942503593749999 0.308865121875 0.125638565625 0.34244568124999997 0.1244653
1 0.59196975 0.6119289703125 0.601139221875 0.6198145625 0.6100642421875 0.6227851171875 0.6253978296875 0.6222493796874999 0.6296973718750001 0.620457965625 0.6335080078125 0.6088364796875 0.626121628125 0.5926826234375 0.6102176515625 0.5817499421875 0.5926935515625 0.5823622140625 0.5863664625 0.5875068531250001 0.5872627890625 0.60552865625 0.59196975 0.6119289703125
1 0.5098519296874999 0.54915036875 0.5079058703125 0.5541419390625 0.5085577406249999 0.567248703125 0.5134276718749999 0.576925709375 0.5179716640625001 0.5800493328125 0.526733715625 0.579743196875 0.5353327984375 0.5761603703125 0.5457149734375 0.56430928125 0.5470906453125 0.547849290625 0.5444927125000001 0.539734096875 0.5399487187500001 0.5366104734375 0.5246151296875 0.5371462124999999 0.5139070203125 0.54244391875 0.5098519296874999 0.54915036875
1 0.377678253125 0.49468543125000003 0.3755692234375 0.4964003109375 0.3784116078125 0.5094305421875001 0.38758108125 0.517316134375 0.40332208906250006 0.5249721234375 0.4143561375 0.5262278 0.4230367046875 0.52428331875 0.42733624531250003 0.5224919046875 0.43139133437500005 0.5157854546875 0.4311468828125 0.5108704187499999 0.4263584359375 0.5028317578125 0.4218144421875 0.49970813437499995 0.40834543125 0.49361395625000004 0.377678253125 0.49468543125000003
1 0.345644959375 0.5565287624999999 0.345970896875 0.5630821453125 0.3528683703125 0.5694059265625 0.3573308796875 0.570891203125 0.36828344375 0.5705085328124999 0.37258298437500004 0.5687171203125 0.380937615625 0.56021925625 0.3888848265625 0.5435296640625 0.38847740625 0.5353379359375 0.3861239265625 0.5321377796875 0.374845425 0.525967065625 0.3574842921875 0.5298560296875 0.345644959375 0.5565287624999999
1 0.3386564453125 0.504254771875 0.34109140781249997 0.509093275 0.35050533125 0.521893903125 0.359593321875 0.52814115 0.3726549125 0.5260436000000001 0.3789005140625 0.519260615625 0.378085671875 0.502877159375 0.3755692234375 0.4964003109375 0.373297228125 0.4948385 0.3492015859375 0.4956803734375 0.33833050781249996 0.4977013875 0.3386564453125 0.504254771875