1 0.352447321875 0.36822092500000003 0.344692021875 0.408709975 0.3945474578125 0.4207275078125 0.40230275625 0.3802384578125 0.352447321875 0.36822092500000003
1 0.5069328171875 0.40992236875000004 0.5006741015625 0.44259801875000004 0.557235978125 0.4562321234375 0.5634946937499999 0.4235564734375 0.5069328171875 0.40992236875000004
1 0.6417832781249999 0.4776501640625 0.6463004812500001 0.4771041953125 0.651117003125 0.4749955453125 0.6550218484375 0.4661278203125 0.6507902343749999 0.45366398906249994 0.644150359375 0.4422544828125 0.6342042734375 0.43658734062500004 0.62365955625 0.4340455625 0.6146251453125 0.4351375 0.6122168859375 0.43619182500000003 0.6089106734375 0.44193419062499995 0.6080127234375 0.44662223125 0.6155642734375 0.46479081562499996 0.6231020984375 0.4715122796875 0.6291296140625 0.4746000296875 0.6417832781249999 0.4776501640625
1 0.612643153125 0.4287253125 0.604753159375 0.46991756875 0.6517193421874999 0.48123865468749993 0.6596093328125 0.44004639687499997 0.612643153125 0.4287253125
2 0.3344949890625 0.566767796875 0.329460478125 0.59305208125 0.3639628015625 0.601368784375 0.3689973109375 0.5750845 0.3344949890625 0.566767796875
2 0.386183715625 0.63199138125 0.3814215859375 0.656853628125 0.41592390625000003 0.6651703296875 0.4206860375 0.640308084375 0.386183715625 0.63199138125
2 0.5194239890625 0.669307390625 0.5146618578125 0.6941696375 0.5501342953125 0.7027201828125 0.554896425 0.6778579359375 0.5194239890625 0.669307390625
0 0.403969284375 0.8532531999999999 0.399207153125 0.8781154453125 0.4346795890625 0.886665990625 0.4394417203125 0.8618037453125 0.403969284375 0.8532531999999999
0 0.4930181703125 0.8962652796875 0.4877112828125 0.9239716046875 0.5241327453125 0.9327509109375001 0.5294396328125 0.9050445859374999 0.4930181703125 0.8962652796875
1 0.3923292625 0.42078953124999996 0.397431375 0.40567108281250003 0.3974176484375 0.3942239625 0.394397028125 0.3869565296875 0.37088560312499996 0.37148017499999997 0.3645587703125 0.36995510781249996 0.360041565625 0.370501078125 0.35221815 0.37678941250000003 0.3513202 0.3814774515625 0.3546538640625 0.3986293234375 0.3637019984375 0.40898450625000005 0.37153914062500004 0.4141432921875 0.3796756 0.41773939687499995 0.3923292625 0.42078953124999996
1 0.5435608640625 0.44906939687499997 0.5571124765625 0.4474314890625 0.5598200546875 0.444814484375 0.5613166390625 0.43700108281250005 0.5585953359375 0.42817096875000005 0.5489485671875001 0.42094114843749997 0.5299680718750001 0.4163659453125 0.5170150921875 0.41487849062500004 0.507681365625 0.417533109375 0.502565528125 0.42120443593749995 0.5007696265625 0.43058052187499996 0.5061985078125 0.43679362812500006 0.526389996875 0.44656523124999997 0.534825771875 0.448598653125 0.5435608640625 0.44906939687499997