0 0.8196155515625 0.6019329156250001 0.8453892578125 0.6010331109375 0.8442969984375001 0.5613339046875 0.81852329375 0.562233709375 0.8196155515625 0.6019329156250001
0 0.794876378125 0.5788520375 0.81981970625 0.577981221875 0.818845625 0.54257726875 0.793902296875 0.543448084375 0.794876378125 0.5788520375
0 0.8201390828124999 0.5062215078125 0.8480366453125001 0.50524755625 0.8470508625000001 0.46941833125 0.8191533015625 0.4703922828125 0.8201390828124999 0.5062215078125
0 0.7549883656249999 0.41881565 0.7737038421875 0.418162259375 0.772742046875 0.38320484375 0.75402656875 0.383858234375 0.7549883656249999 0.41881565
0 0.8762831859375 0.37346023437500003 0.9038613703125 0.37249743125 0.9028153296875001 0.334478053125 0.8752371453125001 0.33544085625000003 0.8762831859375 0.37346023437500003
2 0.6603342671875 0.6844675015624999 0.6847346546875 0.6836156421874999 0.6837740296875 0.648700753125 0.6593736406249999 0.6495526140625 0.6603342671875 0.6844675015624999
2 0.6171678609375 0.6524734078125001 0.6419355296875 0.651608725 0.6410415984375 0.619117890625 0.6162739265625 0.6199825734375 0.6171678609375 0.6524734078125001
2 0.6672951640625 0.5929584390625 0.69060966875 0.5921444890625 0.6897157375 0.5596536546875 0.66640123125 0.5604676046875 0.6672951640625 0.5929584390625
2 0.6799004296875 0.5337637234375 0.70393353125 0.5329246859375 0.70302614375 0.49994478750000004 0.6789930421875 0.500783825 0.6799004296875 0.5337637234375
2 0.566615021875 0.4318943703125 0.5902968093750001 0.4310675984375 0.589389421875 0.3980877015625 0.565707634375 0.3989144734375 0.566615021875 0.4318943703125
1 0.38554325 0.6502264140625 0.43145366406249996 0.6486236015625 0.43027247968750004 0.6056923234375 0.3843620671875 0.6072951359375 0.38554325 0.6502264140625
1 0.43575008437499996 0.6055117328125 0.47674209375 0.6040806296875 0.475700734375 0.5662313609375 0.434708721875 0.5676624625 0.43575008437499996 0.6055117328125
1 0.3883584203125 0.5393339625 0.416766984375 0.5383421703125 0.415113678125 0.47825113750000003 0.3867051140625 0.47924292968750004 0.3883584203125 0.5393339625
1 0.4593704515625 0.433392996875 0.484297809375 0.4325227390625 0.4826094 0.371155890625 0.4576820421875 0.372026146875 0.4593704515625 0.433392996875
1 0.48348841406250004 0.4031045 0.517262509375 0.40192538750000006 0.5164183046875 0.37124196249999997 0.48264420937499997 0.372421075 0.48348841406250004 0.4031045
1 0.42925109062500005 0.619402990625 0.42422642499999996 0.6110647874999999 0.420974153125 0.609049921875 0.40654369375000005 0.607425309375 0.4002146625 0.609774671875 0.393944134375 0.6142504 0.390867371875 0.6186146265625 0.38483085781250004 0.6315958078125 0.38666175625 0.6400455109375 0.391627915625 0.6462573515625001 0.3964770734375 0.648216465625 0.410849028125 0.647714715625 0.41717806093750004 0.645365353125 0.42031332343749994 0.6431274874999999 0.42954360625000004 0.6300348078125 0.42925109062500005 0.619402990625
1 0.4453542296875 0.5656306546875001 0.43908369843750006 0.5701063796875 0.4360654421875 0.5765969703125 0.4363579609375 0.5872287875 0.43807185000000004 0.5914257640625 0.4527363234375 0.6015558328124999 0.47349581562500004 0.6008310828125001 0.47657257499999994 0.59646685625 0.4762215546875 0.583708675 0.4678276109375 0.56910288125 0.456532415625 0.5652404046874999 0.4453542296875 0.5656306546875001
1 0.41456269843750004 0.49221143125 0.4111349171875 0.48381747812500003 0.4078241421875 0.4796762515625 0.3982428390625 0.4800107515625 0.393510690625 0.482304365625 0.38735716875000004 0.49103281875000004 0.386169809375 0.5059731125 0.3882347203125 0.5229282703125 0.3933178890625 0.5333928390625 0.399880934375 0.539548928125 0.406268471875 0.539325928125 0.410942115625 0.5349059515625 0.41396037343750003 0.5284153625 0.4164521 0.5027874999999999 0.41456269843750004 0.49221143125
1 0.4736234828125 0.37308719218749997 0.46717744687499996 0.371183828125 0.4655805609375 0.371239578125 0.4594270390625 0.3799680328125 0.4579471625 0.384276509375 0.45870770624999996 0.411919234375 0.46225249531249996 0.42456591406250005 0.4688740453125 0.43284836875000005 0.47532008281250004 0.4347517328125 0.48159061249999996 0.43027600625 0.4844918625 0.4195326875 0.48373131875000003 0.39188996249999997 0.481958925 0.38556662343750003 0.4736234828125 0.37308719218749997
1 0.5135455828125 0.3716934421875 0.5086964265625 0.36973432812499996 0.499115125 0.370068828125 0.48651556406249996 0.3768939203125 0.481958925 0.38556662343750003 0.4854452109375 0.396086940625 0.49035286874999995 0.40017241718749996 0.500051178125 0.40409064375000003 0.511229365625 0.40370039375 0.51436463125 0.40146253125 0.5159030109375 0.3992804171875 0.5153179765625 0.3780167828125 0.5135455828125 0.3716934421875