1 0.7747115078125 0.58142961875 0.7817458 0.54062515 0.746191403125 0.536036584375 0.7391571109374999 0.576841053125 0.7747115078125 0.58142961875
1 0.7879596375 0.5425221859375 0.7951799921875 0.5006384046875 0.7446957375000001 0.49412302500000005 0.73747538125 0.53600680625 0.7879596375 0.5425221859375
1 0.67676573125 0.5676856421875 0.6822282093750001 0.535998953125 0.628203440625 0.52902664375 0.6227409640625 0.5607133328125 0.67676573125 0.5676856421875
1 0.6582689953124999 0.6075706921874999 0.6631760609375 0.5791058312499999 0.6084261296875 0.572039934375 0.603519065625 0.6005047953125 0.6582689953124999 0.6075706921874999
1 0.6358072515625001 0.535508134375 0.6425638375 0.4963145796875 0.5949375828125001 0.49016804843750006 0.588180996875 0.5293616015625 0.6358072515625001 0.535508134375
1 0.575331190625 0.5996005484375 0.5818100703125 0.5620179109375 0.5299181421875 0.5553208609375 0.5234392609375 0.5929035 0.575331190625 0.5996005484375
1 0.6273332578125 0.5931377734375001 0.6332567250000001 0.5587769640625 0.5806396312500001 0.5519863265625 0.5747161640625 0.5863471359375 0.6273332578125 0.5931377734375001
1 0.58676688125 0.5418014734375001 0.59370953125 0.5015286078125001 0.5467871125 0.4954729109375 0.5398444625 0.535745778125 0.58676688125 0.5418014734375001
1 0.555444740625 0.5547783234375 0.5622957468750001 0.515037059375 0.5175061671875001 0.5092566203125 0.510655159375 0.5489978843750001 0.555444740625 0.5547783234375
1 0.41097809218750003 0.4400703609375 0.40820103281250003 0.45617950937499996 0.40727910312500004 0.47417482812499995 0.41284449843750004 0.47983334843750003 0.42082043437500005 0.4841562125 0.429351784375 0.48525725 0.43602800156250004 0.4844721109375 0.44594788124999996 0.47751857500000006 0.4476141171875 0.4678530875 0.44659210156249995 0.46113416875 0.43814956406250005 0.44687055625000005 0.421919984375 0.43983574062499997 0.4133886359375 0.4387347046875 0.41097809218750003 0.4400703609375
1 0.43948753125 0.48546201875 0.44670788593750005 0.44357823906249993 0.413286328125 0.43926493125 0.4060659734375 0.4811487125 0.43948753125 0.48546201875
2 0.796662575 0.344379809375 0.8009198078124999 0.3196844859375 0.7667944125 0.31528034374999997 0.76253718125 0.33997566562500003 0.796662575 0.344379809375
2 0.738063234375 0.3302383296875 0.7425065281250001 0.30446369687499997 0.709810134375 0.3002439765625 0.7053668375 0.326018609375 0.738063234375 0.3302383296875
2 0.705077025 0.31498912031250004 0.7096119640625 0.288682884375 0.6776194062500001 0.2845540015625 0.67308446875 0.31086023749999997 0.705077025 0.31498912031250004
2 0.6790105625 0.381900303125 0.683176153125 0.3577365828125 0.6518874296875 0.353698534375 0.6477218390624999 0.3778622546875 0.6790105625 0.381900303125
2 0.672780396875 0.3547399421875 0.6765766375 0.3327187390625 0.646716915625 0.32886511406249996 0.6429206749999999 0.35088631718749996 0.672780396875 0.3547399421875
2 0.6462970609375 0.39030075000000003 0.6506487125 0.36505771875000004 0.6179523171875 0.3608379984375 0.613600665625 0.38608103125 0.6462970609375 0.39030075000000003
2 0.5875984109375 0.3135615421875 0.5919500656250001 0.2883185109375 0.55852850625 0.284005203125 0.554176853125 0.3092482359375 0.5875984109375 0.3135615421875
2 0.5563892234375001 0.2963514859375 0.5602771078125001 0.27379868125 0.5304173875 0.2699450578125 0.5265295046875 0.2924978609375 0.5563892234375001 0.2963514859375
2 0.5687379734375 0.351193003125 0.5728119203125 0.327560884375 0.5429522 0.323707259375 0.538878253125 0.347339378125 0.5687379734375 0.351193003125
2 0.5339478265625 0.354945075 0.537558003125 0.334003184375 0.50556544375 0.32987430156249997 0.501955265625 0.35081619218750004 0.5339478265625 0.354945075
0 0.73300815625 0.169850725 0.7371737453125 0.145687003125 0.7016193484375 0.1410984375 0.6974537578125 0.1652621578125 0.73300815625 0.169850725
0 0.6506400703125 0.1163966359375 0.6555471374999999 0.0879317734375 0.6256874156250001 0.08407814999999999 0.6207803515625 0.11254301250000001 0.6506400703125 0.1163966359375
0 0.5263103984375 0.142063240625 0.5311230421875 0.11414608906249998 0.49770148281250004 0.10983278125 0.49288883749999995 0.1377499328125 0.5263103984375 0.142063240625
0 0.54505626875 0.1977385859375 0.548758090625 0.1762650921875 0.513928859375 0.171770115625 0.5102270375 0.1932436078125 0.54505626875 0.1977385859375
0 0.50644144375 0.1856081328125 0.51097638125 0.1593018953125 0.4825456609375 0.15563269531249999 0.47801072187500004 0.18193893125 0.50644144375 0.1856081328125
1 0.7494662625 0.53809775 0.7446451734374999 0.5407690640625 0.7418681140625 0.5568782078125001 0.7463226828125 0.5689803875 0.759586309375 0.5805726875 0.7702504953125 0.5819489828125 0.7753492875 0.5776667578125 0.7807257875 0.5717736171875 0.782669728125 0.5604972140625 0.7819254203125 0.5521673828125 0.7707946328124999 0.5408503390625 0.7668066640625 0.53868890625 0.7540096421875 0.537037353125 0.7494662625 0.53809775
1 0.7478775609375 0.496723846875 0.7451893125 0.4996704203125 0.7429676640625 0.5125577359375 0.7495550718749999 0.524935175 0.7628186968749999 0.536527475 0.7732051765625 0.5395146828125 0.7777485578125 0.5384542859375 0.7849801859375 0.5344473187500001 0.7885015546874999 0.52666800625 0.7787592953125 0.507296390625 0.771338771875 0.4997516953125 0.767350803125 0.4975902625 0.7545537796875 0.495938709375 0.7478775609375 0.496723846875
1 0.6278170046875 0.5734473828125 0.603989278125 0.5851930249999999 0.601301028125 0.5881395953124999 0.6004679109375 0.5929723390625 0.610021271875 0.6007922921875 0.6313496453125 0.60354488125 0.6401587 0.603035003125 0.6468349156250001 0.6022498640625 0.6564770890625 0.5969072421875 0.6594430453125 0.5923497578125 0.6586987375 0.5840199234375001 0.64886766875 0.5778108875 0.6406140265625 0.5750989359374999 0.6278170046875 0.5734473828125
1 0.6545105984374999 0.5324300171874999 0.6395807390625 0.5305032046875 0.6272503171875 0.538792396875 0.6301274609374999 0.5473974875 0.6471013484375 0.5627621359375 0.6532221546875 0.5651988265625 0.666019178125 0.56685038125 0.6705625578125 0.565789984375 0.6729731 0.564454328125 0.6762167625 0.5582859296875 0.6773275875 0.5518422703125 0.6757501593749999 0.5483451828125 0.6683296359375 0.5408004875 0.65849856875 0.53459145 0.6545105984374999 0.5324300171874999
1 0.5739406609375 0.5697877390625 0.5725521312499999 0.5778423109374999 0.57941724375 0.588608834375 0.5943471031249999 0.5905356484375 0.598890484375 0.5894752515625 0.6227182109375 0.5777296078124999 0.625406459375 0.5747830375 0.6276281078125 0.5618957203125 0.6180747453125 0.5540757671875001 0.6028671796875 0.55375986875 0.5959132546875 0.5561559203125 0.5739406609375 0.5697877390625
1 0.5949687781249999 0.4983976140625 0.593857953125 0.5048412718749999 0.5964573921875 0.5150572765625 0.60174508125 0.5223267140625001 0.6110207359375 0.53175758125 0.61500870625 0.5339190140625 0.627805728125 0.5355705687500001 0.6347596546875 0.5331745156250001 0.6374479015625 0.5302279453125001 0.638558725 0.5237842859375 0.6328044359375 0.506574103125 0.6213959421874999 0.4968679765625 0.6152751375000001 0.49443128593749996 0.6024781140625 0.4927797328125 0.5949687781249999 0.4983976140625
1 0.5294287859375 0.5623963875 0.52804025625 0.570450959375 0.5330502375 0.579331309375 0.53861563125 0.5849898296875 0.5463138609375 0.590923609375 0.5564226359375 0.5955217328125 0.5670868234374999 0.596898028125 0.5716302015625 0.59583763125 0.5764512890625 0.5931663203124999 0.57941724375 0.588608834375 0.5691195734375001 0.57245905 0.56169905 0.5649143546875 0.5494574375 0.560040971875 0.5387932515625 0.5586646796875 0.5294287859375 0.5623963875
1 0.54610241875 0.50361831875 0.5449915953125 0.510061978125 0.5571443953124999 0.5280979390625 0.56085465625 0.5318702859375 0.5728185625 0.5383545828125 0.5816276171875 0.537844703125 0.591547496875 0.530891165625 0.5929360265625 0.5228365937499999 0.5895034703124999 0.5174533296875 0.5706744515625 0.500202509375 0.5557445921874999 0.49827569687500006 0.5512012109375 0.49933609375000004 0.54610241875 0.50361831875
1 0.5174536062499999 0.5180352734375 0.5142099453125 0.5242036734375 0.5149542515625 0.5325335046874999 0.5246965109375 0.5519051203124999 0.5414815015625 0.5557181078125 0.5463025890625001 0.5530467953125 0.54926854375 0.5484893109375 0.550657071875 0.5404347375 0.5486130453125 0.5269969031249999 0.5359048328125 0.5121827734375 0.531639159375 0.51163225625 0.5201418546875 0.5150887046875 0.5174536062499999 0.5180352734375