1 0.4671796875 0.2145729171875 0.42760156250000003 0.2145729171875 0.42760156250000003 0.24930208281250002 0.4671796875 0.24930208281250002 0.4671796875 0.2145729171875
1 0.506765625 0.20832291718749998 0.466140625 0.20832291718749998 0.466140625 0.2576354171875 0.506765625 0.2576354171875 0.506765625 0.20832291718749998
1 0.4593828125 0.31042708281250003 0.4286484375 0.31042708281250003 0.4286484375 0.3631979171875 0.4593828125 0.3631979171875 0.4593828125 0.31042708281250003
1 0.41614843749999997 0.32153125 0.3885390625 0.32153125 0.3885390625 0.3750104171875 0.41614843749999997 0.3750104171875 0.41614843749999997 0.32153125
1 0.4921796875 0.3548645828125 0.4541640625 0.3548645828125 0.4541640625 0.4013854171875 0.4921796875 0.4013854171875 0.4921796875 0.3548645828125
1 0.42239843749999995 0.40209374999999997 0.38594531249999997 0.40209374999999997 0.38594531249999997 0.45278124999999997 0.42239843749999995 0.45278124999999997 0.42239843749999995 0.40209374999999997
1 0.43177343749999997 0.35346875 0.3984453125 0.35346875 0.3984453125 0.40486458281250004 0.43177343749999997 0.40486458281250004 0.43177343749999997 0.35346875
1 0.48125 0.4006875 0.4421875 0.4006875 0.4421875 0.4465208328125 0.48125 0.4465208328125 0.48125 0.4006875
1 0.4645859375 0.4284791671875 0.4260390625 0.4284791671875 0.4260390625 0.4722291671875 0.4645859375 0.4722291671875 0.4645859375 0.4284791671875
1 0.484375 0.5833333328125 0.5015625 0.5854166671875001 0.5171875 0.5854166671875001 0.51875 0.5833333328125 0.51875 0.575 0.5140625 0.5583333328125 0.5015625 0.5479166671875 0.4953125 0.5458333328125 0.4859375 0.5458333328125 0.478125 0.5541666671875001 0.4765625 0.5604166671875 0.4765625 0.56875 0.4796875 0.5770833328125 0.484375 0.5833333328125
1 0.518234375 0.5506979171874999 0.477609375 0.5506979171874999 0.477609375 0.5833437499999999 0.518234375 0.5833437499999999 0.518234375 0.5506979171874999
2 0.6791640625 0.2326458328125 0.6552109374999999 0.2326458328125 0.6552109374999999 0.2659791671875 0.6791640625 0.2659791671875 0.6791640625 0.2326458328125
2 0.686453125 0.29096875 0.661453125 0.29096875 0.661453125 0.32290625 0.686453125 0.32290625 0.686453125 0.29096875
2 0.6973984375 0.325 0.6718828125 0.325 0.6718828125 0.35625 0.6973984375 0.35625 0.6973984375 0.325
2 0.628640625 0.3388854171875 0.605203125 0.3388854171875 0.605203125 0.3694479171875 0.628640625 0.3694479171875 0.628640625 0.3388854171875
2 0.6515703125 0.3493125 0.6302109375 0.3493125 0.6302109375 0.37847916718749997 0.6515703125 0.37847916718749997 0.6515703125 0.3493125
2 0.6177109375 0.36876041718749997 0.5932265625 0.36876041718749997 0.5932265625 0.4006979171875 0.6177109375 0.4006979171875 0.6177109375 0.36876041718749997
2 0.6833359375 0.4374895828125 0.6588515625 0.4374895828125 0.6588515625 0.47013541718749996 0.6833359375 0.47013541718749996 0.6833359375 0.4374895828125
2 0.6932343750000001 0.4701458328125 0.671359375 0.4701458328125 0.671359375 0.4993125 0.6932343750000001 0.4993125 0.6932343750000001 0.4701458328125
2 0.6437578125 0.4493125 0.6208359375 0.4493125 0.6208359375 0.47847916718750005 0.6437578125 0.47847916718750005 0.6437578125 0.4493125
2 0.633328125 0.4819375 0.613015625 0.4819375 0.613015625 0.5131875 0.633328125 0.5131875 0.633328125 0.4819375
0 0.836453125 0.32221875 0.813015625 0.32221875 0.813015625 0.35694791718749996 0.836453125 0.35694791718749996 0.836453125 0.32221875
0 0.8812578125 0.4097291671875 0.8536484375000001 0.4097291671875 0.8536484375000001 0.4388958328125 0.8812578125 0.4388958328125 0.8812578125 0.4097291671875
0 0.8411484375 0.5243020828125 0.8140703125 0.5243020828125 0.8140703125 0.5569479171875 0.8411484375 0.5569479171875 0.8411484375 0.5243020828125
0 0.7843671875 0.49721875000000004 0.7635390625 0.49721875000000004 0.7635390625 0.5312395828125 0.7843671875 0.5312395828125 0.7843671875 0.49721875000000004
0 0.7958359374999999 0.5361145828125 0.7703203125 0.5361145828125 0.7703203125 0.5638854171875 0.7958359374999999 0.5638854171875 0.7958359374999999 0.5361145828125
1 0.446875 0.25 0.4625 0.25 0.465625 0.24583333281250003 0.4671875 0.2416666671875 0.4671875 0.22916666718749998 0.465625 0.225 0.45625 0.2125 0.4484375 0.2104166671875 0.4375 0.2104166671875 0.43125 0.21458333281250003 0.4265625 0.21875 0.4265625 0.22916666718749998 0.4359375 0.24375 0.446875 0.25
1 0.4890625 0.25625 0.5015625 0.25625 0.5046875 0.2541666671875 0.50625 0.2479166671875 0.50625 0.23541666718749998 0.5046875 0.23125 0.4984375 0.22291666718749997 0.48125 0.2104166671875 0.4734375 0.2125 0.46875 0.21875 0.4671875 0.22291666718749997 0.46875 0.23333333281250002 0.478125 0.2479166671875 0.4890625 0.25625
1 0.4 0.3791666671875 0.403125 0.3770833328125 0.4171875 0.35625 0.4171875 0.34375 0.415625 0.33541666718749996 0.4109375 0.325 0.403125 0.3229166671875 0.3984375 0.325 0.3921875 0.3333333328125 0.390625 0.3395833328125 0.3890625 0.3479166671875 0.3890625 0.36875 0.3953125 0.3791666671875 0.4 0.3791666671875
1 0.4421875 0.3583333328125 0.45 0.3625 0.459375 0.35208333281250004 0.459375 0.3375 0.4578125 0.3333333328125 0.453125 0.3229166671875 0.446875 0.3145833328125 0.44375 0.3125 0.4375 0.3125 0.43125 0.3145833328125 0.4296875 0.3166666671875 0.428125 0.32083333281250004 0.428125 0.3333333328125 0.4296875 0.3395833328125 0.4421875 0.3583333328125
1 0.4140625 0.40833333281249995 0.4296875 0.3895833328125 0.4328125 0.38333333281250004 0.434375 0.36875 0.428125 0.3583333328125 0.415625 0.3583333328125 0.4125 0.3604166671875 0.3984375 0.38125 0.396875 0.3854166671875 0.396875 0.4 0.40625 0.40833333281249995 0.4140625 0.40833333281249995
1 0.4625 0.3895833328125 0.46875 0.3958333328125 0.478125 0.4 0.484375 0.4 0.490625 0.39375 0.490625 0.38125 0.4890625 0.375 0.48125 0.3625 0.465625 0.3541666671875 0.459375 0.3541666671875 0.45625 0.35625 0.453125 0.3625 0.453125 0.375 0.4546875 0.3791666671875 0.4625 0.3895833328125
1 0.3953125 0.43958333281249995 0.4 0.4458333328125 0.4078125 0.45208333281249996 0.415625 0.45208333281249996 0.4203125 0.44375 0.4203125 0.43333333281249997 0.4171875 0.42083333281249996 0.4109375 0.4125 0.396875 0.4 0.3921875 0.40208333281249997 0.3890625 0.40625 0.3875 0.41041666718750003 0.3875 0.42083333281249996 0.390625 0.43125 0.3953125 0.43958333281249995
1 0.4671875 0.4458333328125 0.4734375 0.4458333328125 0.478125 0.44166666718750003 0.4796875 0.4375 0.4796875 0.42291666718750004 0.465625 0.40208333281249997 0.4609375 0.39791666718749996 0.453125 0.39791666718749996 0.4453125 0.40625 0.44375 0.4145833328125 0.4484375 0.4270833328125 0.4515625 0.43125 0.4671875 0.4458333328125
1 0.45 0.47291666718750003 0.45625 0.47083333281249995 0.459375 0.46875 0.4640625 0.4583333328125 0.4640625 0.45416666718750004 0.4515625 0.43958333281249995 0.4390625 0.43541666718750005 0.43125 0.43541666718750005 0.4265625 0.4375 0.4234375 0.44166666718750003 0.425 0.4583333328125 0.4421875 0.47083333281249995 0.45 0.47291666718750003