1 0.6589127046875001 0.6108343484375001 0.6577743078125 0.585507378125 0.594208521875 0.5874254015625 0.59534691875 0.612752371875 0.6589127046875001 0.6108343484375001
1 0.5074917546875 0.640781253125 0.5061473249999999 0.6108705140625 0.44534430937499997 0.612705175 0.4466887375 0.6426159124999999 0.5074917546875 0.640781253125
1 0.521589278125 0.5725704703125001 0.5197596296875 0.5318646296875 0.4672449203125 0.5334492 0.46907456875 0.574155040625 0.521589278125 0.5725704703125001
2 0.606005896875 0.339526309375 0.6047853859375001 0.3123724734375 0.5686483703125 0.3134628671875 0.5698688796875 0.3406167015625 0.606005896875 0.339526309375
2 0.5848983343749999 0.4381493703125 0.5837494859375 0.41258989062499996 0.5476124687499999 0.41368028125 0.5487613171875 0.4392397640625 0.5848983343749999 0.4381493703125
2 0.37151991562500003 0.43858425156249997 0.3704248140625 0.4142205375 0.33481825 0.415294925 0.3359133515625 0.4396586390625 0.37151991562500003 0.43858425156249997
0 0.6207963999999999 0.20671887187500002 0.6195579734375001 0.1791664515625 0.5839514078125 0.1802408375 0.5851898359375001 0.20779325937499998 0.6207963999999999 0.20671887187500002
0 0.48399952187500006 0.1944490125 0.4827252625 0.1660994140625 0.4455273453125 0.1672218171875 0.44680160312500006 0.195571415625 0.48399952187500006 0.1944490125
0 0.3886047625 0.167742003125 0.38736633593750003 0.1401895796875 0.35175977187499996 0.1412639671875 0.3529981984375 0.168816390625 0.3886047625 0.167742003125
1 0.5993391265625 0.5878277093750001 0.592932428125 0.5930101359375 0.593380321875 0.602974846875 0.5958144859375001 0.607890509375 0.6026690765625 0.6126727921875 0.6093743703125 0.61413350625 0.6270560921875 0.6135999796875 0.6380325171875 0.6116057421875001 0.6467240796875 0.608017409375 0.65519169375 0.5994467218749999 0.6548930984375 0.5928035828125 0.6503233703125 0.58961539375 0.632417703125 0.5851665640625 0.610240903125 0.5841726859375 0.5993391265625 0.5878277093750001
1 0.45878114999999997 0.6120253328125 0.44581845624999994 0.6190686171875 0.4439068375 0.625778446875 0.4464156484375 0.6323548953125 0.45334489062500005 0.6387979640625 0.462335046875 0.641852771875 0.4800167671875 0.6413192453125001 0.49320340937499996 0.6392583171874999 0.5060914546874999 0.630554246875 0.508152371875 0.6271659875 0.5079284265624999 0.6221836328125 0.5055689109375 0.618928753125 0.4987143203125 0.6141464703125 0.48751394687499994 0.611158353125 0.45878114999999997 0.6120253328125
1 0.47591107343749994 0.549976071875 0.4698029703125 0.5618016406249999 0.47246108124999997 0.5716996578125 0.47924102187499995 0.57482115625 0.48808188281250003 0.57455439375 0.4967734453125 0.5709660609375 0.505390359375 0.5657169421875 0.5179798078125 0.550369734375 0.519742128125 0.540338334375 0.5128128859375 0.533895265625 0.5017618125000001 0.53422871875 0.48437868906250003 0.5414053859375 0.47591107343749994 0.549976071875