1 0.46731794843749996 0.7938689515624999 0.5107873859375001 0.78591329375 0.5043243515625 0.7440288453125 0.46085491406249995 0.7519845015625 0.46731794843749996 0.7938689515624999
1 0.52616181875 0.7819988515625 0.56524604375 0.7748457640625 0.5575564703125 0.725012596875 0.5184722484375001 0.732165684375 0.52616181875 0.7819988515625
1 0.46273995625 0.7244064171875 0.5034188046875 0.7169614859375 0.4980187671875 0.681965928125 0.45733992187499994 0.689410859375 0.46273995625 0.7244064171875
1 0.40993650937500004 0.7117193921875 0.4350518296875 0.7071228546875 0.42597218124999997 0.6482811390625 0.40085686249999997 0.6528776781250001 0.40993650937500004 0.7117193921875
1 0.4280359609375 0.6855110328125 0.45635647500000004 0.680327890625 0.44784921093749996 0.6251955765625 0.41952869687499994 0.6303787203125 0.4280359609375 0.6855110328125
1 0.3991680625 0.647193078125 0.4238847265625 0.6426695015624999 0.41513215625 0.5859474437500001 0.39041549062500003 0.5904710203125 0.3991680625 0.647193078125
1 0.41334455937500003 0.6195231703124999 0.4440570109375 0.6139022609375 0.43538620781250004 0.55771011875 0.40467375937499994 0.5633310265625 0.41334455937500003 0.6195231703124999
1 0.401793425 0.563313296875 0.4424722734375 0.5558683656250001 0.43674516093750004 0.5187531484375 0.396066315625 0.5261980796875 0.401793425 0.563313296875
1 0.491751059375 0.49359295000000003 0.48696718906249997 0.4944684828125 0.4799753015625 0.502286675 0.4752321890625 0.5140523406249999 0.47494587343749994 0.52282281875 0.477235409375 0.537660425 0.4798112609375 0.5437275578125 0.48782514062500004 0.553158475 0.49739288125 0.5514074140624999 0.5030764624999999 0.5351105875 0.5043032484375 0.5218089484374999 0.5020137124999999 0.506971340625 0.49943785937499996 0.500904209375 0.491751059375 0.49359295000000003
1 0.48069145625000004 0.5537884109375 0.5098092828125 0.548459346875 0.501710865625 0.49597660781249997 0.47259304062499996 0.501305671875 0.48069145625000004 0.5537884109375
1 0.3845149015625 0.528323084375 0.4136327265625 0.52299401875 0.4052072328125 0.46839162187500005 0.37608940625 0.4737206859375 0.3845149015625 0.528323084375
2 0.6920468546875 0.7319034828125 0.7165083812499999 0.7274266 0.711576065625 0.695462153125 0.6871145390625 0.699939034375 0.6920468546875 0.7319034828125
2 0.6818354671875 0.68788256875 0.7083859484375 0.683023371875 0.7031102031249999 0.648833284375 0.6765597203125 0.65369248125 0.6818354671875 0.68788256875
2 0.6800770328125 0.6405710046875 0.7066275171874999 0.6357118078124999 0.7015251203124999 0.6026451374999999 0.6749746390625 0.6075043328125 0.6800770328125 0.6405710046875
2 0.6133314671875 0.699842409375 0.63820759375 0.69528965 0.633020159375 0.66167186875 0.6081440328125 0.6662246296875 0.6133314671875 0.699842409375
2 0.5806591 0.6678438984375 0.6067949796875001 0.66306058125 0.6015192328125 0.62887049375 0.5753833515625 0.6336538109375 0.5806591 0.6678438984375
2 0.6266255468749999 0.5732639609375 0.6510870718749999 0.56878708125 0.6458996359375 0.5351693 0.621438109375 0.53964618125 0.6266255468749999 0.5732639609375
2 0.5854198562499999 0.49409315 0.6073937703125 0.49007154531249997 0.602032984375 0.45533034531250005 0.5800590703124999 0.45935195 0.5854198562499999 0.49409315
2 0.6049121093750001 0.4712260921875 0.627715225 0.467052728125 0.62269786875 0.43453716875000004 0.599894753125 0.4387105328125 0.6049121093750001 0.4712260921875
2 0.6384475015625 0.4259879640625 0.6624944234375 0.4215869625 0.6573920281250001 0.3885202921875 0.6333451046875 0.3929212953125 0.6384475015625 0.4259879640625
2 0.6312598625 0.3904586578125 0.6561359906249999 0.385905896875 0.65086024375 0.3517158078125 0.625984115625 0.35626856875 0.6312598625 0.3904586578125
0 0.849187178125 0.7043537234375 0.8783050046875 0.699024659375 0.873153546875 0.665640040625 0.844035721875 0.6709691062500001 0.849187178125 0.7043537234375
0 0.884951653125 0.686365734375 0.9120761984374999 0.6814014734375 0.9065126265625001 0.6453460843750001 0.879388078125 0.65031034375 0.884951653125 0.686365734375
0 0.8333633 0.5246605609375 0.858877278125 0.5199910640625001 0.8535590109375001 0.48552541875 0.8280450343749999 0.49019491718749997 0.8333633 0.5246605609375
0 0.7615677234375 0.40754143750000005 0.7894895828124999 0.40243125468749996 0.7837624703125 0.3653160375 0.7558406125 0.3704262203125 0.7615677234375 0.40754143750000005
1 0.5022970328125 0.7532051375 0.4968590078125 0.7498413515625 0.48729126562499997 0.7515924125 0.4735938078125 0.758458321875 0.4681965453125 0.765984671875 0.4647209796875 0.7753388343750001 0.467010515625 0.7901764453125 0.47085391718749997 0.7938320734375 0.47437024218749996 0.7953680453125 0.487127228125 0.7930332953125 0.49763544218750005 0.7867510734375001 0.5055677984375 0.77440171875 0.50650826875 0.7698705593749999 0.5048728859375 0.75927226875 0.5022970328125 0.7532051375
1 0.5510354484375 0.7290285328125 0.5414677078125 0.73077959375 0.5370109140625 0.733774784375 0.5274839328125001 0.74641598125 0.5230678984375 0.7603013062499999 0.5231086578124999 0.7711914390625 0.5253574359375001 0.7751389125 0.534638859375 0.7821583296875 0.542611975 0.7806991125 0.549603865625 0.7728809171875 0.560071315625 0.755708559375 0.557127625 0.7366316359375 0.5548788484375 0.7326841609375 0.5510354484375 0.7290285328125
1 0.48704670937500005 0.6862516000000001 0.47011924218749995 0.6828110625 0.46247320312499995 0.6863899390625 0.45867056249999993 0.6936244453125 0.45773009218749994 0.6981556046875 0.45903839843750005 0.7066342375 0.4616142515625 0.71270136875 0.46770642812499996 0.7203044734375 0.4798500234375 0.7246205421874999 0.49579625937499994 0.72170210625 0.5011935234375 0.71417575625 0.49890398593749996 0.699338146875 0.49665520937499996 0.695390675 0.48704670937500005 0.6862516000000001
1 0.415411928125 0.6470535453124999 0.41222267968750004 0.647637234375 0.40809296406250006 0.6527520796874999 0.40461739999999996 0.6621062453125 0.40400400625 0.6687570625 0.406947696875 0.6878339890625 0.40985062499999997 0.6960207781250001 0.421707903125 0.709107325 0.42489714999999995 0.7085236375 0.432216115625 0.7028251015625 0.43409705625 0.6937627828124999 0.43471045 0.6871119640625001 0.43340214374999997 0.6786333296875 0.415411928125 0.6470535453124999
1 0.4485719453125 0.638805171875 0.43896344374999996 0.6296660984375 0.4354471203125 0.6281301265625 0.42428475624999995 0.63017303125 0.4201550390625 0.6352878796875 0.41921456875 0.6398190406250001 0.4215041046875 0.6546566484375 0.42665581250000006 0.6667909109375 0.438513090625 0.6798774578125 0.44202941406249996 0.6814134296875001 0.44840790625000004 0.6802460546875 0.4528647015625 0.677250865625 0.455399796875 0.6724278609375001 0.45147487656249996 0.6469919625 0.4485719453125 0.638805171875
1 0.40559962812499994 0.5834637953125 0.40241038125 0.5840474812500001 0.39828066406249996 0.5891623296875 0.3944780234375 0.5963968359375 0.392597084375 0.60545915625 0.39586785 0.626655740625 0.398443703125 0.632722871875 0.40294125625 0.6406178171875 0.41030098125 0.6458094171875 0.41602532031250006 0.640402728125 0.4204413578125 0.626517403125 0.42105475 0.619866584375 0.41974644375 0.61138795 0.40559962812499994 0.5834637953125
1 0.43139992187500004 0.5700238203125 0.427556521875 0.566368190625 0.4201967984375 0.5611765890625 0.4106290578125 0.562927653125 0.4077668859375 0.5656309984375001 0.406213021875 0.5768129765625 0.40784840468750005 0.58741126875 0.4107513359375 0.5955980578125 0.42166814375 0.613215765625 0.42710616718749994 0.6165795515625 0.435079284375 0.6151203328125 0.4398223953125 0.6033546671875001 0.44043578906249997 0.596703846875 0.43847332968749997 0.583985896875 0.43139992187500004 0.5700238203125
1 0.42387715937500003 0.5212716796875 0.41112017031250003 0.523606428125 0.4038012046875 0.5293049640625 0.39873101875 0.5389509703125 0.39971224843750003 0.5453099453125 0.401961025 0.54925741875 0.41316415156249997 0.55810465 0.4217914203125 0.560884746875 0.43454840937499994 0.5585499984375 0.4408861453125 0.5464924890625 0.43925076093750004 0.535894196875 0.4347532078125 0.5279992499999999 0.42387715937500003 0.5212716796875
1 0.3965647609375 0.4717823421875 0.38859164218750003 0.47324156093749997 0.3806592859375 0.485590915625 0.3800866515625 0.5031318703125 0.3846249640625 0.5219169515625001 0.39521469531250003 0.537415 0.39840394218749997 0.5368313125 0.407890165625 0.513299978125 0.4094440296875 0.5021180015625 0.4065003390625 0.48304107656250006 0.4000810859375 0.473318315625 0.3965647609375 0.4717823421875