0 0.8162734374999999 0.3600104171875 0.7924453125 0.3600104171875 0.7924453125 0.3954479171875 0.8162734374999999 0.3954479171875 0.8162734374999999 0.3600104171875
0 0.8186171874999999 0.3949270828125 0.7940078125000001 0.3949270828125 0.7940078125000001 0.4277395828125 0.8186171874999999 0.4277395828125 0.8186171874999999 0.3949270828125
0 0.8659062499999999 0.5694479171875 0.8404999999999999 0.5694479171875 0.8404999999999999 0.6001770828125 0.8659062499999999 0.6001770828125 0.8659062499999999 0.5694479171875
2 0.6655625 0.40884375000000006 0.64275 0.40884375000000006 0.64275 0.44244791718750004 0.6655625 0.44244791718750004 0.6655625 0.40884375000000006
2 0.6232578125 0.4234270828125 0.5971171875 0.4234270828125 0.5971171875 0.45511458281249995 0.6232578125 0.45511458281249995 0.6232578125 0.4234270828125
2 0.5956875 0.5736458328125 0.5690625 0.5736458328125 0.5690625 0.6066041671875 0.5956875 0.6066041671875 0.5956875 0.5736458328125
1 0.46875 0.5 0.4734375 0.49583333281249997 0.4765625 0.48333333281249996 0.475 0.475 0.471875 0.47083333281249995 0.465625 0.46666666718750005 0.4515625 0.46666666718750005 0.4453125 0.46875 0.4421875 0.47083333281249995 0.4359375 0.4791666671875 0.4328125 0.48541666718750004 0.4359375 0.49583333281249997 0.440625 0.5 0.46875 0.5
1 0.479109375 0.46741666718749997 0.43423437500000006 0.46741666718749997 0.43423437500000006 0.5005 0.479109375 0.5005 0.479109375 0.46741666718749997
1 0.44506249999999997 0.43044791718750003 0.42024999999999996 0.43044791718750003 0.42024999999999996 0.48184375 0.44506249999999997 0.48184375 0.44506249999999997 0.43044791718750003
1 0.42209375 0.4769270828125 0.392 0.4769270828125 0.392 0.5356979171875 0.42209375 0.5356979171875 0.42209375 0.4769270828125
1 0.434375 0.48541666718750004 0.446875 0.46458333281249997 0.446875 0.4458333328125 0.4453125 0.4375 0.440625 0.4291666671875 0.434375 0.4291666671875 0.43125 0.43125 0.4234375 0.44166666718750003 0.421875 0.4479166671875 0.4203125 0.45625 0.4203125 0.4791666671875 0.4265625 0.48541666718750004 0.434375 0.48541666718750004
1 0.3984375 0.53125 0.403125 0.5333333328125 0.4125 0.5333333328125 0.415625 0.53125 0.4203125 0.51875 0.421875 0.5041666671875 0.4171875 0.48333333281249996 0.4125 0.4770833328125 0.4046875 0.4770833328125 0.3984375 0.48333333281249996 0.39375 0.49791666718750005 0.3921875 0.50625 0.3921875 0.51875 0.3953125 0.5270833328125 0.3984375 0.53125