1 0.4275546875 0.32575 0.3870703125 0.32575 0.3870703125 0.375 0.4275546875 0.375 0.4275546875 0.32575
1 0.4240078125 0.4791666671875 0.3913359375 0.4791666671875 0.3913359375 0.5350416671875 0.4240078125 0.5350416671875 0.4240078125 0.4791666671875
1 0.4 0.6229166671875 0.4109375 0.6291666671875 0.4203125 0.6270833328125 0.4234375 0.6229166671875 0.425 0.61875 0.425 0.60625 0.4234375 0.6 0.41875 0.5916666671875 0.403125 0.58125 0.3984375 0.58125 0.3921875 0.5833333328125 0.390625 0.5854166671875001 0.3875 0.59375 0.3875 0.6041666671875 0.390625 0.6145833328125 0.4 0.6229166671875
1 0.42614062500000005 0.5823854171875 0.384953125 0.5823854171875 0.384953125 0.6287812500000001 0.42614062500000005 0.6287812500000001 0.42614062500000005 0.5823854171875
2 0.60725 0.3447083328125 0.58096875 0.3447083328125 0.58096875 0.3787916671875 0.60725 0.3787916671875 0.60725 0.3447083328125
2 0.6562578125 0.40531249999999996 0.6313984375 0.40531249999999996 0.6313984375 0.43939583281249994 0.6562578125 0.43939583281249994 0.6562578125 0.40531249999999996
2 0.6612265625 0.537875 0.6363671875 0.537875 0.6363671875 0.5729166671875 0.6612265625 0.5729166671875 0.6612265625 0.537875
0 0.8636328125 0.462125 0.8387734375000001 0.462125 0.8387734375000001 0.4971666671875 0.8636328125 0.4971666671875 0.8636328125 0.462125
0 0.8870703125 0.5539895828125 0.8593671875 0.5539895828125 0.8593671875 0.5899687499999999 0.8870703125 0.5899687499999999 0.8870703125 0.5539895828125
1 0.4015625 0.3729166671875 0.4125 0.375 0.428125 0.3729166671875 0.428125 0.3604166671875 0.4265625 0.35208333281250004 0.4234375 0.34375 0.415625 0.3333333328125 0.4 0.3270833328125 0.3953125 0.3270833328125 0.3875 0.3333333328125 0.3859375 0.3375 0.3859375 0.34375 0.3953125 0.36875 0.4015625 0.3729166671875
1 0.4046875 0.5354166671875 0.4125 0.5354166671875 0.415625 0.5333333328125 0.4203125 0.5208333328125 0.421875 0.5125 0.421875 0.5041666671875 0.4171875 0.48333333281249996 0.4125 0.4770833328125 0.403125 0.4770833328125 0.3984375 0.48125 0.39375 0.4895833328125 0.3921875 0.5020833328125 0.3921875 0.5208333328125 0.396875 0.53125 0.4046875 0.5354166671875