1 0.7863863328125 0.4359574765625 0.78150886875 0.4766304484375 0.8271373109375 0.4814336703125 0.832014775 0.4407606984375 0.7863863328125 0.4359574765625
1 0.7762816140625 0.47736830625 0.7713288687500001 0.51866905 0.8203404515624999 0.5238284078125 0.8252931968749999 0.482527665625 0.7762816140625 0.47736830625
1 0.74351170625 0.4082830609375 0.7393969640625 0.4425957171875 0.7985359953125 0.44882117343749994 0.8026507359374999 0.41450851718750004 0.74351170625 0.4082830609375
1 0.70589941875 0.443577915625 0.701861940625 0.47724628124999996 0.7652408796875 0.4839180640625 0.7692783578125 0.4502497 0.70589941875 0.443577915625
1 0.6788832703125001 0.3834627796875 0.6754539875 0.4120594140625 0.7421940984375001 0.41908502187499996 0.7456233796875 0.3904883875 0.6788832703125001 0.3834627796875
1 0.6207321218749999 0.4474686296875 0.616237009375 0.48495318281250005 0.671158103125 0.490734625 0.6756532156249999 0.4532500703125 0.6207321218749999 0.4474686296875
1 0.5716547140625 0.3715309671875 0.56799760625 0.40202743593749996 0.6288282078125 0.40843096093750003 0.632485315625 0.37793449218749997 0.5716547140625 0.3715309671875
1 0.50330746875 0.39200568750000003 0.4994205546875 0.424418509375 0.5627994937499999 0.43109029374999996 0.566686409375 0.3986774703125 0.50330746875 0.39200568750000003
1 0.4902301828125 0.3655441625 0.48703070937500004 0.3922244453125 0.5453349390625 0.3983620234375 0.5485344125 0.3716817421875 0.4902301828125 0.3655441625
1 0.428650746875 0.45813838906250004 0.424472803125 0.474427428125 0.4222935953125 0.4925997546875 0.42848790625 0.4965975875 0.43967023593750004 0.4961018453125 0.44885382968750004 0.4937228171875 0.4536437359375 0.490881271875 0.4614229265625 0.48166286875 0.46421409999999996 0.4769380359375 0.46579897812500004 0.4637217984375 0.4580021515625 0.45453661875 0.45380657500000005 0.45242207343749996 0.4428223578125 0.45126578593750005 0.431243809375 0.45506558750000003 0.428650746875 0.45813838906250004
1 0.4268751234375 0.45151923125 0.4216945515625 0.4947198078125 0.46310505468749996 0.499079015625 0.46828562656250006 0.45587843906250003 0.4268751234375 0.45151923125
2 0.7412243125 0.669907228125 0.7375672046874999 0.7004036953125 0.77304623125 0.7041385078125 0.7767033375 0.6736420390625 0.7412243125 0.669907228125
2 0.6765607203124999 0.674040875 0.6735890734375001 0.6988213187500001 0.709924865625 0.7026463203125 0.7128965125 0.6778658765625 0.6765607203124999 0.674040875
2 0.6424649703124999 0.6801042203125001 0.6394933234375 0.7048846671875 0.6724459781250001 0.70835353125 0.675417625 0.6835730859375 0.6424649703124999 0.6801042203125001
2 0.6218601265625 0.5878587265624999 0.618735934375 0.6139112359375 0.64916221875 0.617114153125 0.6522864109375 0.5910616453124999 0.6218601265625 0.5878587265624999
2 0.5895176515625 0.5793016109375 0.5863934578125 0.6053541203125 0.61765454375 0.608644915625 0.620778734375 0.5825924062500001 0.5895176515625 0.5793016109375
2 0.5765756734374999 0.615896978125 0.5734514828124999 0.6419494875 0.6064041359375001 0.645418353125 0.609528328125 0.61936584375 0.5765756734374999 0.615896978125
2 0.527379975 0.65512495625 0.5243330453125 0.680533171875 0.5581205015624999 0.684089915625 0.56116743125 0.6586816984375 0.527379975 0.65512495625
2 0.513099334375 0.5815621640625 0.5098998625 0.60824244375 0.5453788875 0.61197725625 0.5485783609375 0.5852969765625 0.513099334375 0.5815621640625
2 0.4702671953125 0.603434690625 0.467143003125 0.6294872 0.5009304578125 0.6330439421875 0.5040546499999999 0.6069914328125 0.4702671953125 0.603434690625
2 0.45033210312499994 0.641209359375 0.44743573750000004 0.665362034375 0.47786202187500004 0.668564953125 0.4807583875 0.644412278125 0.45033210312499994 0.641209359375
0 0.6505163734375 0.8340876125 0.6468592656250001 0.86458408125 0.684029859375 0.8684969609375001 0.6876869671875 0.8380004921875001 0.6505163734375 0.8340876125
0 0.603226490625 0.8574230640625 0.599492121875 0.8885638234375 0.633279575 0.8921205671875001 0.637013946875 0.8609798062499999 0.603226490625 0.8574230640625
0 0.4371991515625 0.807767740625 0.43384713281250004 0.835720084375 0.470182928125 0.8395450859375 0.4735349453125 0.8115927421875 0.4371991515625 0.807767740625
0 0.4092855109375 0.7623715171875001 0.406008771875 0.789696090625 0.4440361359375 0.7936991609375 0.4473128734375 0.7663745875 0.4092855109375 0.7623715171875001
1 0.7876915375 0.45076607031249993 0.7847022546875 0.45714292968750003 0.783117375 0.47035916875000006 0.7849179984375 0.47389448593749994 0.791310421875 0.47624028906250004 0.8022946390625 0.4773965765625 0.8068864359375001 0.4762070625 0.8212561578124999 0.4676824296875 0.8240473312500001 0.4629575984375 0.8258303187499999 0.44808933125 0.8226252921875 0.4377146359375 0.81623286875 0.435368834375 0.807247384375 0.43609583281250003 0.7976675703125 0.441778921875 0.7876915375 0.45076607031249993
1 0.7753734578125 0.51638474375 0.7795690343749999 0.5184992890625 0.7927500968750001 0.519886834375 0.79734189375 0.5186973203125 0.8069217078124999 0.51301423125 0.8143046796875 0.507099884375 0.8220838671875 0.49788148125 0.8230744156249999 0.48962133124999996 0.817078215625 0.48397146874999997 0.806490215625 0.4795111203125 0.78792491875 0.485921209375 0.772762759375 0.501053959375 0.7715741 0.5109661390625 0.7753734578125 0.51638474375
1 0.7515162203125 0.41851892656249995 0.7443313578125 0.4227812421875 0.7365521687500001 0.43199964687500003 0.73615595 0.43530370625000003 0.7401534171875 0.43907028124999997 0.752938259375 0.4437618875 0.7661193203125001 0.4451494328125 0.7818934468750001 0.443464178125 0.7960650578124999 0.4365915734375 0.7998467796875001 0.42360659375000004 0.793850578125 0.41795673281249995 0.789655 0.4158421875 0.774277096875 0.4142233828125 0.7652916109375 0.41495038281249996 0.7515162203125 0.41851892656249995
1 0.7026266015625 0.455194515625 0.7038328968750001 0.4636859234375 0.7078303625 0.467452496875 0.7246126734375 0.47591067656249997 0.7332019375 0.47848773749999995 0.7529735296875 0.48056905624999996 0.757565328125 0.4793795421875 0.7649482984375 0.473465196875 0.763742003125 0.46497379062500005 0.7495527562500001 0.4534428078125 0.73476918125 0.44686791562500006 0.7261799156250001 0.44429085468749996 0.7149975875 0.44478659687500005 0.7078127265624999 0.4490489109375 0.7026266015625 0.455194515625
1 0.6931743546875 0.3856112359375 0.6837926515625 0.38964229375000003 0.6788046343749999 0.39413586875 0.6780121953125 0.40074398593750005 0.67981281875 0.40427930312499993 0.6900045968749999 0.4120437109375 0.6985938625 0.414620771875 0.71836545625 0.416702090625 0.7343376890625 0.4133648046875 0.7393257078125 0.40887123125 0.7403162562500001 0.4006110828125 0.7365168984375 0.39519247812499997 0.723930165625 0.3888488421875 0.7175377453125 0.38650304062499996 0.697766153125 0.3844217203125 0.6931743546875 0.3856112359375
1 0.6381256953125 0.4550961625 0.6211629109375 0.466693596875 0.6183717390625 0.47141842812499996 0.6197761421875 0.4782578046875 0.6279691875 0.4841389234375 0.6345597203125 0.484832696875 0.6435452046875 0.4841056984375 0.66430734375 0.47792686875 0.6746795984375 0.4656356609375 0.6732751953125 0.4587962859375 0.6694758375000001 0.45337768125 0.665280259375 0.4512631359375 0.654296040625 0.45010684687499997 0.6475074015625 0.4510651046875 0.6381256953125 0.4550961625
1 0.571951734375 0.37619612343750003 0.5701687468750001 0.391064390625 0.5719693703125001 0.3945997078125 0.5843579921875001 0.4025953734375 0.5907504140625 0.4049411765625 0.6083251640625 0.40679123749999996 0.6219024453124999 0.4048747234375 0.6268904625 0.40038115 0.6258822765625001 0.3902377140625 0.624081653125 0.38670239687499997 0.6094961859375 0.3784754734375 0.6009069234375 0.3758984140625 0.5789384875 0.37358583749999996 0.5743466875000001 0.37477535156249997 0.571951734375 0.37619612343750003
1 0.4920729265625 0.3744789671875 0.4912804859375 0.3810870859375 0.49288299999999996 0.38627443281249996 0.503074778125 0.394038840625 0.5160577296875 0.397078415625 0.5448148078124999 0.3984327359375 0.5518015578125001 0.39582244843750003 0.5547908406250001 0.38944558749999997 0.5529902171875001 0.385910271875 0.5429965484375 0.376493834375 0.538800971875 0.3743792890625 0.523819284375 0.369456425 0.501850846875 0.3671438484375 0.4972590515625 0.3683333625 0.4920729265625 0.3744789671875
1 0.500301240625 0.41716725625000006 0.5084942875 0.42304837656250005 0.525672815625 0.4282024953125 0.54124883125 0.428169271875 0.550432425 0.42579024218750006 0.5580135046875 0.418223865625 0.5610027875 0.4118470046875 0.559598384375 0.405007628125 0.553404071875 0.40100979531250003 0.5360274328125 0.3975077046875 0.5158596203125 0.3987304453125 0.5044791828124999 0.40087821718749994 0.5020842296875 0.40229898906250006 0.500301240625 0.41716725625000006