0 0.361906215625 0.3430111 0.36596687656250004 0.332466121875 0.36567922343750003 0.318870190625 0.362799725 0.3093156359375 0.3557157359375 0.3035080921875 0.30411127968749996 0.2940885234375 0.291987421875 0.3031616921875 0.28596834531250004 0.3223781421875 0.2878686375 0.33626843281249996 0.29285038124999996 0.343949484375 0.339127315625 0.3546538359375 0.3530076375 0.35267299375 0.361906215625 0.3430111
0 0.254805071875 0.51984114375 0.266093546875 0.5219016734374999 0.306121875 0.51566478125 0.3135516390625 0.51250649375 0.3240628578125 0.5031389625 0.32763391406250003 0.494761853125 0.32944850468750003 0.47929241562499997 0.32495636562499997 0.46944349843750005 0.3162597390625 0.46334159062499997 0.287376059375 0.46484104843749996 0.2639637265625 0.47185368906249997 0.2518398703125 0.4809268609375 0.24469775781249997 0.4976810796875 0.24933372187499997 0.5143279625 0.254805071875 0.51984114375
0 0.236111434375 0.6992651421875 0.242620115625 0.677880825 0.23314623124999997 0.660350859375 0.1957678765625 0.6399846124999999 0.1844794015625 0.63792408125 0.1723555453125 0.64699725 0.1638884453125 0.6770530406249999 0.16676794687500002 0.6866075953124999 0.17223929375 0.692120778125 0.205269334375 0.709436071875 0.219783090625 0.7120853265625 0.22511061250000003 0.7108005421875 0.236111434375 0.6992651421875
0 0.385052521875 0.6271335171875 0.397809809375 0.62269044375 0.40670838906249995 0.61302855 0.40978984062499996 0.606819309375 0.4116044328125 0.591349871875 0.4059892578125 0.579038725 0.3903524671875 0.573927240625 0.34611965312500004 0.5839111453125 0.3339957953125 0.5929843171875 0.3294455328125 0.6056971625 0.329733184375 0.6192930921875 0.334225325 0.6291420125 0.341798915625 0.6327816859375 0.385052521875 0.6271335171875
1 0.380912109375 0.35550927187500003 0.3765056703125 0.3750200828125 0.3811416359375 0.3916669640625 0.3882256234375 0.397474509375 0.39628881875 0.398946315625 0.405331225 0.3960823875 0.412127559375 0.388294003125 0.41471940781249994 0.38425262656250003 0.41863624218749995 0.36690968281249997 0.4173693796875 0.3576494890625 0.4140002765625 0.3502628015625 0.41014156718750006 0.34504398125 0.400955334375 0.34110994375 0.394015175 0.3421003671875 0.3839935609375 0.349300028125 0.380912109375 0.35550927187500003
1 0.4653951375 0.5815057125 0.4661723953125 0.592933775 0.47178756875000005 0.6052449234374999 0.4761358828125 0.6082958734374999 0.48581171875000007 0.61006204375 0.4948541234375 0.6071981156249999 0.501160853125 0.601577596875 0.50424230625 0.5953683546875 0.508159140625 0.5780254109375 0.506892278125 0.5687652171875001 0.5046462093749999 0.5638407578125 0.49917486093749996 0.5583275765625 0.48998862968749995 0.554393540625 0.4772313421875 0.5588366109375 0.469945403125 0.5687928671875 0.4653951375 0.5815057125
1 0.2961231703125 0.6544407343749999 0.3020841234375 0.6577860484375 0.31014731875 0.65925785625 0.32129196718749997 0.654520421875 0.3280883 0.6467320359375 0.3331281703125 0.6318513218749999 0.33298434375 0.62505335625 0.328348378125 0.608406475 0.321264390625 0.6025989296875001 0.314813834375 0.601421484375 0.30738406875 0.6045797734375 0.29687285 0.6139473062499999 0.2933017953125 0.622324415625 0.28938495937500003 0.639667359375 0.2961231703125 0.6544407343749999
2 0.486792621875 0.652476259375 0.4774625640625 0.6417442578125 0.46939936718749997 0.64027245 0.4571316828125 0.6425476546875 0.4562963015625 0.6536813546875 0.4602988359375 0.665698140625 0.46464714999999995 0.66874909375 0.47109770781250004 0.669926540625 0.476425228125 0.66864175625 0.482731959375 0.6630212390625 0.48532380625 0.6589798640625 0.486792621875 0.652476259375
2 0.252213225 0.5238825171875 0.23735369374999998 0.530199096875 0.2342722421875 0.5364083390625 0.24198965781249998 0.5468459796875 0.2501966828125 0.5551157515625 0.2577702734375 0.558755428125 0.2598725171875 0.556881921875 0.26442278125 0.5441690765625 0.2637893515625 0.539538978125 0.25929721093749997 0.5296900625000001 0.252213225 0.5238825171875
2 0.173481553125 0.5230547328124999 0.1723585203125 0.5205925046875 0.1663975671875 0.5172471890625 0.14543325625 0.5134204890625 0.142841409375 0.5174618640624999 0.14137259687499998 0.5239654671875 0.14376249218749998 0.5356878921875 0.1481108046875 0.53873884375 0.157786640625 0.5405050140625 0.1684416859375 0.537935446875 0.17054392812500002 0.536061940625 0.173481553125 0.5230547328124999
2 0.16893426250000002 0.40936283125 0.1769974578125 0.4108346390625 0.1804246890625 0.3956595625 0.17817861875000002 0.3907351046875 0.158683121875 0.3804048015625 0.1502741484375 0.38789882656249997 0.1467030921875 0.3962759359375 0.15056180156250001 0.4014947578125 0.16893426250000002 0.40936283125