0 0.463541221875 0.1909176734375 0.4767564453125 0.1861737578125 0.48149960937499997 0.1662402140625 0.48046438281250003 0.15823548437499999 0.4624850359375 0.1198515 0.455048196875 0.1126666015625 0.4279945203125 0.11104545156250001 0.41849771562500004 0.1193818171875 0.4162317546875 0.13645520625000002 0.425327046875 0.1627538140625 0.44144194531250003 0.1835762125 0.4532151921875 0.18969718124999999 0.463541221875 0.1909176734375
0 0.7204560203125 0.23074270624999998 0.7347064671875 0.2340035203125 0.743379284375 0.23187566249999997 0.7547352984375 0.225335521875 0.760101690625 0.2165109609375 0.757413253125 0.2051578796875 0.7433635625 0.184579578125 0.7222942671875 0.1694774890625 0.699988990625 0.16368815625 0.6933813796875 0.1660601125 0.68594978125 0.1746405765625 0.6859550234375 0.1904059375 0.6995927203125001 0.21408849062500002 0.7204560203125 0.23074270624999998
0 0.53881745 0.50880391875 0.555133103125 0.51230883125 0.5594695125 0.5112449015625 0.5728907328124999 0.504948859375 0.5925023296874999 0.4836197515625 0.6055063171875 0.46466260156250005 0.6028178796875 0.4533095203125 0.589185421875 0.44539232812499996 0.576794184375 0.44392773906249994 0.5613077578125 0.44997968281249995 0.534470559375 0.4783371265625 0.5291041671875 0.4871616875 0.5295214015624999 0.49982279687500003 0.53881745 0.50880391875
0 0.5044805218749999 0.3407921359375 0.5069629625000001 0.35369734375 0.511922603125 0.36374239531249997 0.5195654375000001 0.36937516718749996 0.5404234953125 0.3702640234375 0.547237103125 0.3663399390625 0.5523974984375 0.359067503125 0.555276209375 0.321572375 0.552999765625 0.3071150421875 0.5496933390625001 0.3004183421875 0.5439097125 0.29658179375 0.5275940625 0.29307688125000003 0.5191272390624999 0.293652615625 0.50983643125 0.3004368546875 0.50674124375 0.3079533875 0.5044805218749999 0.3407921359375
1 0.5808564656249999 0.2394662453125 0.591182496875 0.2406867359375 0.5998553156249999 0.23855887656250002 0.613894525 0.22760645625000003 0.6149245062500001 0.219845825 0.6120300734375 0.21004487031250002 0.6002568265625 0.20392390312500003 0.5796047640624999 0.2014829203125 0.5686607421875001 0.2049188078125 0.5661835453124999 0.2077789625 0.5641235796874999 0.22330022500000002 0.5674300046874999 0.2299969265625 0.57486684375 0.237181825 0.5808564656249999 0.2394662453125
1 0.40579930312499995 0.43632869531249996 0.41674856406250005 0.44865816875000003 0.42067298124999997 0.45069849062499995 0.42872780781250003 0.4532270109375 0.43719463125 0.45265127656250004 0.4458674484375 0.4505234171875 0.45515825468750004 0.4437391796875 0.4570122234375 0.4297700421875 0.44978138124999995 0.4210330171875 0.44399775625000004 0.417196471875 0.43800813437499997 0.41491205000000003 0.425616896875 0.4134474609375 0.41694407968749997 0.4155753203125 0.407653271875 0.42235955937499997 0.4045580828125 0.4298760921875 0.40579930312499995 0.43632869531249996
1 0.4900450421875 0.4021448921875 0.493557465625 0.4072894671875 0.4972758828125 0.4108819171875 0.5051247156249999 0.41496256093749995 0.519581159375 0.41667124843750003 0.528253978125 0.414543390625 0.5373387890625 0.409311278125 0.540021984375 0.404898996875 0.541051965625 0.397138365625 0.5379515375 0.3888895390625 0.5284494937499999 0.38146054218750003 0.5185354531249999 0.3771357984375 0.514405040625 0.3766476015625 0.5013958140625 0.379839390625 0.49210500625 0.38662362968749997 0.4894218125 0.3910359109375 0.4900450421875 0.4021448921875
2 0.662508103125 0.47770585624999995 0.6649853015625 0.4748457015625 0.6633320890625 0.4714973515625 0.6594076734375001 0.469457028125 0.6428860234375 0.46750424218750003 0.634007209375 0.4711842296875 0.6290528109375 0.4769045375 0.6282288265625 0.48311304218749995 0.6315352515625 0.48980974374999997 0.6400020734375 0.48923401093749996 0.662508103125 0.47770585624999995
2 0.611707175 0.48116025625000003 0.62285719375 0.4761722421875 0.6253343921875001 0.4733120875 0.626364375 0.46555145624999994 0.624917159375 0.46065098125 0.617274321875 0.4550182078125 0.6152091171875 0.4547741109375 0.610666709375 0.45739016718750003 0.5976627265625 0.4763473171875 0.59725073125 0.47945156874999995 0.599109940625 0.48124779375 0.611707175 0.48116025625000003
2 0.5049292000000001 0.448045409375 0.5016227765625 0.44134870781249996 0.49170873593750003 0.437023965625 0.48757832343749996 0.4365357671875 0.485307121875 0.4378437953125 0.48180517968750003 0.4642299421875 0.4921312125 0.465450434375 0.4964676203125 0.46438650312499996 0.503487225 0.4589102921875 0.5049292000000001 0.448045409375
2 0.44133552500000006 0.4846701953125 0.44339548906250004 0.46914893125 0.4353406625 0.4666204140625 0.4266678421875 0.468748271875 0.4221254390625 0.47136432812500006 0.41964823906250004 0.4742244828125 0.41820626250000004 0.4850893671875 0.42543710625 0.4938263921875 0.4293615203125 0.4958667140625 0.43782834218750005 0.49529097968749997 0.44133552500000006 0.4846701953125