0 0.66875 0.4770833328125 0.684375 0.4791666671875 0.7171875 0.475 0.7296875 0.46666666718750005 0.7328125 0.45208333281249996 0.73125 0.43958333281249995 0.7265625 0.43333333281249997 0.7140625 0.4270833328125 0.6765625 0.4291666671875 0.6609375 0.43541666718750005 0.6578125 0.43958333281249995 0.6546875 0.4479166671875 0.6546875 0.46458333281249997 0.6578125 0.47083333281249995 0.66875 0.4770833328125
0 0.6515625 0.425 0.6671875 0.425 0.671875 0.41875 0.671875 0.4 0.659375 0.3875 0.6140625 0.36666666718749996 0.60625 0.36666666718749996 0.6 0.375 0.5984375 0.38125 0.6 0.39375 0.6140625 0.40625 0.6515625 0.425
0 0.3796875 0.65625 0.3953125 0.6541666671875 0.4109375 0.6395833328125 0.43125 0.6125 0.434375 0.6 0.43125 0.5833333328125 0.425 0.5770833328125 0.4109375 0.5770833328125 0.384375 0.6020833328124999 0.371875 0.61875 0.36875 0.6270833328125 0.36875 0.64375 0.3734375 0.6520833328125 0.3796875 0.65625
0 0.3734375 0.55625 0.3890625 0.5541666671875001 0.3953125 0.54375 0.3984375 0.5333333328125 0.403125 0.4895833328125 0.4015625 0.47083333281249995 0.3984375 0.4625 0.3921875 0.45625 0.3765625 0.45625 0.36875 0.47083333281249995 0.365625 0.48541666718750004 0.3625 0.5104166671875 0.3625 0.5395833328124999 0.365625 0.5479166671875 0.3734375 0.55625
1 0.6640625 0.5625 0.6734375 0.5645833328125 0.68125 0.5625 0.6859375 0.55625 0.6875 0.5520833328125 0.6875 0.5270833328125 0.68125 0.51875 0.6734375 0.5145833328125 0.6640625 0.5145833328125 0.659375 0.5166666671875 0.653125 0.5229166671875001 0.65 0.5291666671875 0.65 0.5479166671875 0.65625 0.5583333328125 0.6640625 0.5625
1 0.534375 0.6291666671875 0.54375 0.6354166671875 0.5546875 0.6354166671875 0.5625 0.6291666671875 0.565625 0.6229166671875 0.565625 0.5979166671875 0.5609375 0.5895833328125 0.5515625 0.5833333328125 0.5421875 0.5833333328125 0.5359375 0.5875 0.53125 0.59375 0.528125 0.6020833328124999 0.528125 0.6145833328125 0.5296875 0.6208333328125 0.534375 0.6291666671875
1 0.440625 0.3770833328125 0.446875 0.38125 0.4546875 0.38125 0.4640625 0.3708333328125 0.465625 0.36666666718749996 0.465625 0.35 0.4625 0.3395833328125 0.4578125 0.3333333328125 0.44375 0.33125 0.4390625 0.3333333328125 0.4328125 0.34375 0.43125 0.3479166671875 0.43125 0.3645833328125 0.4328125 0.36875 0.440625 0.3770833328125
2 0.3640625 0.475 0.365625 0.475 0.36875 0.47291666718750003 0.38125 0.45208333281249996 0.38125 0.44375 0.3765625 0.43958333281249995 0.36875 0.43958333281249995 0.3609375 0.4479166671875 0.359375 0.45208333281249996 0.359375 0.46666666718750005 0.3609375 0.47083333281249995 0.3640625 0.475
2 0.371875 0.39375 0.384375 0.3895833328125 0.390625 0.3854166671875 0.390625 0.3791666671875 0.3890625 0.375 0.3828125 0.36875 0.371875 0.36875 0.3671875 0.3729166671875 0.3640625 0.3791666671875 0.3625 0.3854166671875 0.3625 0.3916666671875 0.3640625 0.39375 0.371875 0.39375
2 0.5015625 0.6395833328125 0.509375 0.6395833328125 0.5109375 0.6375 0.50625 0.60625 0.5046875 0.6020833328124999 0.5015625 0.6 0.49375 0.6083333328125 0.4921875 0.6145833328125 0.4921875 0.6270833328125 0.49375 0.63125 0.5015625 0.6395833328125
2 0.6 0.5604166671875 0.603125 0.5625 0.6109375 0.5625 0.61875 0.55625 0.61875 0.5520833328125 0.6140625 0.5458333328125 0.5953125 0.53125 0.5921875 0.5354166671875 0.5921875 0.5479166671875 0.59375 0.5520833328125 0.6 0.5604166671875