0 0.6533457546875 0.58325719375 0.6661499156249999 0.5791054421874999 0.6722273203125 0.5646947109375 0.6727980859375 0.5578556140625001 0.668645565625 0.5427116640625 0.6496854125 0.5297653343750001 0.6109817546875 0.519749178125 0.6027552953125 0.52097008125 0.592312775 0.5292742609375 0.5953237671875 0.5580964046875 0.6036958140625 0.568111203125 0.61464209375 0.5732410359375 0.6533457546875 0.58325719375
0 0.3140342203125 0.527796284375 0.32333520781249997 0.5331702968750001 0.3523797046875 0.5356141390625 0.3803496703125 0.5314630671875 0.3900758390625 0.5187622765625 0.388139371875 0.49653504843749996 0.38177079375 0.48847437187500004 0.3708245125 0.4833445421875 0.338489434375 0.481389059375 0.318745928125 0.48431922812500006 0.3112358171875 0.48993674218749994 0.30773264375 0.499462503125 0.3089527578125 0.517293121875 0.3140342203125 0.527796284375
0 0.20169690624999997 0.7380942171875 0.22723822500000002 0.750063821875 0.23582286406250003 0.7510412234375 0.2495559671875 0.74224868125 0.253059140625 0.732722921875 0.251122675 0.7104956921875 0.23072982187500002 0.6887561468750001 0.195316746875 0.6782516265625 0.180509115625 0.680449253125 0.175002475 0.688020890625 0.1731445921875 0.6973024718749999 0.177297115625 0.7124464234375 0.1840238703125 0.72270540625 0.20169690624999997 0.7380942171875
1 0.21589903124999998 0.5873899453125 0.21826067500000002 0.5915423750000001 0.22627454687499998 0.599358871875 0.233213890625 0.600580453125 0.24437276093750002 0.596672884375 0.25116651874999996 0.5866587609375 0.2533825765625 0.5795754843750001 0.2525206390625 0.563943171875 0.249800821875 0.5575924375 0.23978347968749997 0.547821815625 0.234489428125 0.546356053125 0.21803650624999998 0.5487978609375 0.21510409687499998 0.5514845265625 0.2119590984375 0.5632085921875001 0.21589903124999998 0.5873899453125
0 0.1432588453125 0.45182555625000004 0.1627897625 0.4579327859375 0.1845367359375 0.4569567421875 0.1891144375 0.4540258953125 0.1939047296875 0.4420576484375 0.1934009671875 0.42862363906249995 0.1859578609375 0.413968046875 0.1633489484375 0.399311778125 0.136162334375 0.38758635468749997 0.11513171250000001 0.392959009375 0.10740901249999998 0.4076139203125 0.1109907703125 0.42959697031250005 0.11571405625 0.4379018265625 0.1432588453125 0.45182555625000004
1 0.44226527187500003 0.373677553125 0.437687571875 0.3766084 0.43125198749999993 0.38882082812499996 0.43068122343750004 0.3956599234375 0.43283027656249995 0.4088497515625 0.43555009531250005 0.41520048593750003 0.44592561249999996 0.4271694109375 0.4548684234375 0.4303451171875 0.45980429999999994 0.429612575 0.467314409375 0.42399506249999996 0.47339181718749995 0.40958432968749997 0.47360440625000005 0.4005469296875 0.46981006093750005 0.3876012828125 0.46544494687500004 0.38149472812499996 0.45778925312499996 0.3758765359375 0.448846440625 0.37270083125000003 0.44226527187500003 0.373677553125
1 0.42762638593749996 0.4906747125 0.43234967500000004 0.49897956875 0.4363566109375 0.50288781875 0.445299421875 0.5060635234374999 0.455171175 0.5045984406249999 0.46103599375000004 0.4992251078125 0.46582628281250005 0.4872568609375 0.46496434531249997 0.47162454687500005 0.4598828828125 0.461121384375 0.4518690109375 0.45330488750000003 0.44822025156249995 0.45159494375 0.43341262187499996 0.45379257031250003 0.4262606875 0.4616083890625 0.4254773328125 0.47748488437500003 0.42762638593749996 0.4906747125
2 0.5371007703124999 0.593754928125 0.528874309375 0.59497583125 0.524296609375 0.597906678125 0.5138540890625001 0.6062108578125 0.5112798578125 0.6110958281250001 0.513999675 0.6174465625 0.521655371875 0.6230647546875 0.5348177093750001 0.6211113078125 0.5403243515625 0.613539671875 0.5418240562500001 0.6020597859375 0.5371007703124999 0.593754928125
2 0.52657966875 0.5705502984375 0.52221455625 0.5644437453125 0.51727868125 0.5651762875 0.509343390625 0.5888685984375 0.5084144515625 0.593509390625 0.509488978125 0.6001043046875 0.5114924453125 0.602058428125 0.5213641984375 0.6005933437500001 0.528516134375 0.5927775265624999 0.5294450734375 0.5881367359375 0.52657966875 0.5705502984375
2 0.6405184328125 0.48384511718749995 0.640731021875 0.4748077171875 0.63729485 0.46406037343750006 0.629280978125 0.4562438765625 0.6256322187500001 0.45453393281250004 0.617405759375 0.45575483749999995 0.616118640625 0.458197321875 0.6171931671875 0.46479223437500006 0.6257108015624999 0.48604274375 0.6304340875000001 0.49434760000000005 0.635369965625 0.4936150578125 0.6405184328125 0.48384511718749995
2 0.5975166640625 0.4474493 0.599374546875 0.4381677203125 0.5972254921875 0.424977890625 0.5928603796874999 0.41887133906249996 0.587566328125 0.417405575 0.583346803125 0.42253472812500004 0.579843628125 0.4320604890625 0.5754115140625 0.4462270390625 0.5764860421875 0.45282195468750003 0.5821382703125 0.45648602031249996 0.59036473125 0.45526511875000003 0.5975166640625 0.4474493