0 0.5217549359375 0.6715973140625 0.5149257296875 0.6698074015625 0.4987695453125 0.6731957078125 0.4914620875 0.6779503890624999 0.48819367812500003 0.68185799375 0.4859882921875 0.6984312484374999 0.49321640625 0.7355811234375 0.5023575234375001 0.7465526203125 0.509572046875 0.7498727984375 0.52207450625 0.7488618328125 0.5354405328125 0.7428365359375 0.5404360796875001 0.7289002703125 0.536383440625 0.6959176499999999 0.530510734375 0.681038546875 0.5217549359375 0.6715973140625
0 0.4146000890625 0.63446030625 0.40806326875 0.6422755171875 0.40998986249999997 0.6499268359375 0.44135932499999997 0.6900691109375 0.4565590109375 0.69976999375 0.47473472031249997 0.6959581484374999 0.479637334375 0.6900967421875001 0.4757841515625 0.6747941015625 0.44836080312500004 0.641879609375 0.4327757984375 0.6306484625000001 0.420273340625 0.6316594281250001 0.4146000890625 0.63446030625
0 0.6180914750000001 0.353344790625 0.6019352890625 0.356733096875 0.5946278328125 0.361487778125 0.58155419375 0.37711819687500003 0.5638703265625 0.40821514375 0.567338190625 0.42198752187500005 0.574938034375 0.42683796249999995 0.5918648578125 0.426510184375 0.603211359375 0.42090842500000003 0.6244560234375001 0.3955089953125 0.6347395031249999 0.37724158750000003 0.6329058421875 0.36151540937500004 0.6273255234375 0.3562414296875 0.6180914750000001 0.353344790625
0 0.5244227718750001 0.3697670234375 0.515574040625 0.3684006484375 0.487300715625 0.3743301859375 0.4638370734375 0.3824731734375 0.450471046875 0.38849846875 0.4382609765625 0.39911455625 0.442114159375 0.414417196875 0.449714003125 0.41926763906250003 0.45856273124999997 0.4206340125 0.47712375937499996 0.4183524328125 0.5183777921875 0.4048673359375 0.527704771875 0.3996891171875 0.536261115625 0.39145036875 0.5344274546875 0.375724190625 0.5244227718750001 0.3697670234375
1 0.60618959375 0.6522784421875001 0.5945507046875 0.6482750765625 0.5763749953125 0.652086921875 0.5710870625 0.6564180640624999 0.5665697671875 0.6638097359375 0.565706196875 0.668824065625 0.56801810625 0.67800565 0.5739837453125001 0.68480989375 0.583603109375 0.6892367953125 0.6078373890625001 0.6841543359375 0.61149111875 0.681776996875 0.6163937328125 0.6759155890625 0.6164866640625 0.6678407296875 0.61215523125 0.6590826859375001 0.60618959375 0.6522784421875001
1 0.6355645062499999 0.5156209046875 0.6291206171875 0.5153612578125 0.6170034796875 0.5179024875 0.6096960234375 0.5226571671875 0.6047934078125 0.528518575 0.602295634375 0.5354867078125001 0.6046075453124999 0.5446682921875 0.612978025 0.5525792609375 0.6222120734375001 0.5554759 0.6464463515625 0.550393440625 0.651734284375 0.5460622984375 0.6558662625 0.5371403625 0.6531690343750001 0.5264285140625 0.6447985546874999 0.5185175453124999 0.6355645062499999 0.5156209046875
1 0.367312459375 0.471992671875 0.3628880953125 0.47130948281249996 0.3467319109375 0.47469779062499995 0.34307818125 0.47707513125 0.3345218375 0.4853138796875 0.3336582703125 0.490328209375 0.33914565625000004 0.503677046875 0.3463601828125 0.5069972234375 0.35722843593750003 0.5079400609375 0.373384621875 0.5045517546875 0.3770383484375 0.5021744125 0.38482405625 0.49087513749999995 0.38289746406249997 0.48322381718749996 0.37731714375 0.47794983750000003 0.367312459375 0.471992671875
2 0.4263297 0.3855060703125 0.4201781984375 0.39485154375 0.422104790625 0.4025028640625 0.42729979218749997 0.4062465796875 0.43537788437499997 0.40455242656249996 0.452490571875 0.38807493125 0.45373945625 0.3845908640625 0.45335413906250005 0.3830606 0.44854445624999995 0.38084715 0.44412009062499996 0.3801639609375 0.429983428125 0.3831287296875 0.4263297 0.3855060703125
2 0.366129321875 0.39974248437500004 0.360456071875 0.4025433625 0.3551681375 0.40687450625 0.3522850453125 0.41231237343749993 0.3549822734375 0.4230242234375 0.3625821171875 0.4278746640625 0.36700648281250003 0.42855784999999996 0.37306505156249997 0.42728723593750007 0.3755628234375 0.42031910312500004 0.3765193234375 0.4072299140625 0.3745927328125 0.39957859375 0.37218789218750004 0.39847186875 0.366129321875 0.39974248437500004
2 0.60843354375 0.4923115375 0.6112237046875 0.49494852656250005 0.6156480703125 0.4956317140625 0.6470968734375 0.49386943125 0.648731078125 0.4919156296875 0.6468044859375001 0.484264309375 0.6367998015625 0.47830714218750003 0.6323754375 0.47762395468749996 0.620258296875 0.480165184375 0.6145850453125 0.48296606249999996 0.60843354375 0.4923115375
2 0.583668859375 0.61350254375 0.5908833828125 0.6168227203125001 0.5949224296875 0.6159756421875 0.5990544078125 0.6070537078125 0.5971278171875001 0.5994023875 0.5943376578125 0.5967653984375 0.5847182906249999 0.59233849375 0.5802939281249999 0.5916553078125 0.5681767875 0.5941965375 0.5649083781249999 0.5981041421875 0.583668859375 0.61350254375