0 0.8359375 0.6520833328125 0.84375 0.65 0.8484375 0.6395833328125 0.8484375 0.6 0.8390625 0.5583333328125 0.8265625 0.5520833328125 0.815625 0.5520833328125 0.809375 0.55625 0.80625 0.5645833328125 0.8046875 0.5979166671875 0.8140625 0.6375 0.8296875 0.65 0.8359375 0.6520833328125
0 0.8140625 0.35625 0.8265625 0.3583333328125 0.8390625 0.3583333328125 0.8484375 0.3479166671875 0.8484375 0.33541666718749996 0.8421875 0.3166666671875 0.8296875 0.3020833328125 0.81875 0.29375 0.803125 0.2854166671875 0.7953125 0.2854166671875 0.7890625 0.28958333281250004 0.78125 0.3 0.7796875 0.31875 0.7828125 0.3270833328125 0.7953125 0.34375 0.8140625 0.35625
0 0.50625 0.44375 0.5234375 0.4375 0.546875 0.42083333281249996 0.55625 0.40625 0.55625 0.3916666671875 0.5546875 0.3854166671875 0.5484375 0.3770833328125 0.5359375 0.375 0.503125 0.39375 0.490625 0.40416666718750005 0.4859375 0.4145833328125 0.484375 0.42291666718750004 0.4890625 0.43541666718750005 0.496875 0.44375 0.50625 0.44375
0 0.5046875 0.38125 0.5140625 0.3729166671875 0.5375 0.3229166671875 0.5390625 0.3166666671875 0.5375 0.29375 0.528125 0.2854166671875 0.51875 0.2854166671875 0.5125 0.28958333281250004 0.49375 0.3229166671875 0.4859375 0.34375 0.484375 0.3604166671875 0.4890625 0.375 0.4984375 0.38125 0.5046875 0.38125
1 0.5390625 0.6041666671875 0.54375 0.60625 0.553125 0.60625 0.559375 0.6020833328124999 0.565625 0.59375 0.565625 0.5729166671875 0.5640625 0.5666666671875 0.559375 0.5583333328125 0.553125 0.5541666671875001 0.540625 0.5541666671875001 0.534375 0.5583333328125 0.5296875 0.5666666671875 0.528125 0.5708333328124999 0.528125 0.5875 0.53125 0.5958333328125 0.5390625 0.6041666671875
1 0.7640625 0.6625 0.771875 0.6666666671875 0.7828125 0.6666666671875 0.7875 0.6645833328124999 0.7921875 0.6583333328125 0.79375 0.6520833328125 0.79375 0.6333333328124999 0.7921875 0.6270833328125 0.784375 0.6166666671875001 0.7765625 0.6125 0.765625 0.6145833328125 0.7546875 0.6270833328125 0.753125 0.6354166671875 0.753125 0.6458333328125 0.7578125 0.65625 0.7640625 0.6625
1 0.7671875 0.475 0.7828125 0.4770833328125 0.7875 0.475 0.790625 0.47083333281249995 0.79375 0.4625 0.7953125 0.4458333328125 0.7921875 0.43541666718750005 0.7859375 0.4270833328125 0.7765625 0.425 0.7671875 0.4291666671875 0.7609375 0.43541666718750005 0.7578125 0.44166666718750003 0.75625 0.45208333281249996 0.7578125 0.46458333281249997 0.7640625 0.47291666718750003 0.7671875 0.475
2 0.3953125 0.5083333328124999 0.4015625 0.5083333328124999 0.4046875 0.5041666671875 0.4046875 0.5 0.3984375 0.47291666718750003 0.3953125 0.46875 0.3921875 0.46875 0.3890625 0.47083333281249995 0.384375 0.4791666671875 0.3828125 0.48541666718750004 0.384375 0.49791666718750005 0.390625 0.50625 0.3953125 0.5083333328124999
2 0.4796875 0.40416666718750005 0.490625 0.39791666718749996 0.496875 0.39375 0.5015625 0.3875 0.5015625 0.3854166671875 0.4984375 0.38125 0.4890625 0.375 0.484375 0.375 0.478125 0.3791666671875 0.4734375 0.3875 0.4734375 0.39791666718749996 0.4765625 0.40416666718750005 0.4796875 0.40416666718750005
2 0.559375 0.5458333328125 0.5609375 0.54375 0.5609375 0.5270833328125 0.5546875 0.5166666671875 0.5515625 0.5145833328125 0.540625 0.5145833328125 0.5359375 0.51875 0.534375 0.525 0.540625 0.5333333328125 0.5546875 0.5458333328125 0.559375 0.5458333328125
2 0.6515625 0.6208333328125 0.6546875 0.61875 0.6578125 0.6145833328125 0.6609375 0.60625 0.6609375 0.5979166671875 0.6578125 0.5875 0.653125 0.5833333328125 0.65 0.5833333328125 0.646875 0.5875 0.640625 0.60625 0.6390625 0.6125 0.6390625 0.61875 0.640625 0.6208333328125 0.6515625 0.6208333328125