0 0.737499928125 0.43884588437499994 0.723916278125 0.43336429218749994 0.68573563125 0.4384199265625 0.6704910234375 0.4460807125 0.66780194375 0.45062292812500004 0.665626928125 0.4594652234375 0.6676831703125 0.476665553125 0.6716574015625 0.48287354374999997 0.68363948125 0.48847620156250005 0.6999122109375 0.48941557968750005 0.7330311171874999 0.482573103125 0.7448155546875 0.4730044078125 0.74621948125 0.4577119890625 0.7430757296875 0.4449328078125 0.737499928125 0.43884588437499994
0 0.6028891875 0.40780148125000004 0.6188455 0.4196121296875 0.65959645 0.43605690468749997 0.67561215 0.4348462421875 0.67964576875 0.42803292031250006 0.67733249375 0.4086825515625 0.6629777546875 0.3967508359375 0.6139619234375 0.3787613515625 0.605954075 0.3793666828125 0.600575915625 0.3884511125 0.5997454359375001 0.3950223 0.6028891875 0.40780148125000004
0 0.4317179125 0.611654121875 0.40757558749999995 0.6395127421875 0.3968192734375 0.6576816 0.39464425625 0.6665238984374999 0.3967004984375 0.683724228125 0.40253333125 0.6919611921875 0.40945367031249996 0.6957770078125 0.4252123390625 0.692416303125 0.4394288265625 0.6761553515625 0.4569078375 0.64663095625 0.45856879375000004 0.6334885765625 0.4533094109375 0.6165303828125 0.44613204062499995 0.6105645234375 0.4317179125 0.611654121875
0 0.40476867812500006 0.49437039687500006 0.397591309375 0.4884045375 0.381575609375 0.4896152015625 0.375366975 0.5052708203125 0.37396304687500004 0.520563240625 0.373844271875 0.546605865625 0.3774426984375 0.5767064390625001 0.381673959375 0.5850644734375 0.39070993125000003 0.5930593046875 0.4064686 0.5896986 0.4115897265625 0.578464128125 0.41350771406250003 0.5674717921875 0.412914784375 0.52195773125 0.40899994062499995 0.502728428125 0.40476867812500006 0.49437039687500006
1 0.7015926484375 0.530508490625 0.6930707375 0.526813740625 0.6834613203125001 0.5275401390625001 0.678913640625 0.5300533781250001 0.673278453125 0.53698776875 0.670846403125 0.5436800234375 0.6731596765625001 0.56303039375 0.680851109375 0.5732963328125 0.68937301875 0.5769910828125 0.69923946875 0.578414725 0.7069902875 0.575659353125 0.71102390625 0.5688460296875 0.712111415625 0.56442488125 0.70902705 0.5386243890625 0.7015926484375 0.530508490625
1 0.5870108046875 0.612931996875 0.5766302921875 0.607208271875 0.5670208734375 0.6079346703125 0.56112865625 0.6127190171875 0.5570950359375 0.6195323390625 0.5549200171875001 0.6283746359375 0.5564622 0.6412748828125 0.5588348609375 0.6476039390625 0.5646676937499999 0.6558409046875 0.5750482046875 0.6615646296875 0.5862591921875 0.6607171640625 0.5934959515625 0.6536617109375 0.595928 0.646969453125 0.592843634375 0.6211689609375 0.5870108046875 0.612931996875
1 0.45526824843749997 0.3625542546875 0.449692446875 0.35646733125 0.43502128906250004 0.3554068875 0.430473609375 0.3579201265625 0.42535248125 0.36915459687499996 0.4242649734375 0.373575746875 0.42632121562499997 0.390776075 0.42843684687500005 0.3949550890625 0.43747281875 0.402949921875 0.44439315781250005 0.4067657390625 0.45240100625 0.40616040625 0.460725275 0.394683803125 0.461812784375 0.39026265625 0.45975654062500004 0.3730623265625 0.45526824843749997 0.3625542546875
2 0.36524349218749996 0.5016971359375 0.3673591234375 0.505876153125 0.371076325 0.509934103125 0.3726778953125 0.5098130375000001 0.3756240046875 0.5074208609374999 0.3858662578125 0.484951921875 0.3848381359375 0.47635175625 0.3795193671875 0.472414875 0.3715115171875 0.47302020625 0.3645317875 0.48222570156250005 0.36344427968750004 0.4866468515625 0.36524349218749996 0.5016971359375
2 0.3592529265625 0.41103221718749994 0.358422446875 0.4176034046875 0.35919353906249996 0.42405352812499997 0.3610521390625 0.42608250312499996 0.3690599875 0.4254771703125 0.38135848437500003 0.42020855625 0.3872507046875 0.4154242109375 0.38647961406250003 0.4089740875 0.3843639828125 0.404795071875 0.3771866109375 0.3988292140625 0.365975621875 0.39967667812499996 0.3616849734375 0.404339959375 0.3592529265625 0.41103221718749994
2 0.5323198765625 0.6691335031250001 0.5403277281250001 0.6685281703125 0.5416722671875001 0.6662570624999999 0.5330121 0.634369646875 0.53089646875 0.6301906328125 0.5274363 0.6282827234374999 0.5204565734375 0.6374882203125 0.51962609375 0.644059409375 0.5211682765625001 0.6569596546875001 0.5232839078125 0.6611386703125001 0.5323198765625 0.6691335031250001
2 0.6234516234374999 0.5798047625 0.62691179375 0.581712671875 0.63491964375 0.5811073390625 0.642156403125 0.574051884375 0.641642340625 0.5697518015624999 0.636066540625 0.563664878125 0.6150484875 0.5500673890625001 0.6123594109375 0.5546096031250001 0.6139015921875 0.5675098484375 0.616017221875 0.5716888640625 0.6234516234374999 0.5798047625