0 0.8140625 0.6208333328125 0.8390625 0.6333333328124999 0.85625 0.6333333328124999 0.865625 0.625 0.8671875 0.5979166671875 0.8609375 0.5895833328125 0.825 0.5666666671875 0.8171875 0.5645833328125 0.796875 0.5666666671875 0.790625 0.5791666671875 0.790625 0.5895833328125 0.7953125 0.6020833328124999 0.8140625 0.6208333328125
0 0.8171875 0.3583333328125 0.8328125 0.3604166671875 0.8421875 0.3541666671875 0.8453125 0.3479166671875 0.8421875 0.325 0.8296875 0.3020833328125 0.8109375 0.2854166671875 0.8 0.28125 0.790625 0.2854166671875 0.7828125 0.2958333328125 0.7796875 0.30416666718749996 0.78125 0.31875 0.7953125 0.3416666671875 0.8171875 0.3583333328125
0 0.5046875 0.475 0.5140625 0.47083333281249995 0.5453125 0.4479166671875 0.553125 0.43333333281249997 0.553125 0.42083333281249996 0.546875 0.40625 0.5359375 0.40208333281249997 0.515625 0.4125 0.4921875 0.4291666671875 0.484375 0.44166666718750003 0.4828125 0.4458333328125 0.484375 0.4625 0.4921875 0.47291666718750003 0.5046875 0.475
0 0.646875 0.51875 0.6796875 0.5208333328125 0.6875 0.51875 0.6953125 0.5104166671875 0.696875 0.5020833328125 0.6953125 0.48541666718750004 0.6921875 0.4791666671875 0.6859375 0.475 0.671875 0.47083333281249995 0.634375 0.46875 0.6265625 0.47291666718750003 0.621875 0.4791666671875 0.6203125 0.5 0.625 0.5083333328124999 0.634375 0.5145833328125 0.646875 0.51875
1 0.7640625 0.47083333281249995 0.7703125 0.475 0.7859375 0.475 0.7890625 0.47291666718750003 0.79375 0.4625 0.79375 0.44166666718750003 0.7890625 0.4291666671875 0.7796875 0.425 0.771875 0.425 0.759375 0.4375 0.75625 0.4458333328125 0.75625 0.45625 0.7578125 0.4625 0.7640625 0.47083333281249995
1 0.540625 0.6041666671875 0.546875 0.60625 0.5546875 0.6041666671875 0.5625 0.5958333328125 0.565625 0.5875 0.565625 0.575 0.5640625 0.56875 0.5609375 0.5625 0.553125 0.5541666671875001 0.5390625 0.5541666671875001 0.53125 0.5625 0.528125 0.5708333328124999 0.5265625 0.5791666671875 0.528125 0.5875 0.5296875 0.5916666671875 0.540625 0.6041666671875
1 0.5796875 0.5208333328125 0.584375 0.525 0.5953125 0.5270833328125 0.6 0.525 0.6078125 0.5166666671875 0.6125 0.5041666671875 0.6125 0.5 0.609375 0.4895833328125 0.603125 0.4791666671875 0.5953125 0.475 0.5875 0.475 0.5828125 0.4770833328125 0.5765625 0.48541666718750004 0.5734375 0.49375 0.5734375 0.5083333328124999 0.5765625 0.5166666671875 0.5796875 0.5208333328125
2 0.5328125 0.3729166671875 0.5375 0.3645833328125 0.5375 0.3479166671875 0.5359375 0.34375 0.5328125 0.3416666671875 0.5296875 0.34375 0.515625 0.3645833328125 0.5140625 0.3729166671875 0.5203125 0.3770833328125 0.5265625 0.3770833328125 0.5328125 0.3729166671875
2 0.54375 0.39791666718749996 0.546875 0.39375 0.546875 0.3916666671875 0.5421875 0.38333333281250004 0.5375 0.38125 0.5296875 0.38125 0.5265625 0.38333333281250004 0.5203125 0.39375 0.51875 0.40625 0.5203125 0.40833333281249995 0.5234375 0.40833333281249995 0.54375 0.39791666718749996
2 0.55 0.5229166671875001 0.55 0.51875 0.546875 0.5083333328124999 0.540625 0.5041666671875 0.5296875 0.5041666671875 0.5234375 0.5104166671875 0.521875 0.5145833328125 0.521875 0.525 0.5484375 0.525 0.55 0.5229166671875001
2 0.5046875 0.5854166671875001 0.5078125 0.5833333328125 0.5109375 0.5791666671875 0.5140625 0.5708333328124999 0.5125 0.5625 0.496875 0.5625 0.4859375 0.5645833328125 0.484375 0.5729166671875 0.4859375 0.5770833328125 0.49375 0.5854166671875001 0.5046875 0.5854166671875001