0 0.5476792359375 0.7043762328125001 0.5447889015625 0.695156465625 0.5349724874999999 0.6859557328125 0.5198275421874999 0.68056929375 0.5103895796875 0.681680846875 0.4966110921875 0.6936604640625 0.4895275953125 0.7191918421875 0.4874678515625 0.7425381890625 0.49035818437499995 0.7517579546875 0.502381703125 0.761495428125 0.5134172171875 0.7641791296875 0.5275741593750001 0.7625117984374999 0.5394503187499999 0.7483661859375 0.5476792359375 0.7043762328125001
0 0.567456128125 0.3889512421875 0.5456898734375 0.38195458125 0.49682883437500003 0.371775553125 0.487390875 0.37288710625 0.4745267109375 0.37997895000000004 0.47338129375 0.398437521875 0.483197709375 0.407638253125 0.5005497578125 0.41356143437500004 0.5604463109375 0.42642416250000004 0.578029453125 0.41877654375000006 0.5807724265624999 0.40411322656250004 0.57757731875 0.396522715625 0.567456128125 0.3889512421875
1 0.4375016140625 0.5532360203125 0.444732471875 0.5515877265625 0.4528776546875 0.545051659375 0.455620625 0.5303883421875 0.44831608906250003 0.5200950921875 0.44009722656249994 0.5146896171875001 0.422440403125 0.5103956953125001 0.4079786875 0.5136922828125 0.40204060625000004 0.520765090625 0.399602409375 0.53379915 0.4027975171875 0.5413896609375 0.4066021734375 0.54572165625 0.41291870781249995 0.5489611328125 0.42836842812500003 0.552718315625 0.4375016140625 0.5532360203125
0 0.57403721875 0.588143175 0.558661178125 0.5963275359375 0.557820534375 0.6131568515625 0.56763695 0.6223575828125 0.587500875 0.6271882453125001 0.6060720234375 0.6265943953125 0.648847621875 0.61996314375 0.65919990625 0.6139638171875 0.6613333296875 0.602559015625 0.654333565625 0.5906365109375 0.630360209375 0.583103109375 0.57403721875 0.588143175
0 0.7091862546875001 0.7044751312499999 0.7176362125 0.69630980625 0.7247197078125 0.6707784265625001 0.7270842265625 0.645802825 0.7203892390625 0.6322510625 0.71627980625 0.629548321875 0.69641588125 0.6247176609375 0.681954165625 0.6280142484375 0.6757113125 0.6367163125 0.6695421374999999 0.6573599203125 0.666872846875 0.6839647796875 0.6719702812499999 0.6937212875000001 0.6820914703125001 0.7012927624999999 0.69974829375 0.7055866843749999 0.7091862546875001 0.7044751312499999
1 0.718432471875 0.6144757234375 0.7174444671875 0.6074219546874999 0.7104447031250001 0.595499446875 0.7022258421875 0.590093971875 0.68456901875 0.58580005 0.6798500390625 0.5863558249999999 0.664473996875 0.5945401859375 0.6610477968749999 0.6005204765625 0.6633285796874999 0.6129987578125 0.69019226875 0.6297519265625 0.7040444359375 0.6297138546875 0.708763415625 0.629158078125 0.7140919453125 0.6253437859375001 0.718432471875 0.6144757234375
1 0.45779756562499996 0.6791113656250001 0.44927392812500005 0.6753351484375 0.43823841406249997 0.672651446875 0.4313123296875 0.6726704828125001 0.41875294218750003 0.67813306875 0.4156315140625 0.6824841 0.41227899375000004 0.7004059328125 0.417681203125 0.708533184375 0.42841194375 0.7128461421875001 0.4438616640625 0.7166033234375 0.46365191093749997 0.7094924453125 0.46669965625 0.6931998687500001 0.45779756562499996 0.6791113656250001
2 0.673239653125 0.4402271171875 0.675373075 0.42882231718749997 0.6718731953125 0.4228610625 0.6636543296874999 0.41745558593750004 0.65513069375 0.41367936875 0.6504117140625 0.41423514375000003 0.6494973890625 0.41912291875 0.6540589546875 0.444079484375 0.6628873671875 0.4462264453125 0.673239653125 0.4402271171875
2 0.5754338406249999 0.457322946875 0.5795432703125 0.460025684375 0.5905787859375 0.462709384375 0.60222385 0.46213457187499996 0.60724760625 0.4599495375 0.6103690328125 0.45559850468749996 0.6068691515625 0.44963725312499997 0.5762744843750001 0.44049363125 0.571555503125 0.44104940781249996 0.5700316296875 0.44919569531250003 0.5754338406249999 0.457322946875
2 0.373505684375 0.4882751234375 0.4011363375 0.4762574328125 0.40205066250000004 0.4713696625 0.39824600625 0.46703766562500004 0.3919294703125 0.46379818593750005 0.369627346875 0.47200158593749997 0.361786940625 0.47690839531250007 0.3630797203125 0.48233290625 0.3668843765625 0.486664903125 0.373505684375 0.4882751234375
2 0.42507953125000003 0.63197711875 0.4285794125 0.6379383703125 0.43299362031250005 0.6390118515625 0.4536981875 0.6270131984375 0.45902671875 0.6231989078125 0.45963626875 0.61994039375 0.457733940625 0.6177743953125 0.4470032 0.6134614375 0.43284625937500004 0.6151287671875 0.42439630156249997 0.623294090625 0.42507953125000003 0.63197711875