0 0.65 0.6791666671875001 0.6921875 0.6791666671875001 0.7 0.6770833328125 0.70625 0.6666666671875 0.7078125 0.6541666671875 0.70625 0.64375 0.696875 0.63125 0.690625 0.6291666671875 0.646875 0.6291666671875 0.640625 0.63125 0.634375 0.6375 0.6328125 0.6604166671875 0.634375 0.6666666671875 0.64375 0.6770833328125 0.65 0.6791666671875001
0 0.6875 0.3333333328125 0.70625 0.33541666718749996 0.7390625 0.3333333328125 0.74375 0.3291666671875 0.746875 0.32083333281250004 0.75 0.3020833328125 0.7484375 0.29375 0.7453125 0.28958333281250004 0.7296875 0.2833333328125 0.6890625 0.2833333328125 0.678125 0.2916666671875 0.6734375 0.30416666718749996 0.6734375 0.31875 0.6796875 0.3291666671875 0.6875 0.3333333328125
0 0.4671875 0.5020833328125 0.48125 0.5041666671875 0.4890625 0.49791666718750005 0.5140625 0.4604166671875 0.51875 0.44166666718750003 0.5171875 0.4270833328125 0.5140625 0.42083333281249996 0.5046875 0.4145833328125 0.4984375 0.4145833328125 0.4875 0.42291666718750004 0.471875 0.4458333328125 0.459375 0.47083333281249995 0.459375 0.4895833328125 0.4625 0.49791666718750005 0.4671875 0.5020833328125
1 0.6328125 0.3895833328125 0.6375 0.38125 0.6390625 0.3729166671875 0.6390625 0.3625 0.6375 0.3541666671875 0.6296875 0.34375 0.625 0.3416666671875 0.615625 0.3416666671875 0.60625 0.3479166671875 0.6015625 0.35625 0.6 0.3708333328125 0.609375 0.3916666671875 0.621875 0.3958333328125 0.6328125 0.3895833328125
1 0.584375 0.6479166671875001 0.59375 0.6520833328125 0.6 0.6520833328125 0.609375 0.6458333328125 0.6125 0.6375 0.6125 0.6166666671875001 0.609375 0.6083333328125 0.6046875 0.6020833328124999 0.5953125 0.5979166671875 0.590625 0.5979166671875 0.5828125 0.6020833328124999 0.5765625 0.6104166671875 0.575 0.6166666671875001 0.575 0.63125 0.578125 0.6395833328125 0.584375 0.6479166671875001
1 0.440625 0.4479166671875 0.4453125 0.45208333281249996 0.4515625 0.45208333281249996 0.4609375 0.44375 0.465625 0.4375 0.4671875 0.43125 0.4671875 0.41875 0.459375 0.40416666718750005 0.453125 0.4 0.4421875 0.4 0.43125 0.4145833328125 0.43125 0.43333333281249997 0.4328125 0.4375 0.440625 0.4479166671875
0 0.5515625 0.43541666718750005 0.58125 0.4270833328125 0.59375 0.42083333281249996 0.6 0.4166666671875 0.6078125 0.40416666718750005 0.6078125 0.39375 0.6046875 0.38333333281250004 0.5953125 0.3729166671875 0.5671875 0.3791666671875 0.5421875 0.3916666671875 0.534375 0.40208333281249997 0.534375 0.42083333281249996 0.540625 0.43125 0.5515625 0.43541666718750005
2 0.48125 0.38333333281250004 0.4796875 0.3729166671875 0.4734375 0.3625 0.465625 0.3604166671875 0.4578125 0.3645833328125 0.453125 0.3708333328125 0.4515625 0.3791666671875 0.4578125 0.3854166671875 0.4734375 0.3854166671875 0.48125 0.38333333281250004
2 0.58125 0.5104166671875 0.59375 0.5104166671875 0.5984375 0.50625 0.6015625 0.49791666718750005 0.6015625 0.4895833328125 0.6 0.4875 0.59375 0.4875 0.578125 0.4916666671875 0.5734375 0.49375 0.5734375 0.5 0.575 0.5041666671875 0.58125 0.5104166671875
2 0.6234375 0.44166666718750003 0.6390625 0.43125 0.640625 0.4270833328125 0.6375 0.41875 0.6296875 0.4145833328125 0.6203125 0.4166666671875 0.615625 0.42083333281249996 0.6125 0.4291666671875 0.6125 0.44166666718750003 0.6140625 0.44375 0.6234375 0.44166666718750003
2 0.678125 0.40833333281249995 0.684375 0.41041666718750003 0.6890625 0.40833333281249995 0.690625 0.40625 0.690625 0.40208333281249997 0.68125 0.375 0.678125 0.3708333328125 0.6765625 0.3708333328125 0.6703125 0.3791666671875 0.66875 0.38333333281250004 0.66875 0.39375 0.671875 0.40208333281249997 0.678125 0.40833333281249995
2 0.6890625 0.5791666671875 0.7 0.5791666671875 0.7015625 0.5770833328125 0.7015625 0.5645833328125 0.7 0.5625 0.6921875 0.5583333328125 0.675 0.55625 0.671875 0.5604166671875 0.671875 0.56875 0.675 0.5729166671875 0.6890625 0.5791666671875