0 0.5346406296875 0.192889984375 0.5711903953124999 0.19266458749999998 0.6125745328125001 0.18004799062500002 0.6233667265625 0.16213804062499998 0.6245100765625 0.15514411875 0.620838946875 0.1466750234375 0.6086623203125 0.1421280296875 0.5655929984375 0.14443594843750002 0.52194205625 0.157174015625 0.5173885515625 0.17128332968749999 0.519354603125 0.183310121875 0.5250116734375 0.18993963593750002 0.5346406296875 0.192889984375
0 0.25843077812500004 0.16782824062499999 0.24481004843749998 0.18242343125 0.237708875 0.19493610156250002 0.2314502921875 0.2126031109375 0.2328546140625 0.221193678125 0.2385116859375 0.22782319062499998 0.2512500375 0.2358064109375 0.2719321609375 0.23643129843750002 0.280437659375 0.23250919531249997 0.29632519375 0.217792534375 0.30655566093750003 0.196446359375 0.3065755515625 0.182579984375 0.3043286375 0.168835078125 0.29130941718750003 0.15913374687499998 0.277708578125 0.1598625625 0.25843077812500004 0.16782824062499999
0 0.376970678125 0.4873109109375 0.3769507859375 0.5011772859375 0.403250196875 0.5361644390625 0.4168311453125 0.5493019984374999 0.42900777031250004 0.5538489906249999 0.4383558609375 0.555081225 0.4511141046875 0.5491980703125 0.458777009375 0.5401216265625 0.4570918234375 0.529812946875 0.4472018953125 0.511278109375 0.42485447656249997 0.4864781671875 0.40730164531249996 0.47701977500000003 0.391434 0.4778700609375 0.3849144453125 0.47995258124999995 0.376970678125 0.4873109109375
0 0.28822468749999997 0.5319292296875 0.32786396406249996 0.5506030796875 0.35193635 0.5579789515625 0.3703516671875 0.5587253078125001 0.38537671875 0.5527206828125 0.3904919515625 0.5420475953125 0.38936849375000004 0.5351751421875 0.37861608125 0.5253523390625 0.319999759375 0.502495909375 0.3129184765625 0.5011422015625 0.2882644703125 0.5041964796875 0.2808824296875 0.5149910359375001 0.282567615625 0.525299715625 0.28822468749999997 0.5319292296875
1 0.586960975 0.45699354062499997 0.580441421875 0.45907606406249996 0.5722167875 0.46471628125000003 0.5688066328125 0.47183167187499997 0.5710535484375 0.485576578125 0.57671061875 0.49220609218750005 0.5866204374999999 0.49687455468749997 0.5914349140625 0.498349728125 0.6095693671875 0.49737797187500005 0.6180748625 0.49345586875 0.6257377671875 0.4843794234375 0.62716198125 0.479103615625 0.6254767953125 0.4687949359375 0.6198197234375 0.4621654234375 0.6096290390625 0.45577884687500003 0.586960975 0.45699354062499997
1 0.632093415625 0.201533175 0.61169215625 0.20262639999999998 0.605172603125 0.204708921875 0.5952428921874999 0.213906834375 0.5921136015624999 0.22274033906250001 0.5963464578125001 0.2346456640625 0.6119133484375 0.2459436390625 0.6212614375000001 0.247175875 0.6325954703125001 0.2465685265625 0.643086909375 0.2408068390625 0.6487638703124999 0.23356997812500002 0.6518931625 0.2247364734375 0.6499271109375 0.2127096828125 0.6468177109375 0.2076768109375 0.6391746984375 0.2028868796875 0.632093415625 0.201533175
1 0.4073987109375 0.211840534375 0.3966264078125 0.2158841078125 0.388682640625 0.2232424375 0.3881010203125 0.2336725859375 0.3943198203125 0.24373832499999998 0.402243696875 0.2502463703125 0.4096058453125 0.2533181875 0.4212207421875 0.25442895625 0.434540715625 0.251982025 0.44248448281249997 0.2446236953125 0.4441895609375 0.2410659984375 0.443647721875 0.22376339843749998 0.4405383234375 0.218730528125 0.43544298281250005 0.21553723906250002 0.4258140265625 0.212586890625 0.4073987109375 0.211840534375
2 0.51753495625 0.6617607984375 0.5246162421875 0.663114503125 0.5379362171875 0.6606675734375 0.5458799828124999 0.6533092421875 0.547304196875 0.6480334328125 0.5461807390625 0.64116098125 0.541085396875 0.6379676937500001 0.5365517843750001 0.63821063125 0.5082067578125 0.6466621875 0.5042348750000001 0.6503413515625 0.504796603125 0.6537775781249999 0.5076251390625 0.6570923359374999 0.51753495625 0.6617607984375
2 0.3918763828125 0.5645045359374999 0.4017862 0.5691729999999999 0.413120234375 0.5685656515625 0.4193589234375 0.564765015625 0.41879719687500006 0.561328790625 0.4100307265625 0.5496664078125 0.40437365468750003 0.543036890625 0.396730640625 0.538246959375 0.3944638359375 0.5383684296875 0.3904919515625 0.5420475953125 0.38537671875 0.5527206828125 0.3862193125 0.5578750234375 0.3918763828125 0.5645045359374999
2 0.558615946875 0.465445096875 0.5560682781249999 0.46384845312499995 0.537933825 0.4648202078125 0.5277232515625 0.4723000078125 0.526018175 0.475857703125 0.527984225 0.4878844953125 0.5333604328125 0.492795896875 0.5404417140625 0.494149603125 0.548385484375 0.48679127187500004 0.5594585421875 0.47059943593750003 0.558615946875 0.465445096875
2 0.583128328125 0.3636080796875 0.588223671875 0.36680136874999997 0.6097483875 0.372580596875 0.6168296703125 0.37393430156249996 0.6236300890625001 0.37356989375 0.62561603125 0.3717303109375 0.6236499796875 0.35970351875 0.6208214453124999 0.3563887625 0.6157261015625 0.3531954734375 0.60609715 0.350245125 0.5970299234375 0.35073100468749996 0.5862576203125001 0.3547745765625 0.5825666 0.360171853125 0.583128328125 0.3636080796875