0 0.6875 0.5583333328125 0.6953125 0.5625 0.709375 0.5604166671875 0.7171875 0.55 0.7234375 0.5291666671875 0.725 0.51875 0.7234375 0.47083333281249995 0.715625 0.4625 0.709375 0.4604166671875 0.6984375 0.4625 0.6890625 0.4791666671875 0.6828125 0.5083333328124999 0.68125 0.5229166671875001 0.68125 0.5479166671875 0.6828125 0.5520833328125 0.6875 0.5583333328125
0 0.825 0.3583333328125 0.840625 0.3583333328125 0.8484375 0.35 0.85 0.33541666718749996 0.84375 0.3166666671875 0.8296875 0.3020833328125 0.8046875 0.2875 0.790625 0.28958333281250004 0.78125 0.3020833328125 0.7796875 0.32083333281250004 0.796875 0.3458333328125 0.8140625 0.35625 0.825 0.3583333328125
0 0.5046875 0.4583333328125 0.5203125 0.45416666718750004 0.5484375 0.43333333281249997 0.5546875 0.425 0.5578125 0.40833333281249995 0.5546875 0.3958333328125 0.55 0.3895833328125 0.5375 0.3875 0.5078125 0.40416666718750005 0.4890625 0.42291666718750004 0.4875 0.43125 0.4890625 0.4479166671875 0.496875 0.45625 0.5046875 0.4583333328125
0 0.5046875 0.38125 0.5125 0.375 0.5234375 0.35625 0.5359375 0.3270833328125 0.5390625 0.3145833328125 0.5375 0.29375 0.528125 0.2854166671875 0.5203125 0.2854166671875 0.5125 0.28958333281250004 0.5 0.3104166671875 0.4859375 0.34375 0.484375 0.3604166671875 0.4890625 0.375 0.496875 0.38125 0.5046875 0.38125
1 0.534375 0.6 0.54375 0.60625 0.553125 0.60625 0.5640625 0.5958333328125 0.565625 0.5895833328125 0.565625 0.575 0.5640625 0.5666666671875 0.559375 0.5583333328125 0.553125 0.5541666671875001 0.540625 0.5541666671875001 0.53125 0.5645833328125 0.528125 0.5708333328124999 0.528125 0.5875 0.53125 0.5958333328125 0.534375 0.6
1 0.603125 0.44166666718750003 0.6140625 0.44166666718750003 0.6265625 0.43333333281249997 0.628125 0.4270833328125 0.628125 0.40833333281249995 0.625 0.4 0.621875 0.3958333328125 0.6171875 0.3916666671875 0.6078125 0.3895833328125 0.6015625 0.3916666671875 0.59375 0.4 0.590625 0.40833333281249995 0.590625 0.4291666671875 0.59375 0.43333333281249997 0.603125 0.44166666718750003
1 0.5796875 0.48541666718750004 0.590625 0.4916666671875 0.5984375 0.4916666671875 0.603125 0.4895833328125 0.609375 0.48125 0.6109375 0.4583333328125 0.60625 0.4458333328125 0.6015625 0.44166666718750003 0.5953125 0.4375 0.590625 0.4375 0.584375 0.44166666718750003 0.575 0.45416666718750004 0.5734375 0.4604166671875 0.5734375 0.46875 0.575 0.4770833328125 0.5796875 0.48541666718750004
2 0.3953125 0.5083333328124999 0.403125 0.5083333328124999 0.40625 0.5041666671875 0.3984375 0.47291666718750003 0.3953125 0.46875 0.3921875 0.46875 0.3859375 0.4770833328125 0.384375 0.48125 0.384375 0.49583333281249997 0.3875 0.5020833328125 0.3953125 0.5083333328124999
2 0.48125 0.40416666718750005 0.4984375 0.39375 0.5015625 0.3895833328125 0.5015625 0.3854166671875 0.4984375 0.38125 0.4890625 0.375 0.4859375 0.375 0.4765625 0.3854166671875 0.475 0.3895833328125 0.475 0.4 0.478125 0.40416666718750005 0.48125 0.40416666718750005
2 0.575 0.45208333281249996 0.584375 0.43958333281249995 0.584375 0.42291666718750004 0.5796875 0.4145833328125 0.5765625 0.4125 0.56875 0.4125 0.5671875 0.4166666671875 0.5671875 0.4479166671875 0.5703125 0.45208333281249996 0.575 0.45208333281249996
2 0.5625 0.50625 0.56875 0.50625 0.5703125 0.5041666671875 0.5703125 0.4916666671875 0.5640625 0.48125 0.5609375 0.4791666671875 0.5515625 0.4791666671875 0.5484375 0.48125 0.54375 0.4875 0.54375 0.49375 0.5453125 0.49583333281249997 0.5625 0.50625
2 0.5578125 0.5458333328125 0.5609375 0.5416666671875 0.5609375 0.5291666671875 0.559375 0.5229166671875001 0.5515625 0.5145833328125 0.540625 0.5145833328125 0.5359375 0.51875 0.5359375 0.5270833328125 0.5546875 0.5458333328125 0.5578125 0.5458333328125