0 0.1321301203125 0.408114975 0.1439379046875 0.383497159375 0.1438744609375 0.374688209375 0.140619978125 0.366571378125 0.1357699765625 0.35880060625 0.12412315625 0.35029835 0.11295452343750001 0.35272076406249997 0.10261536874999999 0.359374621875 0.0788729140625 0.390992353125 0.0762235046875 0.41141809374999994 0.079126690625 0.42622815156250005 0.0923690296875 0.4343843484375 0.09875110625 0.4330001125 0.11228129687499999 0.42565413750000003 0.1321301203125 0.408114975
0 0.296044440625 0.59092495 0.2979912578125 0.5838856625 0.291833590625 0.560958775 0.267998321875 0.5242206390625 0.25753227968750003 0.5132566015625 0.251916240625 0.5100633328125 0.24033286562499998 0.5103700234375 0.22804689687500002 0.5240631687499999 0.2305987859375 0.5455664515625 0.24237249374999997 0.5716866078125 0.2621237984375 0.59607646875 0.27176035781249996 0.6028090625 0.2881302890625 0.60146419375 0.296044440625 0.59092495
0 0.6263756515625001 0.6383845609375001 0.6322795421875 0.626075653125 0.6305571359375 0.6088038140625 0.6257071328125 0.60103304375 0.5976269375000001 0.5850667046875 0.5696101859375 0.577909315625 0.560037071875 0.5799856703125 0.5544844765625 0.58560135 0.5521229187500001 0.5905249125 0.5521863625 0.5993338640625 0.55467480625 0.612028196875 0.565555590625 0.625107959375 0.5912107859375 0.6371889125 0.6156217578125001 0.642922696875 0.6263756515625001 0.6383845609375001
1 0.3662567015625 0.3551285671875 0.37097981406249997 0.345281440625 0.372511890625 0.3361264328125 0.37002344374999996 0.3234320984375 0.367183703125 0.3174309890625 0.35512214375 0.306813009375 0.3499208453125 0.30573546406249996 0.34194325000000003 0.307465759375 0.3347951359375 0.3134275 0.3304867625 0.3253903484375 0.330135465625 0.332083575 0.33262390937499997 0.34477790937499997 0.337888653125 0.354664403125 0.34912073125 0.36105093906249996 0.3559175484375 0.361782425 0.3662567015625 0.3551285671875
1 0.4463404671875 0.6024401421875 0.4514783203125 0.5947087375 0.4530103953125 0.58555373125 0.45010720937500004 0.5707436718750001 0.44726746874999995 0.5647425640625 0.4388116875 0.5555481875 0.4352059078125 0.5541245828125 0.4224417546875 0.5568930546875 0.4180699375 0.56004695625 0.4133468234375 0.5698940828125 0.41305897187499996 0.5853962578125 0.417142934375 0.5977445328125001 0.42199293750000005 0.6055153062499999 0.43281027656250004 0.60978611875 0.43759683281250006 0.608747940625 0.4463404671875 0.6024401421875
0 0.4490627359375 0.37025356875000004 0.4529563671875 0.356174996875 0.44963844062499997 0.3392492171875 0.4375134375 0.3198222890625 0.41977239375000003 0.2972020921875 0.404105053125 0.28516050625 0.39293641875 0.2875829203125 0.3854370078125 0.3002378859375 0.38591519375 0.3111625578125 0.3899991578125 0.323510834375 0.40011390156250004 0.34116810000000003 0.4283209859375 0.3747523359375 0.4355325453125 0.3775995453125 0.44351014062500005 0.37586925 0.4490627359375 0.37025356875000004
2 0.488282196875 0.32425057343749997 0.4803046015625 0.32598086875 0.47995330625 0.33267409375 0.48563278906249996 0.34467631249999997 0.48965330781249994 0.3482156375 0.50005590625 0.35037072812500003 0.50602324375 0.3468707703125 0.5107463562500001 0.33702364375 0.5099168734374999 0.3327922 0.505896353125 0.32925287187499996 0.488282196875 0.32425057343749997
1 0.27304336406249996 0.4481333671875 0.274160696875 0.4368626375 0.270842771875 0.4199368578125 0.2684177703125 0.4160514703125 0.26197225 0.40862675625 0.254760690625 0.40577955 0.24040101875 0.40889408125 0.23484842343749998 0.4145097625 0.231784271875 0.432819778125 0.2330284953125 0.439166946875 0.23829323906250002 0.449053440625 0.2563855765625 0.46498041093750003 0.2611721359375 0.463942234375 0.26832025000000004 0.4579804921875 0.27304336406249996 0.4481333671875
2 0.3766886671875 0.416830578125 0.3706578875 0.41152158906249997 0.36587132968749997 0.412559765625 0.3635732171875 0.4262922765625 0.362519328125 0.44637195781249994 0.3629340671875 0.4484876796875 0.3669545875 0.4520270046875 0.37611296250000004 0.4478349296875 0.3800700375 0.44256530625 0.38160211093749996 0.4334102984375 0.3791136671875 0.4207159640625 0.3766886671875 0.416830578125
2 0.282489590625 0.428439115625 0.2761075140625 0.4298233515625 0.2749267359375 0.43228513281250003 0.2734581046875 0.45024908906250005 0.2735215484375 0.4590580390625 0.27677603125 0.46717486875 0.2807965515625 0.47071419531250003 0.2871786265625 0.4693299609375 0.289476740625 0.45559744843749994 0.28941329531250004 0.4467884984375 0.2865101109375 0.431978440625 0.282489590625 0.428439115625
2 0.28925233281249996 0.4799085734375 0.2675542109375 0.46255799687500004 0.261586875 0.4660579546875 0.259640059375 0.47309724218750004 0.2617137640625 0.4836758546875 0.268574025 0.49321628906250004 0.2721798046875 0.49463989374999995 0.27738110312500003 0.4957174390625 0.28376318125 0.4943332015625 0.28931577656249996 0.48871752031250004 0.2916773328125 0.48379395937499997 0.28925233281249996 0.4799085734375
2 0.5349235046875 0.5876383374999999 0.530966428125 0.5929079609375 0.529497796875 0.6108719171875 0.5327522796874999 0.618988746875 0.538783059375 0.6242977375 0.54356961875 0.6232595609375 0.5447503953124999 0.620797778125 0.5489318796875 0.59121703125 0.5481023984375 0.5869855875 0.5460921390625 0.5852159234375 0.5349235046875 0.5876383374999999