0 0.6857256703125 0.6139081921875 0.7088002484375 0.6143121390624999 0.7529031859375 0.5888578578125 0.75232245625 0.5602797015625 0.74492585 0.54984700625 0.7249527640625 0.54699960625 0.701094771875 0.557665703125 0.6823153109375 0.570137903125 0.677748334375 0.574897340625 0.6751583984375 0.5839063359375001 0.67471601875 0.5993534046875 0.6857256703125 0.6139081921875
0 0.60607301875 0.6267197234374999 0.597722478125 0.6251685546875 0.5553568875 0.630671265625 0.5489833875000001 0.6333696578125 0.542950925 0.6404450765624999 0.5403609890625 0.6494540734375 0.5415546140624999 0.6647736734375 0.5437021718749999 0.6712117484375 0.5560067921875 0.6812620375 0.5676293375 0.6825582671875 0.6034509140625001 0.67756543125 0.6114604156250001 0.6747395703125 0.6204238515625 0.6630321828125 0.618718671875 0.641147040625 0.60607301875 0.6267197234374999
0 0.385368446875 0.3290584609375 0.3857786578125 0.3554481046875 0.3936868203125 0.3724463421875 0.40865055000000006 0.3955002484375 0.4249092484375 0.4140496546875 0.441098771875 0.41058645 0.44679019999999997 0.399134 0.44508502187500004 0.37724885625 0.4222131296875 0.3371967125 0.40776095156250003 0.32070835 0.402682421875 0.3189022453125 0.3945024015625 0.3195395890625 0.385368446875 0.3290584609375
1 0.4984329359375 0.5338236796875 0.4994882109375 0.5051180546875 0.4901145640625 0.49043579687500005 0.4737545234375 0.4917104890625 0.46349611875 0.5079223749999999 0.47079138125000003 0.5381791687499999 0.4876629796875 0.5434700203125 0.4984329359375 0.5338236796875
0 0.4733716390625 0.3177980984375 0.4720766703125 0.322302596875 0.47361133281249995 0.3419992265625 0.48281446250000004 0.3544929671875 0.4878929921875 0.356299075 0.5400746078124999 0.35003154687500004 0.5459365515625 0.3407676109375 0.5485264890625 0.3317586171875 0.547162346875 0.3142505015625 0.5363232124999999 0.3018842296875 0.49051509531250004 0.305453365625 0.47776809687500005 0.31085014843750003 0.4733716390625 0.3177980984375
1 0.583398971875 0.44133334687500003 0.583638665625 0.465534471875 0.5910352718749999 0.4759671671875 0.609372353125 0.47894203593749995 0.6201423109374999 0.46929569375 0.6213681046875 0.4427785828125 0.610358453125 0.42822379843749997 0.5921918890625 0.42743744375 0.583398971875 0.44133334687500003
2 0.57199363125 0.7174470281249999 0.5738001515625 0.7195080734375 0.5950682078125 0.717850975 0.6012711890625 0.7129640687500001 0.6005891171875 0.7042100109375 0.5986120765625 0.6999604515625 0.5899205015625 0.6940322531249999 0.5817404796875 0.6946696 0.5770029859375 0.697240521875 0.5740720125000001 0.7018724890625 0.5714820765625 0.7108814859375 0.57199363125 0.7174470281249999
2 0.6324566109374999 0.6907180562499999 0.6360696546875 0.6948401468750001 0.6411481859375 0.6966462531250001 0.644249675 0.6942028015624999 0.6572685328125 0.671170434375 0.6565864625 0.662416378125 0.65297341875 0.6582942859375 0.6478948890625 0.6564881812500001 0.6431573937499999 0.6590591015625 0.63453499375 0.6751435171875 0.6317745390625 0.6819639984375 0.6324566109374999 0.6907180562499999
1 0.5930378968750001 0.38994092187499996 0.59293655625 0.4097650203125 0.6023102015624999 0.424447275 0.6208178015625 0.4296106578125 0.631587759375 0.419964315625 0.632643034375 0.391258690625 0.6232693890625 0.37657643749999997 0.6063977921875 0.371285584375 0.5930378968750001 0.38994092187499996
2 0.65047514375 0.4361071109375 0.653576634375 0.4336636578125 0.6594385796875 0.4243997234375 0.6582449546875 0.40908012187500004 0.6562679124999999 0.40483056250000005 0.6513599015625 0.4052129703125 0.639124459375 0.41717529531249997 0.6317970265625 0.42875521250000004 0.63196754375 0.43094372812500004 0.6390231140625 0.43699939375 0.65047514375 0.4361071109375
2 0.6106624828125 0.3687515 0.6147179046875 0.3574265203125 0.6136947968750001 0.3442954359375 0.6115472390625001 0.3378573609375 0.606298190625 0.3338627390625 0.6031967 0.3363061921875 0.5934498515625 0.35908362031249996 0.59215488125 0.36358811874999997 0.5930074703125 0.37453068906250003 0.6028234968749999 0.373765875 0.6106624828125 0.3687515
2 0.5419503046874999 0.37410520625 0.54392734375 0.3783547640625 0.547540390625 0.38247685625 0.556061446875 0.3862165375 0.5640709484374999 0.383390678125 0.5655364359374999 0.3810746953125 0.5650248828125 0.374509153125 0.552038190625 0.35570480625 0.546789140625 0.351710184375 0.5420516484375 0.35428110625000003 0.5407566796875 0.3587856046875 0.5419503046874999 0.37410520625