0 0.6317901234375001 0.346759259375 0.6220293203125 0.35682870312500004 0.6202353390625001 0.3630208328125 0.6209490734374999 0.3859953703125 0.6269675921875 0.3924768515625 0.6331404328125 0.394791665625 0.6768904328125 0.39641203593749996 0.6832175921875 0.3945601859375 0.69305555625 0.38240740781250004 0.6950038578125 0.37204861093749997 0.6939043203125 0.35949074062499997 0.6880401234375 0.34884259375000004 0.680304784375 0.34646990624999996 0.638117284375 0.34490740625 0.6317901234375001 0.346759259375
0 0.6548418203125 0.6960069437499999 0.6482060187500001 0.7061921296875 0.6476658953125 0.7207754625 0.6518904328125 0.7334490734375 0.6625192906249999 0.7421875 0.703144290625 0.7436921296875 0.719000771875 0.738020834375 0.7222800921875 0.7339699078125 0.7241512343750001 0.7256944453124999 0.7217206796875 0.7068287046874999 0.7189043203125001 0.6983796296875 0.7143711421875001 0.694039353125 0.681635803125 0.690740740625 0.6628086421875 0.6921296296875 0.6548418203125 0.6960069437499999
0 0.44390432031250004 0.5192129624999999 0.4404706796875 0.52743055625 0.439776234375 0.5461805562500001 0.451350309375 0.57164351875 0.46612654375 0.5951388890625 0.47675540156249996 0.603877315625 0.48300540156249994 0.6041087968750001 0.4926118828125 0.59820601875 0.4959683640625 0.592071759375 0.49807098749999995 0.5775462953125 0.4940779328125 0.558622684375 0.47046682031250003 0.520196759375 0.462885803125 0.51365740625 0.44874614218750003 0.5152199078125 0.44390432031250004 0.5192129624999999
1 0.5868441359375 0.6309027765625 0.57669753125 0.6513888890625 0.5777199078125 0.6660300921875 0.582098765625 0.6745370359375 0.591242284375 0.681134259375 0.600617284375 0.68148148125 0.60538194375 0.679571759375 0.613580246875 0.66944444375 0.6154513890625 0.66116898125 0.615837190625 0.6507523140625 0.6145833328125 0.6423611109375 0.610204475 0.6338541671875 0.59949845625 0.6271990749999999 0.5868441359375 0.6309027765625
1 0.5713348765624999 0.37372685156249996 0.564776234375 0.3818287046875 0.5613425921874999 0.390046296875 0.5608024687500001 0.4046296296875 0.5621334874999999 0.4109375 0.5680748453125 0.41950231562500007 0.575733025 0.42395833281249995 0.580420525 0.42413194374999996 0.5899498453125 0.4203125 0.5948688265625 0.4142361109375 0.59830246875 0.40601851875 0.5990740734375 0.3851851859375 0.596257715625 0.3767361109375 0.587114196875 0.37013888906250003 0.580864196875 0.36990740781250003 0.5713348765624999 0.37372685156249996
1 0.4102623453125 0.5826388890625 0.40956790156249995 0.6013888890625 0.419965278125 0.6163773140625 0.430902778125 0.6167824078125 0.43730709843750004 0.612847221875 0.44565972187499997 0.598553240625 0.44612268593750004 0.586053240625 0.4447916671875 0.5797453703125 0.4403356484375 0.573321759375 0.43126929062499997 0.5646412046875 0.425019290625 0.5644097234375 0.42017746875000006 0.5684027765625 0.41197916718750005 0.5785300921875 0.4102623453125 0.5826388890625
0 0.5129243828125001 0.598958334375 0.5122299375 0.617708334375 0.5196566359375 0.6284143515625 0.5441936734375 0.6418402765625 0.572087190625 0.6491319437499999 0.5818479937500001 0.6390625 0.585358796875 0.6287615734374999 0.5857445984375 0.61834490625 0.5783950625000001 0.6055555546875 0.5722993828125 0.6011574078125 0.5600308640625 0.5944444453125 0.53065200625 0.5850115734375 0.5195601859375001 0.5887731484375001 0.5129243828125001 0.598958334375
2 0.44193672812499996 0.656828703125 0.4498263890625 0.655034721875 0.45646219062500004 0.6448495359375 0.45841049375000004 0.634490740625 0.45067515468749997 0.6321180546875 0.43505015468749997 0.6315393515625 0.4285686734375 0.6375578703125 0.42982253125 0.645949075 0.43427855 0.6523726859375001 0.44193672812499996 0.656828703125
2 0.5592978390625001 0.5297453703125 0.57476851875 0.534490740625 0.58101851875 0.534722221875 0.5826581796875 0.532696759375 0.5829668203125 0.524363425 0.5801504625 0.5159143515625 0.575617284375 0.5115740734374999 0.563117284375 0.5111111109375 0.556635803125 0.5171296296875 0.5549189812499999 0.5212384265625001 0.5546875 0.5274884265625001 0.5592978390625001 0.5297453703125
2 0.5987075625 0.6063078703125 0.6080054015624999 0.6087384265625 0.615972221875 0.6048611109375 0.6194058640625 0.59664351875 0.6179976859375 0.59241898125 0.6027584874999999 0.5814236109375 0.5934606484375 0.5789930562500001 0.5918209875 0.58101851875 0.591358025 0.5935185187500001 0.5941743828125 0.60196759375 0.5987075625 0.6063078703125
2 0.64591049375 0.6414351859375 0.6473186734375 0.645659721875 0.65326003125 0.6542245375 0.65482253125 0.6542824078125 0.6581018515625 0.65023148125 0.6684799375 0.6234953703125 0.668634259375 0.619328703125 0.6671489203125 0.6171875 0.6625385796875001 0.6149305546875 0.6562114203125 0.6167824078125 0.6497299375 0.6228009265625001 0.646296296875 0.63101851875 0.64591049375 0.6414351859375
2 0.675829475 0.467303240625 0.683796296875 0.46342592656250003 0.68543595625 0.46140046406249996 0.6858989203125 0.44890046406249995 0.6844135796875 0.446759259375 0.6734760796875 0.446354165625 0.6591820984375001 0.45208333281249996 0.655902778125 0.456134259375 0.6555941359374999 0.4644675921875 0.6585648140625 0.46875 0.675829475 0.467303240625