0 0.2747278328125 0.16136542812500002 0.2563316640625 0.1709374765625 0.233932515625 0.2036384875 0.23087166093749997 0.21538495468750002 0.2320482546875 0.226403478125 0.2436503765625 0.2340280671875 0.2524614375 0.235720328125 0.26110441406249996 0.23583851249999999 0.269411221875 0.23280855156250002 0.288917603125 0.21342808125 0.29927675625 0.189207203125 0.3020014390625 0.17431258593750001 0.3013291 0.1680162875 0.28955889218749997 0.1588176234375 0.2747278328125 0.16136542812500002
0 0.41859329375 0.2761076328125 0.42188860781250004 0.28676218593749997 0.426630309375 0.2907564671875 0.44018307031250004 0.2964430078125 0.482119653125 0.305268284375 0.5055936890625 0.30283866718749997 0.5116136859375 0.2985986015625 0.5190800703125 0.2876982640625 0.5152805015624999 0.2723214890625 0.5059651859375001 0.26590700156249997 0.47690902812499997 0.2564719671875 0.44869329062499996 0.2549073046875 0.427674146875 0.2601211 0.41859329375 0.2761076328125
0 0.5987736031249999 0.528876846875 0.590466796875 0.5319068078125 0.58656551875 0.535782903125 0.5830004125 0.5428071453125 0.5840089203125001 0.5522515953125 0.5994106125 0.5752529578125001 0.6231191109374999 0.5952243578124999 0.6319301734375 0.59691661875 0.6487118703125 0.59243076875 0.6584650609375 0.582740534375 0.659407190625 0.5713580375 0.6464603921875 0.5511408531249999 0.6271574249999999 0.5320155828125 0.6114859421875 0.5266930140625 0.5987736031249999 0.528876846875
1 0.30229371562499996 0.4195136875 0.2913639328125 0.41818540000000004 0.2786515953125 0.42036923125000003 0.2724635125 0.4230352234375 0.2625422359375 0.43115138281250004 0.2591452140625 0.4397497 0.2599856375 0.44762007343750004 0.2626086140625 0.4519783265625 0.276329459375 0.45923894218749994 0.2828537125 0.45972110156249996 0.29556605 0.45753726875 0.303704771875 0.45293322968750005 0.311507325 0.4451810421875 0.314568178125 0.43343457343749997 0.311777115625 0.42750224687499994 0.30229371562499996 0.4195136875
1 0.5643076875 0.40816466250000005 0.555496625 0.4064724 0.5426162046874999 0.407082159375 0.5281213124999999 0.4127781125 0.5203187609375 0.4205302984375 0.5187042921875 0.425616496875 0.5200489687500001 0.4382090953125 0.5225038609375 0.44099327187500004 0.5337698140625 0.4454697109375 0.540294065625 0.44595186875000004 0.5551251265625 0.4434040640625 0.56326385 0.4388000265625 0.5689476796874999 0.43141181093750003 0.5721766171875 0.42123941875000004 0.5716723625 0.41651719375 0.5643076875 0.40816466250000005
0 0.2891081734375 0.477882053125 0.2762277515625 0.478491809375 0.265802221875 0.481885746875 0.256217115625 0.49315005625 0.25739370781250004 0.5041685796875 0.2735694453125 0.514213371875 0.3003387984375 0.5224383046875001 0.32236644999999997 0.52666895625 0.3393162328125 0.5237571796875 0.35135623125 0.5152770484375 0.3549213375 0.5082528046875 0.3540809140625 0.50038243125 0.34917113125 0.49481407656250004 0.30884901875000004 0.480902603125 0.2891081734375 0.477882053125
2 0.33917919531249996 0.5830898625 0.3469817484375 0.575337675 0.34842813281249996 0.5686774031249999 0.3431821796875 0.5599609 0.338608565625 0.55754069375 0.3255600578125 0.5565763765625 0.3193719734375 0.55924236875 0.320212396875 0.56711274375 0.33036813593750003 0.5813976015625 0.33494175 0.58381780625 0.33917919531249996 0.5830898625
1 0.349347778125 0.2944150125 0.342991609375 0.295506928125 0.3267141640625 0.3047150046875 0.3231490578125 0.3117392484375 0.32466181875 0.3259059203125 0.329571603125 0.3314742765625 0.33855075 0.3347406109375 0.342956278125 0.3355867421875 0.3599060625 0.332674965625 0.37016350781249996 0.3277069546875 0.377966059375 0.3199547671875 0.381363084375 0.31135645 0.3808588296875 0.3066342265625 0.3602775625 0.2957433015625 0.349347778125 0.2944150125
2 0.372782203125 0.43305177656250005 0.377187734375 0.4338979078125 0.3899000703125 0.43171407500000003 0.39803879375 0.4271100375 0.401771984375 0.42165986875000006 0.40288219999999997 0.41185144687499997 0.398308584375 0.40943124218750004 0.3961898625 0.409795215625 0.377625609375 0.41779318906249996 0.36541752656250004 0.42469924531250003 0.3659217796875 0.42942146875000003 0.372782203125 0.43305177656250005
2 0.35455840156249996 0.3432113296875 0.359132015625 0.345631534375 0.37396307812499996 0.3430837296875 0.382269884375 0.3400537671875 0.3944779671875 0.3331477109375 0.39380562812500003 0.3268514109375 0.3892320125 0.32443120468750003 0.3805890390625 0.32431302031250003 0.37228223125 0.32734298281249996 0.3558367015625 0.334976984375 0.3538860625 0.33691503125 0.35455840156249996 0.3432113296875
2 0.4050715828125 0.33132785 0.4094771125 0.33217398125 0.4133783875 0.3282978859375 0.416943496875 0.32127364375 0.4162711578125 0.3149773453125 0.41364818124999997 0.31061909375 0.4111932875 0.30783491406249996 0.40009541875 0.3049325515625 0.3895018046875 0.3067524109375 0.38348180625 0.310992478125 0.382035421875 0.3176527484375 0.4050715828125 0.33132785
2 0.5901306281250001 0.528758659375 0.616665515625 0.5145825734375 0.618616153125 0.5126445281249999 0.6181118999999999 0.507922303125 0.611251478125 0.5042919953125 0.602608503125 0.5041738078125 0.5861629734375 0.511807809375 0.58242978125 0.517257978125 0.5836063734375 0.5282765015625001 0.5858931796875 0.5294866046875 0.5901306281250001 0.528758659375