0 0.5952134609375 0.2487719625 0.6020917015625 0.2616073921875 0.6145909421875 0.2665254453125 0.6262096171875 0.2663490234375 0.63921275625 0.26070321875 0.6473923125 0.25410908593750003 0.6504547625 0.24486846562500003 0.6410620515625001 0.190527428125 0.6279757640625 0.1822130609375 0.6072969671874999 0.18388914218750002 0.5945873515625 0.19123310625 0.588966346875 0.1991504828125 0.5952134609375 0.2487719625
0 0.4235359703125 0.21255912968750001 0.409148365625 0.2236743234375 0.4057923921875 0.231216784375 0.40784704843749997 0.2431038859375 0.42818824375000003 0.2799120125 0.43389239375 0.2859548125 0.44668515624999994 0.29257102343749997 0.4560388015625 0.29276951875 0.47160049375 0.28844695468750003 0.4794865265625 0.2801546625 0.4822554546875 0.26921588750000003 0.4704704859375 0.24147195781250003 0.4553295421875 0.2212704875 0.4422432578125 0.21295612031250002 0.4235359703125 0.21255912968750001
0 0.2079373140625 0.272700121875 0.2110829109375 0.27741967968750003 0.22614070625 0.2836609734375 0.24908453437500003 0.281609978125 0.26259156875 0.2654003109375 0.2688436984375 0.2206968828125 0.26678904375 0.20880978125 0.25370275625 0.20049541406250002 0.2216988046875 0.2040460703125 0.21351925 0.2106402046875 0.21016327812500002 0.21818266406250003 0.2052956125 0.2574167046875 0.2079373140625 0.272700121875
0 0.3288594859375 0.3522489890625 0.328062065625 0.36111469218750003 0.34899030625 0.401319134375 0.357840053125 0.4120814890625 0.37033929374999996 0.41699954375 0.37742790937500004 0.4175729546875 0.3929895984375 0.4132503890625 0.40284714218750006 0.40288502656249997 0.40217695000000003 0.38552853593749997 0.37671865000000004 0.3460739234375 0.3636323640625 0.33775955468749996 0.34974865781250003 0.33831089062499997 0.3367455203125 0.34395669687499997 0.3288594859375 0.3522489890625
1 0.62696295625 0.2976656890625 0.6164352234375 0.29067456406250003 0.609346609375 0.2901011515625 0.5889613328125 0.293475390625 0.5745737296875 0.304590584375 0.571511278125 0.3138312015625 0.5729788890624999 0.322321990625 0.5789765625000001 0.330062946875 0.5889172515625 0.3336577578125 0.5937408359375 0.33460608281250004 0.6118610796875 0.331606759375 0.6203341578125 0.326710784375 0.6262486828125 0.320491565625 0.6298981765625 0.31464726249999997 0.630402075 0.30408340312500004 0.62696295625 0.2976656890625
1 0.44782406718749995 0.46480517343749994 0.4356183484375 0.461585278125 0.4217346421875 0.46213661406249995 0.410996534375 0.46740750625 0.40113899062499997 0.47777286874999997 0.399754528125 0.48324225781249996 0.4015156609375 0.49343120156250003 0.4075133328125 0.50117215625 0.4151889921875 0.505141884375 0.42227760312499996 0.5057152968749999 0.44039785 0.5027159718750001 0.44887092656250005 0.49781999531250004 0.45281394375 0.49367384999999997 0.45616991562500003 0.48613138906250003 0.45667381406249996 0.47556752968750005 0.44782406718749995 0.46480517343749994
1 0.320782009375 0.3094126359375 0.3026617640625 0.31241195781250003 0.2908327140625 0.32485039375 0.289741771875 0.332017940625 0.29120938281250003 0.340508728125 0.2997656078125 0.3495729265625 0.30970629843749997 0.3531677375 0.3258550328125 0.3522414859375 0.332356603125 0.3494185828125 0.3467442046875 0.3383033875 0.34980665625 0.32906277031250003 0.3486325671875 0.32227014062500003 0.3429284171875 0.31622734218750004 0.3301356546875 0.30961113125 0.320782009375 0.3094126359375
2 0.34936195937500003 0.5113023734375 0.3541855421875 0.5122507015625 0.360980634375 0.5111259546875 0.367986103125 0.49773919062500005 0.36651849062499997 0.48924840312500006 0.3599337734375 0.4781111328125 0.3489021421875 0.4816838671875 0.3387510796875 0.49035107343749995 0.3373666140625 0.49582046249999995 0.3385407046875 0.5026130906249999 0.3416863015625 0.507332646875 0.34936195937500003 0.5113023734375
2 0.3900203265625 0.247801365625 0.3979063609375 0.2395090734375 0.40096881093750003 0.23026845625 0.3895605109375 0.218182859375 0.382471896875 0.217609446875 0.3751729078125 0.229298053125 0.3701389484375 0.24061174218749998 0.369341528125 0.249477446875 0.3719000828125 0.25080068906249997 0.3857837859375 0.2502493546875 0.3900203265625 0.247801365625
2 0.357434346875 0.1536308 0.3599929 0.1549540421875 0.3735830828125 0.1527045515625 0.375554590625 0.150631478125 0.3766455328125 0.1434639328125 0.37282974375 0.12138788593750001 0.3680061609375 0.12043955937499999 0.36121106875 0.12156430468749999 0.350766484375 0.1285333546875 0.34938201874999997 0.1340027421875 0.3511431515625 0.1441916875 0.357434346875 0.1536308
2 0.48620850156250006 0.07641992656249999 0.48255900625 0.0822642296875 0.4815512125 0.10339195000000001 0.4830188234375 0.1118827359375 0.4988740375 0.1092583296875 0.5028170546874999 0.10511218281250001 0.5057963562500001 0.0819113921875 0.49556214687500005 0.076618421875 0.48620850156250006 0.07641992656249999