0 0.646875 0.6791666671875001 0.696875 0.6791666671875001 0.70625 0.66875 0.7078125 0.65 0.703125 0.6375 0.696875 0.63125 0.6515625 0.6291666671875 0.6390625 0.6333333328124999 0.6328125 0.64375 0.63125 0.6541666671875 0.634375 0.6666666671875 0.6390625 0.675 0.646875 0.6791666671875001
0 0.65 0.525 0.6765625 0.51875 0.696875 0.5083333328124999 0.70625 0.49791666718750005 0.709375 0.48125 0.7015625 0.46666666718750005 0.6953125 0.4625 0.684375 0.4625 0.6484375 0.475 0.6421875 0.4791666671875 0.634375 0.4895833328125 0.6328125 0.49791666718750005 0.634375 0.5125 0.640625 0.5208333328125 0.65 0.525
0 0.7359375 0.3416666671875 0.7453125 0.33125 0.746875 0.3020833328125 0.7421875 0.29375 0.7359375 0.28958333281250004 0.7015625 0.2791666671875 0.6875 0.2791666671875 0.6828125 0.28125 0.675 0.29375 0.6734375 0.3145833328125 0.6859375 0.3291666671875 0.725 0.3416666671875 0.7359375 0.3416666671875
0 0.5578125 0.43541666718750005 0.596875 0.41875 0.60625 0.40833333281249995 0.6078125 0.3958333328125 0.6046875 0.38333333281250004 0.5984375 0.375 0.590625 0.3729166671875 0.5515625 0.3854166671875 0.540625 0.3916666671875 0.534375 0.40208333281249997 0.5328125 0.40833333281249995 0.534375 0.42291666718750004 0.5421875 0.43333333281249997 0.5578125 0.43541666718750005
1 0.5828125 0.6458333328125 0.5875 0.65 0.596875 0.6520833328125 0.603125 0.65 0.6109375 0.6416666671875 0.6125 0.6354166671875 0.6125 0.6166666671875001 0.6046875 0.6020833328124999 0.596875 0.5979166671875 0.5890625 0.5979166671875 0.58125 0.6020833328124999 0.5765625 0.6104166671875 0.575 0.6145833328125 0.575 0.63125 0.578125 0.6395833328125 0.5828125 0.6458333328125
1 0.4535765625 0.46398124999999996 0.4598265625 0.4681479171875 0.4692015625 0.47023125 0.4801390625 0.46398124999999996 0.4848265625 0.4535645828125 0.48638906249999997 0.44106458281250005 0.4832640625 0.4306479171875 0.4754515625 0.42023124999999995 0.47076406249999997 0.4181479171875 0.4613890625 0.4181479171875 0.4535765625 0.4223145828125 0.4488890625 0.42856458281250004 0.44732656249999997 0.4348145828125 0.44732656249999997 0.45148124999999995 0.45045156249999996 0.45981458281250004 0.4535765625 0.46398124999999996
1 0.6160765625 0.3973145828125 0.6223265625 0.3973145828125 0.6285765624999999 0.3931479171875 0.6363890624999999 0.38273125 0.6379515625 0.3743979171875 0.6379515625 0.35773125 0.6285765624999999 0.34523125 0.6223265625 0.3431479171875 0.6145140625 0.3431479171875 0.6051390624999999 0.3493979171875 0.6004515625 0.35773125 0.5988890625 0.37231458281249996 0.6004515625 0.3785645828125 0.6082640625 0.3931479171875 0.6160765625 0.3973145828125
2 0.4703125 0.3875 0.48125 0.38333333281250004 0.4796875 0.3729166671875 0.4734375 0.3625 0.46875 0.3604166671875 0.4625 0.3604166671875 0.4578125 0.3625 0.453125 0.36875 0.4515625 0.3729166671875 0.4515625 0.3791666671875 0.4625 0.3875 0.4703125 0.3875
2 0.696875 0.4583333328125 0.709375 0.45 0.7109375 0.44375 0.7015625 0.43541666718750005 0.6921875 0.4291666671875 0.684375 0.4270833328125 0.6828125 0.4291666671875 0.68125 0.44166666718750003 0.6828125 0.4458333328125 0.6890625 0.45416666718750004 0.696875 0.4583333328125
2 0.778125 0.45 0.7984375 0.45 0.8 0.4458333328125 0.8 0.43958333281249995 0.7953125 0.4291666671875 0.790625 0.4270833328125 0.78125 0.4270833328125 0.771875 0.43125 0.7703125 0.43333333281249997 0.7703125 0.4458333328125 0.771875 0.4479166671875 0.778125 0.45
2 0.8140625 0.575 0.8203125 0.5666666671875 0.821875 0.5583333328125 0.8171875 0.5541666671875001 0.7984375 0.55 0.790625 0.55 0.790625 0.5645833328125 0.79375 0.56875 0.8140625 0.575