0 0.7118891374999999 0.6458850843749999 0.7113885265625 0.63504199375 0.7031060765625 0.6214091374999999 0.6969245953125001 0.618748778125 0.6521145734375 0.615125409375 0.6454931921875 0.616750521875 0.6384319109375001 0.6226611078125 0.6344121078125 0.64610180625 0.6353526171875 0.652659425 0.6438550171874999 0.66414954375 0.6500364984375 0.6668099046875 0.6932461640625001 0.6703038671875 0.7014679015625 0.6688081593749999 0.70896908125 0.6586121015625 0.7118891374999999 0.6458850843749999
0 0.7870900171875 0.3062823421875 0.7922702796875 0.2872565234375 0.7915497203124999 0.278556171875 0.7887889046875001 0.2740118859375 0.7734451734375 0.2662896140625 0.7318358671875 0.26292505781250003 0.7197535640625 0.2705901625 0.71363279375 0.283058365625 0.712093146875 0.298057521875 0.717394828125 0.30928883125 0.72495671875 0.314221334375 0.743941065625 0.31791694375 0.77776853125 0.318491734375 0.7830095046875 0.31459447812499997 0.7870900171875 0.3062823421875
0 0.5406806859375 0.4116677984375 0.540619975 0.3965392359375 0.5380791078125 0.3898522125 0.529136809375 0.382647565625 0.5227353781249999 0.3821299421875 0.510653075 0.389795046875 0.49223005000000003 0.41207109218750004 0.476787790625 0.4367486859375 0.4748082453125 0.45603331718750006 0.4771291625 0.4648630765625 0.4814903359375 0.46953676875 0.49567360781250003 0.472844159375 0.504335246875 0.467062978125 0.5339000656249999 0.4305642109375 0.5406806859375 0.4116677984375
1 0.6646437281249999 0.32014699687500003 0.66006260625 0.3176160421875 0.65046045625 0.31683960624999996 0.6401984625 0.3224913796875 0.6345175890625 0.33067410937499997 0.631377584375 0.345543859375 0.6387802359375 0.367747665625 0.6511432 0.3730683859375 0.6630055546875 0.36754601875000004 0.6686864265625 0.3593632890625 0.67116658125 0.3509217484375 0.67226633125 0.3402080640625 0.6715457703125 0.33150771093750003 0.6646437281249999 0.32014699687500003
1 0.6119463875 0.6291615578124999 0.6160269 0.6208494234375 0.6182263953125 0.5994220546875 0.6159054796875 0.5905922953125 0.6117642531249999 0.5837758671875 0.6026020046875 0.5787139578125 0.59780093125 0.5783257390625 0.5893592421875 0.5819641812499999 0.5820780125 0.5900175062499999 0.57981780625 0.596316309375 0.5782781609375001 0.61131546875 0.580599078125 0.6201452265625 0.586120709375 0.6292337984375 0.595282959375 0.634295709375 0.6016843890625 0.6348133328125 0.6119463875 0.6291615578124999
1 0.48896862343749997 0.3966837171875 0.49028832031249997 0.38382729531250004 0.483826178125 0.36818110625 0.4778646453125 0.363378009375 0.466662140625 0.3624721671875 0.45391998750000007 0.3765654828125 0.45194044062499994 0.39585011406250004 0.4531008984375 0.40026499375 0.4600029421875 0.411625709375 0.4643641140625 0.41629940000000004 0.47076554687499994 0.416817025 0.48124749375000003 0.4090225125 0.486708415625 0.40298252031250004 0.48896862343749997 0.3966837171875
0 0.636959928125 0.3697609953125 0.6348589609374999 0.3587885 0.626356559375 0.3472983796875 0.59689026875 0.35139728125 0.5699648453124999 0.36218320625 0.5608633078125 0.372249859375 0.5588837609375 0.3915344921875 0.5641854453125 0.40276579999999995 0.5749480499999999 0.40795711562500003 0.60623465 0.40184488125 0.6196973625 0.3964519203125 0.6265386921875 0.392684071875 0.6358601796875 0.3804746796875 0.636959928125 0.3697609953125
2 0.5084306828125 0.3485654234375 0.5079300734375 0.33772233281249997 0.502628390625 0.326491025 0.49484655 0.323701259375 0.4864048625 0.32733970156250003 0.4809439390625 0.33337969218749997 0.47846378281249996 0.3418212359375 0.4842053671875 0.34876706875 0.5002089453125 0.3500611296875 0.5084306828125 0.3485654234375
2 0.5962154984375 0.46801091250000004 0.591194475 0.4697654296875 0.5905346265625 0.47619364218750004 0.591695084375 0.48060852187499997 0.5974366671875 0.48755435625 0.6102395296875 0.48858960468749996 0.6154805031249999 0.4846923484375 0.6195610171875 0.47638021249999996 0.6204408156250001 0.46780926562499997 0.61906040625 0.4655371234375 0.612658975 0.4650194984375 0.5962154984375 0.46801091250000004
2 0.6367021609375 0.41943216093749996 0.6380825703124999 0.42170430468750003 0.6479046671875001 0.4203380015625 0.6650079953125 0.41091837968749995 0.6670482515625 0.4067623109375 0.664727334375 0.39793255156249996 0.6571654421875001 0.393000046875 0.647343346875 0.39436635 0.642102371875 0.39826360625 0.6380218578125 0.40657573906250005 0.6367021609375 0.41943216093749996
2 0.7113954796875 0.3520141609375 0.7097951234375001 0.35188475625 0.7025138921875 0.35993807968749997 0.7004736359375 0.36409414687499997 0.6993738859375 0.37480783125 0.7016948046875 0.38363759062499997 0.7074363875 0.39058342343749997 0.7136178703125 0.3932437859375 0.71863889375 0.391489265625 0.7204592 0.3894759375 0.7208991 0.3851904625 0.7141562953125 0.3565584484375 0.7113954796875 0.3520141609375
2 0.6840988390625 0.5550565359374999 0.6868596546875 0.5596008234375 0.7006030265625001 0.5671936859375 0.71180553125 0.5680995296875 0.713625840625 0.5660861984375 0.7149455375 0.5532297765624999 0.7135651281250001 0.5509576359375 0.7060032390625001 0.54602513125 0.6886192515625 0.5424589281250001 0.6849786375 0.5464855890625 0.6840988390625 0.5550565359374999