0 0.42377689218750003 0.701326815625 0.422431959375 0.7247001187500001 0.446392890625 0.7712346578125 0.47532715625 0.77267318125 0.4861813796875 0.7659117828124999 0.48987235 0.7458573281249999 0.48005021406250004 0.7209041265625 0.4681948875 0.700973375 0.4635653796875 0.6960039421875 0.45455664375 0.6927381125000001 0.4389477765625 0.69119355625 0.42377689218750003 0.701326815625
0 0.41404830937500003 0.6196351265625 0.41595636249999995 0.6112761578125 0.4121086671875 0.5679190890625 0.40963749062500004 0.5612637234375 0.402724515625 0.554643703125 0.39371577812499997 0.551377871875 0.37816947968750003 0.5515015765625 0.37156935 0.5532228531250001 0.3609028359375 0.5649890281250001 0.35911991875 0.5766845140625 0.3627173375 0.6133685468750001 0.3652510828125 0.6216921703125 0.376730996875 0.6316133671874999 0.39893999375 0.631436646875 0.41404830937500003 0.6196351265625
0 0.724128684375 0.416916909375 0.6974153171874999 0.4154607140625 0.6798983953125 0.422275128125 0.65596905 0.43581559375 0.636544075 0.45098897656250003 0.6393906640625 0.46765389687500003 0.650745440625 0.47423857343750003 0.6729544375 0.4740618546875 0.7144007015625 0.4537069734375 0.731667346875 0.44021952343750004 0.7337005390625 0.43519707343749997 0.7333876953125 0.4268557765625 0.724128684375 0.416916909375
1 0.5123929828125 0.5170583953125 0.54138981875 0.520165178125 0.5566232703125 0.511700178125 0.5559975796875001 0.49501758437500004 0.5400132984375 0.4834634734375 0.509108409375 0.4887156609375 0.5030714 0.50545126875 0.5123929828125 0.5170583953125
0 0.7319492109375 0.5069675671875 0.7274448453125 0.5053346515625 0.7074567468749999 0.5054936999999999 0.6944441921875 0.513941028125 0.692411 0.518963478125 0.6966341093749999 0.5723301046875 0.7057679859375 0.578932453125 0.7147767218750001 0.582198284375 0.7325439203124999 0.5820569078125 0.7454939046875 0.5719413203125 0.7437419703125 0.525230059375 0.73879961875 0.5119193281250001 0.7319492109375 0.5069675671875
1 0.6025119421875 0.60979170625 0.578019475 0.608317840625 0.567165253125 0.6150792359375 0.5634117125 0.6334654343749999 0.572733296875 0.645072559375 0.5995092296875 0.6481970140625 0.6146801140625 0.6380637546875 0.616212753125 0.6196952296875 0.6025119421875 0.60979170625
2 0.3236480921875 0.5786355265625 0.3214897625 0.580321459375 0.322303159375 0.602008828125 0.326995234375 0.608646521875 0.335878834375 0.6085758343750001 0.3402580625 0.6068722296875 0.34660791875 0.59847791875 0.3462950734375 0.5901366218749999 0.34388646562499997 0.5851495156250001 0.339319528125 0.581848340625 0.33031079218750004 0.578582509375 0.3236480921875 0.5786355265625
2 0.34823471562499997 0.6418526578125 0.3439180546875 0.645224521875 0.341884859375 0.6502469718749999 0.3442308984375 0.65356581875 0.3670030171875 0.66840343125 0.3758866171875 0.66833274375 0.38020327656249997 0.6649608812500001 0.38223646875 0.65993843125 0.3798278625 0.6549513265625 0.3639061515625 0.6450654734375 0.35711831250000003 0.6417819703125 0.34823471562499997 0.6418526578125
1 0.6541112703125 0.62321345 0.634060603125 0.6217042390625 0.61882715 0.630169240625 0.6128527109374999 0.648573109375 0.6221742921875 0.6601802375 0.651171128125 0.6632870171875 0.66640458125 0.6548220171875 0.6724415890625 0.6380864078124999 0.6541112703125 0.62321345
2 0.6050772734375001 0.6781903390624999 0.6074233109375 0.6815091843750001 0.6165571859375001 0.6881115343750001 0.632103484375 0.687987828125 0.6364827140625 0.6862842265625 0.6362950078125 0.681279446875 0.6246899578125 0.6680217328125 0.6132726125 0.659768796875 0.6110517109375 0.65978646875 0.604639290625 0.6665125234375 0.6050772734375001 0.6781903390624999
2 0.6748321140625 0.6425913875 0.6861243203125 0.6475078046875 0.6994497187500001 0.647401771875 0.70604985 0.6456804968750001 0.710303940625 0.640640375 0.7079579015624999 0.6373215296875 0.685310921875 0.6258204328125 0.6808065515624999 0.62418751875 0.6697020546875 0.6242758796875 0.67007746875 0.634285434375 0.6748321140625 0.6425913875
2 0.6722042125 0.5725244968750001 0.66782498125 0.5742280984375 0.663508321875 0.5775999625 0.6593793671875 0.585976603125 0.6619131125 0.5943002265625 0.6641965812499999 0.5959508140625001 0.67085928125 0.5958977984375 0.69040939375 0.584060934375 0.6946634859375 0.5790208140625 0.6922548796875 0.57403370625 0.687750509375 0.5724007921875 0.6722042125 0.5725244968750001