0 0.4092216640625 0.593943859375 0.46179125 0.61725256875 0.48758610625000004 0.6192211140625 0.4998705125 0.6122500625 0.5051535265625 0.6042701828125 0.505522778125 0.599078725 0.49692609218749995 0.5873507078125 0.43747819843749997 0.561302684375 0.41893090156249996 0.5568819953124999 0.40468194999999996 0.5583253140625 0.3973113078125 0.5625079453125 0.3916590390625 0.57567928125 0.39583430000000003 0.583273775 0.4092216640625 0.593943859375
1 0.7470356515625001 0.452063190625 0.7490002 0.457590925 0.760053765625 0.4679247328125 0.7645982765625 0.47032776875 0.7856024546875 0.47335425000000003 0.7903931328125 0.47229631406249994 0.8026775390625 0.46532526093750004 0.8052575046875001 0.462200565625 0.8062421750000001 0.44835667968750004 0.804154546875 0.44455943124999997 0.7954347765625001 0.4345619 0.7908902640625 0.4321588625 0.7675522890625001 0.42879610625 0.7604278140625 0.4295177671875 0.75047720625 0.4368250953125 0.7477741546875001 0.44168027500000007 0.7470356515625001 0.452063190625
1 0.564118678125 0.5708091359374999 0.577629128125 0.57974873125 0.5916319125 0.5817663843750001 0.60354706875 0.579986790625 0.6132515093750001 0.5761404359375 0.615831475 0.5730157375 0.6168161453125001 0.55917185 0.6126408859375 0.5515773562499999 0.5991304359375 0.5426377578125 0.5804600578125 0.539947553125 0.575669378125 0.541005490625 0.5658418546874999 0.54658233125 0.5632618890625001 0.549707028125 0.5620310500000001 0.5670118859375 0.564118678125 0.5708091359374999
0 0.6168017546875 0.6588183734374999 0.63559521875 0.6597780921874999 0.64812579375 0.64934606875 0.648864296875 0.638963153125 0.6336354703125 0.6210348515625 0.590893409375 0.5921493 0.5653447218750001 0.5867197828124999 0.5580971625 0.5891719281250001 0.5504803484374999 0.5968155312500001 0.549741846875 0.6071984453125 0.55821545 0.62065695 0.6030451390625 0.65333975 0.6168017546875 0.6588183734374999
0 0.6230742390625 0.6037791 0.6321632593750001 0.608585175 0.657958115625 0.6105537187500001 0.6867021875 0.6042061109375 0.7158155125000001 0.59266704375 0.7210985265625001 0.5846871640625 0.7215908625 0.577765221875 0.7196263171874999 0.5722374875 0.7107834625 0.5639704421875 0.687568571875 0.5588772015625 0.6685289390625 0.561378453125 0.6177960203125 0.578543471875 0.6144775499999999 0.5920510828125 0.6230742390625 0.6037791
1 0.62924761875 0.384392771875 0.635756675 0.39232354375 0.6448456984375001 0.3971296171875 0.6635160765625 0.39981982031249996 0.66830675625 0.3987618859375 0.680468078125 0.3935213203125 0.6830480437500001 0.3903966234375 0.68427888125 0.373091765625 0.6821912515624999 0.3692945171875 0.6733484 0.361027471875 0.6664700921875 0.3582881578125 0.6477997109375 0.3555979546875 0.6382183515625 0.3577138234375 0.630847709375 0.36189645625 0.625318528125 0.3733373078125 0.62924761875 0.384392771875
0 0.7214725765625001 0.5462801984375 0.7424767515624999 0.549306678125 0.7616394671875 0.5450749390625 0.8077047921875 0.5272373703125 0.8128647250000001 0.520987978125 0.8133570593749999 0.514066034375 0.8093048828124999 0.5047410546875 0.8026727421875 0.49854076875000003 0.779457853125 0.49344752812500003 0.7579613390625 0.4973429921875 0.721723540625 0.5096037203125 0.70685916875 0.5196994687500001 0.7059975796875 0.53181286875 0.7214725765625001 0.5462801984375
2 0.7429594953125 0.6088157515625 0.743328746875 0.60362429375 0.737804359375 0.5818496359374999 0.7355936468750001 0.579782875 0.72625845625 0.578437771875 0.7238015765625 0.57983198125 0.7158155125000001 0.59266704375 0.7176569749999999 0.5999252625 0.7264998281249999 0.6081923078125 0.7333781359375 0.610931621875 0.7403795296875 0.611940446875 0.7429594953125 0.6088157515625
2 0.530583928125 0.5782146781249999 0.5218641578125001 0.568217146875 0.517319646875 0.565814109375 0.5009830640625 0.56346018125 0.4937355046875 0.5659123265625 0.4911555390625 0.569037021875 0.4906632046875 0.575958965625 0.513385759375 0.58797415 0.5273885421875 0.589991803125 0.5298454234375 0.5885975921875 0.530583928125 0.5782146781249999
2 0.4080196046875 0.41195566875 0.40826577343750003 0.40849469687499995 0.40187979843750005 0.39883344374999996 0.3865278890625 0.38263562812499996 0.3795264953125 0.3816268 0.3746127328125 0.38441522031250003 0.37203276875 0.38753991718749997 0.371294265625 0.3979228328125 0.3800140359375 0.4079203640625 0.384558546875 0.41032340156249997 0.4055627234375 0.41334988125 0.4080196046875 0.41195566875
2 0.556294071875 0.31618964374999997 0.546225175 0.29201195 0.5440144609375 0.289945190625 0.534679271875 0.2886000875 0.52718554375 0.294513203125 0.526200871875 0.308357090625 0.5282885015625001 0.3121543390625 0.5394651546875 0.3207576609375 0.5534679390624999 0.3227753140625 0.5559248203125 0.321381103125 0.556294071875 0.31618964374999997
2 0.8198900984374999 0.355919265625 0.8178024671875 0.3521220171875 0.8066258171875 0.34351869687500003 0.7926230328125 0.34150104375 0.7897969 0.3480867125 0.7974089140625 0.3736586171875 0.8067441046875 0.37500371875 0.8165716296875001 0.36942687812499997 0.8191515953125 0.36630218124999997 0.8198900984374999 0.355919265625