0 0.4171875 0.4479166671875 0.425 0.4479166671875 0.4359375 0.44166666718750003 0.4375 0.4145833328125 0.43125 0.40416666718750005 0.421875 0.39791666718749996 0.3875 0.38333333281250004 0.375 0.3854166671875 0.3671875 0.39791666718749996 0.365625 0.40416666718750005 0.3671875 0.41875 0.3828125 0.43333333281249997 0.4171875 0.4479166671875
0 0.6640625 0.5208333328125 0.6828125 0.5208333328125 0.690625 0.5166666671875 0.6953125 0.5083333328124999 0.696875 0.4916666671875 0.69375 0.48125 0.6859375 0.475 0.659375 0.46875 0.6328125 0.46875 0.621875 0.4791666671875 0.6203125 0.5 0.625 0.5083333328124999 0.634375 0.5145833328125 0.6640625 0.5208333328125
0 0.840625 0.3583333328125 0.846875 0.35208333281250004 0.85 0.34375 0.8484375 0.3291666671875 0.84375 0.31875 0.8296875 0.3020833328125 0.8078125 0.2875 0.8 0.2854166671875 0.7859375 0.2916666671875 0.78125 0.3 0.7796875 0.32083333281250004 0.7953125 0.34375 0.8265625 0.3583333328125 0.840625 0.3583333328125
1 0.7703125 0.475 0.7859375 0.475 0.7890625 0.47291666718750003 0.79375 0.4625 0.79375 0.43958333281249995 0.7921875 0.43541666718750005 0.7859375 0.4270833328125 0.7796875 0.425 0.76875 0.4270833328125 0.7609375 0.43541666718750005 0.7578125 0.44166666718750003 0.75625 0.45625 0.7578125 0.4625 0.765625 0.47291666718750003 0.7703125 0.475
0 0.8375 0.6354166671875 0.8578125 0.6333333328124999 0.8671875 0.6208333328125 0.8671875 0.6 0.8640625 0.5916666671875 0.840625 0.575 0.8234375 0.5666666671875 0.803125 0.5645833328125 0.7984375 0.5666666671875 0.7921875 0.5770833328125 0.790625 0.5895833328125 0.7953125 0.6041666671875 0.8140625 0.6208333328125 0.8375 0.6354166671875
1 0.5375 0.6020833328124999 0.5453125 0.60625 0.5515625 0.60625 0.55625 0.6041666671875 0.5640625 0.59375 0.565625 0.5875 0.565625 0.575 0.5640625 0.56875 0.55625 0.55625 0.5484375 0.5520833328125 0.54375 0.5520833328125 0.5359375 0.55625 0.528125 0.56875 0.5265625 0.5770833328125 0.528125 0.5895833328125 0.53125 0.5958333328125 0.5375 0.6020833328124999
1 0.5578125 0.5333333328125 0.571875 0.5333333328125 0.5796875 0.5270833328125 0.5828125 0.5125 0.5828125 0.5 0.5796875 0.4916666671875 0.5765625 0.4875 0.56875 0.48333333281249996 0.559375 0.48333333281249996 0.553125 0.4875 0.546875 0.49791666718750005 0.5453125 0.5125 0.5484375 0.5229166671875001 0.5546875 0.53125 0.5578125 0.5333333328125
2 0.509375 0.3875 0.5203125 0.38125 0.5234375 0.3770833328125 0.521875 0.3708333328125 0.515625 0.3645833328125 0.503125 0.3645833328125 0.496875 0.3708333328125 0.49375 0.38125 0.496875 0.3895833328125 0.5046875 0.3895833328125 0.509375 0.3875
2 0.5109375 0.41875 0.521875 0.39791666718749996 0.5234375 0.39375 0.5234375 0.3875 0.521875 0.3854166671875 0.5125 0.3854166671875 0.5046875 0.3916666671875 0.503125 0.3958333328125 0.503125 0.4125 0.50625 0.41875 0.5109375 0.41875
2 0.39375 0.50625 0.4015625 0.50625 0.403125 0.5041666671875 0.403125 0.49791666718750005 0.3984375 0.4770833328125 0.3953125 0.46875 0.390625 0.46875 0.384375 0.4770833328125 0.3828125 0.48541666718750004 0.384375 0.49583333281249997 0.390625 0.5041666671875 0.39375 0.50625
2 0.4234375 0.5458333328125 0.428125 0.5416666671875 0.4328125 0.5333333328125 0.4390625 0.5208333328125 0.4390625 0.5145833328125 0.434375 0.5104166671875 0.4265625 0.5104166671875 0.41875 0.5166666671875 0.415625 0.525 0.415625 0.5375 0.41875 0.54375 0.4234375 0.5458333328125