0 0.41875 0.6458333328125 0.43125 0.6416666671875 0.4359375 0.6354166671875 0.4390625 0.6229166671875 0.4375 0.60625 0.421875 0.5520833328125 0.4125 0.54375 0.4078125 0.54375 0.4 0.5479166671875 0.3921875 0.5583333328125 0.390625 0.58125 0.4046875 0.6291666671875 0.4125 0.6416666671875 0.41875 0.6458333328125
1 0.5703125 0.3375 0.575 0.3395833328125 0.584375 0.3395833328125 0.5890625 0.3375 0.596875 0.3291666671875 0.5984375 0.3229166671875 0.5984375 0.3020833328125 0.596875 0.2979166671875 0.5890625 0.28958333281250004 0.5859375 0.2875 0.5734375 0.2875 0.5703125 0.28958333281250004 0.5625 0.3 0.5609375 0.30416666718749996 0.5609375 0.3229166671875 0.5625 0.3270833328125 0.5703125 0.3375
1 0.4484375 0.49583333281249997 0.4640625 0.49583333281249997 0.4671875 0.49375 0.4734375 0.48541666718750004 0.475 0.48125 0.475 0.46458333281249997 0.46875 0.45208333281249996 0.4625 0.4479166671875 0.45 0.4479166671875 0.446875 0.45 0.4421875 0.4583333328125 0.4390625 0.46875 0.4390625 0.48125 0.4453125 0.49375 0.4484375 0.49583333281249997
0 0.4109375 0.5041666671875 0.4203125 0.5041666671875 0.428125 0.49791666718750005 0.43125 0.4916666671875 0.4296875 0.46875 0.409375 0.4291666671875 0.3953125 0.4145833328125 0.3859375 0.4145833328125 0.375 0.425 0.3734375 0.44166666718750003 0.3765625 0.45416666718750004 0.4 0.49583333281249997 0.4109375 0.5041666671875
0 0.4453125 0.4458333328125 0.4671875 0.40208333281249997 0.471875 0.3854166671875 0.4703125 0.3645833328125 0.4640625 0.35625 0.459375 0.3541666671875 0.453125 0.3541666671875 0.4453125 0.3583333328125 0.43125 0.38333333281250004 0.421875 0.40833333281249995 0.4203125 0.43125 0.4234375 0.43958333281249995 0.4328125 0.4479166671875 0.4453125 0.4458333328125
1 0.6203125 0.4479166671875 0.6296875 0.45208333281249996 0.640625 0.4479166671875 0.6453125 0.44166666718750003 0.6484375 0.43333333281249997 0.6484375 0.4166666671875 0.646875 0.41041666718750003 0.640625 0.40208333281249997 0.6375 0.4 0.621875 0.4 0.61875 0.40208333281249997 0.6125 0.4125 0.6109375 0.4166666671875 0.6109375 0.43333333281249997 0.6140625 0.44166666718750003 0.6203125 0.4479166671875
0 0.509375 0.3708333328125 0.5203125 0.3583333328125 0.5359375 0.3270833328125 0.5421875 0.3083333328125 0.540625 0.2875 0.5359375 0.28125 0.528125 0.2770833328125 0.521875 0.2770833328125 0.515625 0.28125 0.49375 0.32083333281250004 0.4875 0.3375 0.4875 0.35625 0.4984375 0.3708333328125 0.509375 0.3708333328125
2 0.4390625 0.35625 0.4453125 0.3583333328125 0.4578125 0.35208333281250004 0.459375 0.35 0.459375 0.3416666671875 0.4578125 0.3395833328125 0.4390625 0.3333333328125 0.434375 0.3333333328125 0.43125 0.33541666718749996 0.43125 0.3416666671875 0.4328125 0.3479166671875 0.4390625 0.35625
2 0.4375 0.5583333328125 0.440625 0.55625 0.44375 0.55 0.44375 0.5354166671875 0.4421875 0.53125 0.434375 0.5229166671875001 0.425 0.5229166671875001 0.4234375 0.525 0.4234375 0.5375 0.43125 0.5583333328125 0.4375 0.5583333328125
2 0.575 0.675 0.584375 0.675 0.5875 0.6729166671875 0.590625 0.66875 0.590625 0.6625 0.578125 0.6479166671875001 0.5703125 0.6416666671875 0.5671875 0.6416666671875 0.565625 0.64375 0.565625 0.6625 0.5671875 0.6666666671875 0.575 0.675
2 0.675 0.54375 0.6875 0.54375 0.69375 0.5375 0.69375 0.5291666671875 0.6921875 0.5270833328125 0.671875 0.5166666671875 0.6671875 0.5166666671875 0.665625 0.51875 0.665625 0.53125 0.671875 0.5416666671875 0.675 0.54375
2 0.6796875 0.30625 0.6796875 0.29375 0.6734375 0.2833333328125 0.6703125 0.28125 0.6609375 0.28125 0.6578125 0.2833333328125 0.6515625 0.2916666671875 0.6515625 0.3 0.6734375 0.3083333328125 0.6796875 0.30625