0 0.6796875 0.4875 0.7015625 0.48541666718750004 0.709375 0.48125 0.715625 0.46875 0.715625 0.4583333328125 0.7109375 0.4458333328125 0.6953125 0.4375 0.653125 0.4375 0.6453125 0.44166666718750003 0.6390625 0.45208333281249996 0.6375 0.46666666718750005 0.640625 0.475 0.6546875 0.48541666718750004 0.6796875 0.4875
0 0.371875 0.5583333328125 0.3890625 0.55625 0.3953125 0.5458333328125 0.396875 0.5291666671875 0.3953125 0.47291666718750003 0.384375 0.4583333328125 0.3703125 0.4583333328125 0.3640625 0.4625 0.359375 0.47291666718750003 0.3578125 0.49375 0.359375 0.5395833328124999 0.3625 0.5479166671875 0.371875 0.5583333328125
1 0.5171875 0.6 0.5296875 0.6 0.5359375 0.5958333328125 0.5390625 0.5916666671875 0.540625 0.5854166671875001 0.540625 0.5708333328124999 0.5390625 0.5625 0.5359375 0.55625 0.528125 0.55 0.5140625 0.55 0.50625 0.5583333328125 0.503125 0.5666666671875 0.503125 0.5833333328125 0.509375 0.5958333328125 0.5171875 0.6
0 0.5671875 0.44375 0.5734375 0.43333333281249997 0.5734375 0.4145833328125 0.56875 0.39791666718749996 0.553125 0.3604166671875 0.5453125 0.35208333281250004 0.534375 0.35208333281250004 0.525 0.3604166671875 0.5234375 0.38333333281250004 0.540625 0.43333333281249997 0.5515625 0.4458333328125 0.5671875 0.44375
0 0.5625 0.3333333328125 0.5828125 0.33541666718749996 0.6078125 0.3333333328125 0.615625 0.3270833328125 0.6203125 0.3166666671875 0.6203125 0.3 0.6171875 0.2916666671875 0.6078125 0.2854166671875 0.5828125 0.2833333328125 0.559375 0.2854166671875 0.5484375 0.29375 0.546875 0.2979166671875 0.546875 0.3166666671875 0.553125 0.3291666671875 0.5625 0.3333333328125
1 0.52631875 0.3506020828125 0.53256875 0.3526854171875 0.54350625 0.34851875 0.55288125 0.3214354171875 0.54975625 0.3089354171875 0.54819375 0.30476875 0.54350625 0.3006020828125 0.53256875 0.29851875 0.52631875 0.3006020828125 0.51694375 0.3089354171875 0.51381875 0.31726875 0.51381875 0.3339354171875 0.51538125 0.3381020828125 0.52631875 0.3506020828125
1 0.6578125 0.5583333328125 0.6625 0.5604166671875 0.6796875 0.5604166671875 0.6859375 0.5541666671875001 0.6875 0.54375 0.6875 0.5291666671875 0.6765625 0.5125 0.6609375 0.5125 0.65 0.5229166671875001 0.6484375 0.53125 0.6484375 0.5416666671875 0.65 0.5479166671875 0.6578125 0.5583333328125
2 0.390625 0.3854166671875 0.390625 0.3770833328125 0.3828125 0.36875 0.371875 0.36875 0.3671875 0.3729166671875 0.3640625 0.38125 0.3625 0.3895833328125 0.3640625 0.39375 0.36875 0.39375 0.390625 0.3854166671875
2 0.4203125 0.45416666718750004 0.421875 0.45 0.421875 0.43958333281249995 0.41875 0.4291666671875 0.415625 0.425 0.4109375 0.42291666718750004 0.40625 0.4270833328125 0.4046875 0.45625 0.40625 0.4604166671875 0.4140625 0.4604166671875 0.4203125 0.45416666718750004
2 0.490625 0.6416666671875 0.49375 0.6375 0.49375 0.63125 0.4765625 0.6083333328125 0.471875 0.6083333328125 0.46875 0.6125 0.4671875 0.61875 0.4796875 0.6375 0.4859375 0.64375 0.490625 0.6416666671875
2 0.6140625 0.5604166671875 0.61875 0.55625 0.61875 0.5520833328125 0.603125 0.5354166671875 0.5984375 0.53125 0.5953125 0.53125 0.59375 0.5333333328125 0.5921875 0.54375 0.596875 0.55625 0.60625 0.5625 0.6140625 0.5604166671875