0 0.603970190625 0.631316815625 0.59626854375 0.6276664015625 0.591481896875 0.626897234375 0.5648486859374999 0.63226888125 0.5496604296875 0.6370667828125 0.5199794765625 0.6499914718750001 0.5043106921875 0.663559221875 0.504525728125 0.675657953125 0.5081362875 0.6818680828125 0.5187529296875 0.6883997453124999 0.5701476953125 0.6797685296875 0.580897084375 0.675865903125 0.6017003 0.6647317625 0.6110585625 0.654171365625 0.6101479640624999 0.6387437515625 0.603970190625 0.631316815625
0 0.371473803125 0.7805495375 0.3518466765625 0.7862427140625 0.34061676093750004 0.7989151890625 0.341527359375 0.8143428046875 0.3626278984375 0.8378404156249999 0.38129396875 0.8496869312499999 0.40266 0.852315965625 0.41784825937500003 0.8475180625000001 0.4249870890625 0.8374053046875 0.4215092734375 0.820760884375 0.416855371875 0.8095574265625001 0.40193260625000005 0.7934867515625 0.371473803125 0.7805495375
0 0.44217195781249996 0.44365745624999997 0.4240687046875 0.44557411093750005 0.4155387484375 0.4490291015625 0.39973721875 0.473031140625 0.388589590625 0.5082366375 0.393591275 0.5211045359375001 0.4012929203125 0.5247549499999999 0.41530508906249997 0.5253980109375 0.4323649984375 0.5184880296875 0.43985160937499995 0.5100397125 0.4557858875 0.475603384375 0.4567469421875 0.45806368906249995 0.45278860156249995 0.4501891171875 0.44217195781249996 0.44365745624999997
0 0.372888975 0.46630405625 0.364491765625 0.459324759375 0.347912384375 0.45746489375 0.3305046921875 0.46271043437500003 0.2981237796875 0.48485260781250006 0.2787116875 0.502644515625 0.2760117265625 0.5118619984375 0.2777506328125 0.520184209375 0.2887150578125 0.5283803125000001 0.3112571796875 0.5255683828125 0.323878221875 0.5195536734374999 0.3521680484375 0.49997121718750004 0.369708484375 0.484291390625 0.3746278828125 0.4746262671875 0.372888975 0.46630405625
1 0.6091418734375 0.4568151484375 0.5995685734375 0.4552768109375 0.581813103125 0.458857909375 0.5758503609375001 0.46352970625 0.5668398781249999 0.47575454375000004 0.5696221296874999 0.489070078125 0.5754521234375 0.49483257187499996 0.5853732046875 0.49803535 0.5945987203125 0.49790924375 0.6101347609375 0.4947757828125 0.6164452796875 0.491768428125 0.6251079828125 0.47787914843749996 0.62302129375 0.46789249687499995 0.6142763046875 0.45924875624999995 0.6091418734375 0.4568151484375
1 0.44993726718750005 0.558308528125 0.4448028359375 0.5558749203125 0.42260849531250005 0.5603512921875 0.41442632343749997 0.5654707250000001 0.40728749375 0.575583484375 0.40645918437499995 0.5826888890624999 0.41076530624999996 0.5922279046875001 0.4162475171875 0.5963259546875 0.4213819484375 0.598759565625 0.430955246875 0.6002978999999999 0.450930153125 0.596269165625 0.457240675 0.5932618109375001 0.4633361609375 0.5781557265624999 0.4609016921875 0.5665046328125001 0.44993726718750005 0.558308528125
1 0.5022930875 0.5321376203125 0.49237200937500003 0.5289348453125 0.4831464890625 0.5290609515625 0.47426875312499994 0.5308514984375 0.4679582328125 0.533858853125 0.4567283171875 0.5465313296875001 0.453680571875 0.5540843718749999 0.454723915625 0.5590776984375 0.4605539109375 0.564840190625 0.46603612187500004 0.568938240625 0.4803960703125 0.5712457453125 0.5044620640625 0.5646572937500001 0.511948675 0.5562089765625 0.513124765625 0.5507680140625 0.511385859375 0.5424458046875 0.5022930875 0.5321376203125
2 0.44280385781250003 0.33598568125 0.4434994203125 0.3393145640625 0.4486338515625 0.341748175 0.48366427031250003 0.343355825 0.48740757500000004 0.33913166562499997 0.48566866875 0.33080945625 0.477271459375 0.32383015937500004 0.4699175953125 0.32184418593749997 0.45438155625 0.32497764687499997 0.45029046875 0.3275373640625 0.44280385781250003 0.33598568125
2 0.3728066859375 0.4437710375 0.363796203125 0.455995875 0.364491765625 0.459324759375 0.37323675624999997 0.4679685 0.37837118593749997 0.47040210781249997 0.3828100546875 0.469506834375 0.3865533609375 0.4652826765625 0.39382493749999997 0.44473562656250004 0.393129375 0.44140674375 0.38799494375 0.43897313281250006 0.376897771875 0.44121131875 0.3728066859375 0.4437710375
2 0.42683232968749996 0.5473572859375 0.43675340937499996 0.5505600640625 0.45450888125000005 0.5469789671874999 0.4657387984375 0.534306490625 0.46469545468750006 0.529313165625 0.4595610234375 0.52687955625 0.4262695109375 0.5335941140625 0.4221784265625 0.5361538296874999 0.4239173328125 0.544476040625 0.42683232968749996 0.5473572859375
2 0.4908985921875 0.49974405624999996 0.489374721875 0.5035205781250001 0.491461409375 0.513507228125 0.49437640624999996 0.5163884765625 0.5068647015625001 0.5208080578125001 0.52018130625 0.518122234375 0.5220529593750001 0.5160101546875 0.520661834375 0.5093523859375 0.5057390703125 0.49328171249999997 0.503171853125 0.49206490625 0.49651355312499995 0.49340781875 0.4908985921875 0.49974405624999996
2 0.5377217437499999 0.5024424046875 0.544727828125 0.502763934375 0.55804443125 0.5000781125 0.5617877375 0.49585395468750004 0.561092175 0.49252506875 0.5369438921875 0.47658050156250004 0.52806615625 0.47837104999999996 0.52467063125 0.48425965 0.5271051015625 0.4959107453125 0.5377217437499999 0.5024424046875