0 0.8203125 0.3541666671875 0.834375 0.3583333328125 0.840625 0.3583333328125 0.8515625 0.3479166671875 0.8515625 0.3333333328125 0.8453125 0.3145833328125 0.8171875 0.28958333281250004 0.80625 0.2854166671875 0.7953125 0.2854166671875 0.7859375 0.2958333328125 0.7828125 0.30416666718749996 0.78125 0.3125 0.7828125 0.32083333281250004 0.7984375 0.3416666671875 0.8203125 0.3541666671875
0 0.703125 0.5541666671875001 0.7109375 0.5458333328125 0.725 0.51875 0.73125 0.4916666671875 0.7296875 0.47083333281249995 0.715625 0.4604166671875 0.7046875 0.4625 0.7 0.46666666718750005 0.6921875 0.4791666671875 0.6765625 0.51875 0.675 0.5416666671875 0.678125 0.5479166671875 0.6875 0.55625 0.703125 0.5541666671875001
0 0.3875 0.6625 0.409375 0.6520833328125 0.43125 0.6354166671875 0.4390625 0.6208333328125 0.4390625 0.6083333328125 0.4375 0.6 0.434375 0.5958333328125 0.428125 0.5916666671875 0.41875 0.5916666671875 0.39375 0.6041666671875 0.3703125 0.625 0.3671875 0.6333333328124999 0.36875 0.65 0.3765625 0.6604166671875 0.3875 0.6625
1 0.56875 0.3395833328125 0.5796875 0.34375 0.5859375 0.3416666671875 0.5953125 0.3333333328125 0.5984375 0.3229166671875 0.5984375 0.3104166671875 0.596875 0.30416666718749996 0.590625 0.29375 0.5828125 0.28958333281250004 0.575 0.28958333281250004 0.5703125 0.2916666671875 0.5609375 0.30416666718749996 0.559375 0.3104166671875 0.559375 0.3229166671875 0.5625 0.33125 0.56875 0.3395833328125
1 0.5390625 0.5895833328125 0.5484375 0.59375 0.553125 0.59375 0.5625 0.5875 0.565625 0.5791666671875 0.5671875 0.5666666671875 0.5640625 0.5520833328125 0.5578125 0.54375 0.553125 0.5416666671875 0.540625 0.5416666671875 0.5375 0.54375 0.53125 0.5541666671875001 0.5296875 0.5604166671875 0.5296875 0.575 0.5328125 0.5833333328125 0.5390625 0.5895833328125
0 0.5 0.375 0.5078125 0.375 0.5140625 0.3708333328125 0.534375 0.3333333328125 0.540625 0.3145833328125 0.5421875 0.3020833328125 0.540625 0.2916666671875 0.53125 0.28125 0.5203125 0.28125 0.5078125 0.2958333328125 0.4953125 0.32083333281250004 0.4875 0.3416666671875 0.4875 0.3583333328125 0.49375 0.3708333328125 0.5 0.375
2 0.4421875 0.3625 0.4515625 0.3583333328125 0.4546875 0.3541666671875 0.4578125 0.3416666671875 0.45625 0.33541666718749996 0.4484375 0.33541666718749996 0.4328125 0.34375 0.4296875 0.3479166671875 0.4296875 0.35208333281250004 0.4359375 0.3604166671875 0.4421875 0.3625
1 0.6796875 0.4166666671875 0.6875 0.42083333281249996 0.6921875 0.42083333281249996 0.70625 0.40208333281249997 0.709375 0.3916666671875 0.709375 0.3854166671875 0.703125 0.36875 0.696875 0.3645833328125 0.6828125 0.3645833328125 0.6765625 0.36875 0.671875 0.3770833328125 0.6703125 0.38125 0.6703125 0.39791666718749996 0.6734375 0.40833333281249995 0.6796875 0.4166666671875
2 0.5765625 0.4291666671875 0.5859375 0.43125 0.5890625 0.4270833328125 0.5890625 0.425 0.584375 0.40625 0.5796875 0.39375 0.575 0.39375 0.5703125 0.4 0.56875 0.40416666718750005 0.56875 0.4166666671875 0.571875 0.425 0.5765625 0.4291666671875
2 0.6640625 0.43125 0.6703125 0.43125 0.6734375 0.4270833328125 0.675 0.41875 0.6734375 0.41041666718750003 0.66875 0.39375 0.6671875 0.3916666671875 0.6609375 0.3916666671875 0.6578125 0.3958333328125 0.6578125 0.41041666718750003 0.659375 0.41875 0.6640625 0.43125
2 0.678125 0.45416666718750004 0.6828125 0.45208333281249996 0.6859375 0.45 0.690625 0.43958333281249995 0.690625 0.4291666671875 0.6875 0.42291666718750004 0.68125 0.42083333281249996 0.6640625 0.44166666718750003 0.6625 0.4458333328125 0.665625 0.45 0.671875 0.45416666718750004 0.678125 0.45416666718750004
2 0.4515625 0.6291666671875 0.45625 0.6291666671875 0.4609375 0.6229166671875 0.4625 0.6145833328125 0.4578125 0.5979166671875 0.453125 0.59375 0.4421875 0.59375 0.440625 0.5958333328125 0.440625 0.6 0.45 0.6270833328125 0.4515625 0.6291666671875