0 0.465857146875 0.21094149999999998 0.47139765 0.2168915921875 0.48088008281250005 0.21875054062500002 0.51694481875 0.21447155625 0.5578567359375 0.1973616984375 0.5686168125 0.1783941109375 0.56978849375 0.1713279203125 0.5662189546875 0.16333225625 0.5542326984375 0.16017180312499998 0.511722209375 0.167240425 0.4685729 0.18472231562500002 0.4639921453125 0.1992267265625 0.465857146875 0.21094149999999998
0 0.24099752031250002 0.21225638593750001 0.2275731546875 0.21448858125 0.208502321875 0.22453103125 0.1949719921875 0.24052357500000002 0.1878874171875 0.25372648125 0.18160212656250002 0.271950003125 0.1829342703125 0.2803176984375 0.18847477343750002 0.286267790625 0.2009938890625 0.2927753234375 0.221396865625 0.29110056875 0.2298135828125 0.2862653578125 0.24558130625 0.2699007828125 0.255808528125 0.2475861171875 0.2559144921875 0.23382577031250001 0.2537830625 0.2204374578125 0.24099752031250002 0.21225638593750001
0 0.3378049609375 0.5173955265625 0.33135920625000004 0.5201851640624999 0.3234753453125 0.5283674515625 0.3233693796875 0.542127796875 0.34910093125 0.5739238249999999 0.36241933125000003 0.585451975 0.3744055890625 0.588612428125 0.38362159375 0.5887978390625 0.396246671875 0.5815450249999999 0.40386410625 0.571689196875 0.40226553281250005 0.5616479625 0.392622634375 0.5443551296875 0.37072705 0.5222283015625 0.35346672031250004 0.514791296875 0.3378049609375 0.5173955265625
0 0.22849357656249997 0.5664929015625 0.23009215 0.5765341359375 0.235632653125 0.582484225 0.2746281015625 0.596614171875 0.2983341859375 0.6012615421875 0.3164997703125 0.5999588203124999 0.33136224062499997 0.5923339734375 0.336475853125 0.5811766390625001 0.3354101375 0.5744824828125 0.3248619890625 0.565929378125 0.2671680984375 0.5497550765625 0.26018948750000004 0.5491976359375 0.23584458125 0.554963534375 0.22849357656249997 0.5664929015625
1 0.5632489125 0.47647314218750003 0.55323361875 0.4712671171875 0.530859678125 0.47498744375 0.524413925 0.47777708125 0.516263634375 0.4842858296875 0.5128545609375 0.4917240515625 0.514985990625 0.5051123640624999 0.52052649375 0.51106245625 0.53027535625 0.5145949437499999 0.535016575 0.5155244171875 0.5529157265625 0.51254815625 0.5613324453125 0.507712946875 0.568949878125 0.49785711875 0.5703879859375001 0.49246446875 0.5687894140624999 0.482423234375 0.5632489125 0.47647314218750003
1 0.5914721468749999 0.2209754390625 0.583960678125 0.2170709203125 0.5769820671875 0.216513478125 0.5568455203125 0.21986177499999998 0.5503997671875 0.22265141093750002 0.5405449375 0.2328792703125 0.5374022953125001 0.24199103125 0.5415046890624999 0.253333775 0.556794053125 0.2628163515625 0.566010059375 0.263001759375 0.5771970296875 0.2611415953125 0.5875847140625 0.2542608140625 0.5932311828125 0.246450559375 0.5963738281250001 0.2373388 0.594508825 0.2256240234375 0.5914721468749999 0.2209754390625
1 0.382861634375 0.25222740312499997 0.3733792 0.2503684578125 0.3552136203125 0.2516711796875 0.34455950625 0.256878421875 0.33667564375 0.26506070937500004 0.3360368234375 0.2754739765625 0.3421101828125 0.284771146875 0.34988808125 0.29034920625 0.3571331203125 0.292580184375 0.3685865203125 0.2923935609375 0.3817444546875 0.288487825 0.3896283171875 0.2803055359375 0.391332853125 0.2765864265625 0.39090596093749996 0.25947900156250003 0.38786928125000003 0.2548304171875 0.382861634375 0.25222740312499997
2 0.44856355625 0.6793519296875 0.4513338078125 0.682326975 0.46108267031250005 0.6858594625000001 0.4680612828125 0.6864169015625 0.48121921875 0.68251116875 0.48910307968750005 0.67432888125 0.49054118906250005 0.6689362296875 0.4894754734375 0.662242071875 0.484467828125 0.6596390609375 0.47999303906249996 0.660383125 0.45197262968749996 0.6719137078124999 0.4480306984375 0.67600485 0.44856355625 0.6793519296875
2 0.33136224062499997 0.5923339734375 0.33216152656250003 0.597354590625 0.3377020296875 0.60330468125 0.3474508921875 0.60683716875 0.3586378640625 0.6049770046875 0.3648171890625 0.600513828125 0.36428433125000004 0.59716675 0.3557071484375 0.5865680734375001 0.35016664531249997 0.5806179828125 0.342655178125 0.5767134625 0.3404177828125 0.5770854953125 0.336475853125 0.5811766390625001 0.33136224062499997 0.5923339734375
2 0.49261204999999997 0.508832690625 0.50363855625 0.49153864374999995 0.5028392703125 0.48651802499999997 0.500335446875 0.48521652031249995 0.48243629375 0.4881927828125 0.47231503906250005 0.496747103125 0.4706105015625 0.5004662125 0.4724755015625 0.5121809875000001 0.4777495765625 0.516457540625 0.4847281875 0.5170149796875 0.49261204999999997 0.508832690625
2 0.5308021453125 0.373644403125 0.5271266421874999 0.3794090859375 0.5276594984375 0.3827561640625 0.5326671453125 0.385359178125 0.5538694078125 0.3887050390625 0.5608480203124999 0.3892624796875 0.5675602 0.38814638125 0.5695311671875001 0.38610081093750004 0.567666165625 0.374386034375 0.5648959140625001 0.371410990625 0.5598882671875 0.3688079765625 0.550405834375 0.3669490296875 0.5414562593750001 0.36843716249999997 0.5308021453125 0.373644403125