0 0.7625 0.575 0.7640625 0.5479166671875 0.7578125 0.5375 0.7390625 0.5333333328125 0.715625 0.5416666671875 0.696875 0.5520833328125 0.6921875 0.55625 0.6890625 0.5645833328125 0.6875 0.5791666671875 0.696875 0.59375 0.71875 0.5958333328125 0.7625 0.575
0 0.56875 0.6479166671875001 0.5796875 0.65 0.6140625 0.6479166671875001 0.621875 0.6458333328125 0.63125 0.6354166671875 0.63125 0.6145833328125 0.6203125 0.6 0.6125 0.5979166671875 0.571875 0.6 0.565625 0.6020833328124999 0.559375 0.6083333328125 0.55625 0.6166666671875001 0.55625 0.63125 0.5578125 0.6375 0.56875 0.6479166671875001
0 0.4640625 0.3854166671875 0.4796875 0.38333333281250004 0.4859375 0.3729166671875 0.4859375 0.35208333281250004 0.4671875 0.3125 0.4546875 0.2958333328125 0.45 0.29375 0.4421875 0.29375 0.4328125 0.3020833328125 0.43125 0.3270833328125 0.4375 0.34375 0.45 0.36666666718749996 0.4640625 0.3854166671875
1 0.528125 0.4770833328125 0.5203125 0.4625 0.5046875 0.4625 0.49375 0.4770833328125 0.4984375 0.50625 0.5140625 0.5125 0.525 0.5041666671875 0.528125 0.4770833328125
0 0.528125 0.33541666718749996 0.578125 0.3333333328125 0.584375 0.325 0.5875 0.3166666671875 0.5875 0.3 0.578125 0.2875 0.534375 0.2875 0.521875 0.2916666671875 0.5171875 0.2979166671875 0.515625 0.3020833328125 0.515625 0.32083333281250004 0.5234375 0.3333333328125 0.528125 0.33541666718749996
1 0.6453125 0.45208333281249996 0.6484375 0.4270833328125 0.6390625 0.4125 0.621875 0.41041666718750003 0.6125 0.42291666718750004 0.6109375 0.4458333328125 0.6171875 0.45625 0.634375 0.4604166671875 0.6453125 0.45208333281249996
2 0.603125 0.6854166671875 0.609375 0.68125 0.609375 0.6729166671875 0.6078125 0.66875 0.6 0.6625 0.5921875 0.6625 0.5875 0.6645833328124999 0.584375 0.66875 0.58125 0.6770833328125 0.58125 0.6833333328125 0.5828125 0.6854166671875 0.603125 0.6854166671875
2 0.6484375 0.66875 0.6515625 0.6666666671875 0.665625 0.6458333328125 0.665625 0.6375 0.6625 0.6333333328124999 0.6578125 0.63125 0.653125 0.6333333328124999 0.64375 0.6479166671875001 0.640625 0.6541666671875 0.640625 0.6625 0.64375 0.6666666671875 0.6484375 0.66875
1 0.6598265624999999 0.40625 0.6629515625 0.3791666671875 0.6551390625 0.3645833328125 0.6395140625 0.3583333328125 0.6254515625 0.375 0.6238890625 0.39375 0.6317015625 0.40833333281249995 0.6488890625 0.4145833328125 0.6598265624999999 0.40625
2 0.6765625 0.42291666718750004 0.6796875 0.42083333281249996 0.6859375 0.4125 0.6859375 0.39791666718749996 0.684375 0.39375 0.6796875 0.39375 0.6671875 0.40416666718750005 0.659375 0.4145833328125 0.659375 0.4166666671875 0.665625 0.42291666718750004 0.6765625 0.42291666718750004
2 0.64375 0.35625 0.6484375 0.3458333328125 0.6484375 0.3333333328125 0.646875 0.3270833328125 0.6421875 0.3229166671875 0.6390625 0.325 0.628125 0.3458333328125 0.6265625 0.35 0.6265625 0.3604166671875 0.6359375 0.3604166671875 0.64375 0.35625
2 0.5828125 0.3645833328125 0.590625 0.36875 0.5984375 0.36666666718749996 0.6 0.3645833328125 0.6 0.3583333328125 0.5890625 0.3395833328125 0.584375 0.33541666718749996 0.5796875 0.3375 0.578125 0.3416666671875 0.578125 0.35625 0.5796875 0.3604166671875 0.5828125 0.3645833328125