0 0.214431134375 0.32249805781249996 0.2233972359375 0.3104386453125 0.22528875781250002 0.2993221109375 0.22253638125 0.28502195 0.205852296875 0.2611709015625 0.1813370265625 0.2427093453125 0.1629222703125 0.23918816406249999 0.151364640625 0.2461607484375 0.1447726140625 0.2747436296875 0.14995567031249998 0.2849172859375 0.184297896875 0.3167361265625 0.1922899375 0.32055996875 0.214431134375 0.32249805781249996
0 0.15925527343749998 0.6264508671875 0.1700562953125 0.6239248984375 0.1803181609375 0.6144089 0.1851795171875 0.6061558859375 0.1861535796875 0.5902726328125001 0.1752483125 0.5629352921875 0.1548377875 0.5406673375 0.13847540625000002 0.5352429578125 0.12729608125 0.5399922359375 0.1228130296875 0.546021940625 0.1219998171875 0.5711185296875 0.131231015625 0.5981357625 0.148293403125 0.619763503125 0.15925527343749998 0.6264508671875
0 0.48776895312499996 0.5446420609375 0.51590641875 0.5316572140625 0.526546590625 0.5199179125 0.5289772671875 0.5157914046875 0.5303296359375 0.49768484375 0.523850815625 0.484967775 0.510836571875 0.48018360937500004 0.50003555 0.48270957656249996 0.46239282656249997 0.5007638078125 0.45137435156250005 0.51472641875 0.449104525 0.5280662609375 0.45315266718749997 0.5449098359375 0.4641145375 0.5515972 0.48776895312499996 0.5446420609375
0 0.30849171875 0.430013990625 0.3107049421875 0.43732412500000006 0.31664460625 0.44305116718750004 0.3309546171875 0.4503787453125 0.370753959375 0.46028462656249997 0.3798809125 0.4574385515625 0.38603803124999997 0.45172895156250004 0.3914951453125 0.42981599218750005 0.3879861578125 0.4199624421875 0.3790766578125 0.4113718796875 0.36644071875 0.40436440781250005 0.33166358125 0.39541884843749997 0.322914934375 0.39604161875 0.3130313734375 0.40333430937500003 0.3098440859375 0.411907428125 0.30849171875 0.430013990625
1 0.20712118125 0.47720409531249997 0.21549152343750003 0.47880463281249996 0.23115389999999997 0.46802564843749994 0.23601525625000003 0.45977263749999997 0.237906778125 0.448656103125 0.2373676234375 0.4416660765625 0.23218456718749997 0.43149241875 0.22624490000000003 0.42576537812500004 0.2095042140625 0.42256430468749995 0.2057777734375 0.424147396875 0.1988640453125 0.434303609375 0.195081 0.456536678125 0.197833378125 0.4708368375 0.20712118125 0.47720409531249997
1 0.46370651093750004 0.3609807015625 0.464245665625 0.3679707296875 0.46645889062499996 0.3752808640625 0.47331601562500003 0.38577462812499996 0.4883826328125 0.3886555921875 0.49826619375 0.3813629015625 0.5031275484375 0.373109890625 0.5063148359375 0.3645367703125 0.506153984375 0.35532343593750004 0.505236525 0.3505567140625 0.49578787343749997 0.334976121875 0.489469903125 0.33147238749999997 0.48072125468750004 0.3320951578125 0.4708376921875 0.33938784843750003 0.4659763375 0.3476408609375 0.46370651093750004 0.3609807015625
1 0.4079141296875 0.41459039531249997 0.4006220984375 0.426969915625 0.3998654890625 0.4314165265625 0.40132210312499994 0.4431732765625 0.4061268546875 0.45557023750000003 0.4137405875 0.46161738906250005 0.4221109328125 0.46321792500000003 0.42751144218750003 0.4619549390625 0.4357209359375 0.4543421421875 0.440582290625 0.44608912968750003 0.44323042343749997 0.4305259828125 0.44139550468750005 0.420992540625 0.4388039765625 0.4159057125 0.43453837812499996 0.4104987765625 0.42319820156250004 0.4060347203125 0.41779769218749996 0.4072977046875 0.4079141296875 0.41459039531249997
2 0.46216641249999996 0.583363709375 0.4556309890625 0.5912966140625 0.45260455312500003 0.60908306875 0.45352201093750005 0.6138497890625 0.45649184375 0.616713309375 0.46021828437499995 0.6151302171874999 0.47906794843749995 0.5957781140625 0.48225523593749997 0.5872049953125 0.47631557031250005 0.5814779531250001 0.4696192953125 0.5801975234375 0.46216641249999996 0.583363709375
2 0.4819901390625 0.5481283515625 0.4786420015625 0.5474881375 0.4549875859375 0.554443278125 0.45088283906250004 0.5582496765625 0.450504534375 0.5604729828125 0.454013521875 0.57032653125 0.458657425 0.5735101609375 0.46702776718749994 0.575110696875 0.470754209375 0.5735276046875 0.47934200625 0.5636915 0.48328590312499997 0.5506717671875 0.4819901390625 0.5481283515625
2 0.47168958906249997 0.43596780625 0.4776292546875 0.4416948484375 0.489347734375 0.4439355984375 0.4971789234375 0.43854610625 0.49960960156249995 0.4344196 0.5015011234375 0.42330306718750005 0.47304195625 0.4178612453125 0.47098958281250003 0.41976444375 0.4702329734375 0.42421105625 0.47168958906249997 0.43596780625
2 0.5308867109375 0.36234835 0.52716026875 0.3639314421875 0.5230555234375001 0.3677378421875 0.5181941671875 0.37599085468750004 0.51835501875 0.3852041890625 0.535095703125 0.3884052609375 0.5471924890625 0.3884227046875 0.5503797765625 0.3798495859375 0.549462315625 0.375082865625 0.542605190625 0.3645891015625 0.5308867109375 0.36234835