0 0.3955924890625 0.40108944375 0.3922295390625 0.457097659375 0.3996674171875 0.48128502968750003 0.410800271875 0.49005198281249995 0.4203697328125 0.49208874218750004 0.4254860546875 0.4906187203125 0.4336341703125 0.4787050875 0.43713916875000003 0.4154766703125 0.43467556093750004 0.39703948125 0.42813789687500003 0.384559109375 0.42145818437499993 0.3792989375 0.4067724015625 0.37873219687500004 0.400992903125 0.385179021875 0.3955924890625 0.40108944375
1 0.653922646875 0.6595109734375 0.64932745625 0.6632243953125 0.6434059109375 0.67689141875 0.6427427328124999 0.6818682218750001 0.6474329125 0.702058803125 0.6501806125 0.706055590625 0.6613134671875 0.7148225453125 0.6652454796875 0.7160859281249999 0.6788890000000001 0.712165871875 0.68177875 0.7089424609375 0.6882214234374999 0.6975188328125 0.688884603125 0.6925420296875 0.68367329375 0.6701080515625 0.6804044609375001 0.663867865625 0.6697927390625 0.657344309375 0.6641552859375001 0.65657093125 0.653922646875 0.6595109734375
1 0.4738074375 0.534170121875 0.47011246093750003 0.5495905375000001 0.47323924531249995 0.5630509234375001 0.47925578125 0.5732879015625 0.48645662500000003 0.5807914703125 0.4903886359375 0.5820548546875 0.50403215625 0.5781347968749999 0.5098116546875 0.5716879734375 0.5135066296875 0.55626755625 0.5093375828125 0.538320371875 0.50658988125 0.5343235843749999 0.49768359687499997 0.5273100234375 0.4937515859375 0.5260466390625 0.47669718593750005 0.530946709375 0.4738074375 0.534170121875
0 0.408385465625 0.6127953953125 0.4142599515625 0.6302525703125 0.42880368750000003 0.6380395125 0.4390363265625 0.63509946875 0.450737371875 0.6149856203125 0.4630066078125 0.5659909671875 0.45897960781249997 0.5408235828125 0.454005334375 0.5350734046875 0.443914740625 0.5307932453124999 0.43368209999999996 0.5337332875 0.4238285421875 0.5461369296874999 0.4086695609375 0.5983549953125 0.408385465625 0.6127953953125
0 0.463480678125 0.599358565625 0.46215432187500005 0.609312171875 0.46959220156250003 0.633499540625 0.48607841250000006 0.6574802734375 0.50768094375 0.679990984375 0.5172504046874999 0.6820277453125 0.524072165625 0.6800677171875 0.5286673546875 0.6763542984375001 0.5334045921875 0.6654206765625 0.5298987234375 0.6424966890625 0.5206133546875 0.626019528125 0.485793446875 0.5857682718749999 0.47162879531249996 0.5874449312500001 0.463480678125 0.599358565625
1 0.6762816015625 0.5286440796874999 0.6710232359375 0.5373343015625001 0.669696878125 0.5472879078124999 0.6738659250000001 0.565235090625 0.6766136281249999 0.5692318796875 0.6860410421875 0.5784888390625 0.6899730515625 0.579752221875 0.707027453125 0.5748521515625 0.7099172031250001 0.5716287390625 0.714654440625 0.560695121875 0.7147964859375 0.5534749203125 0.7106274390625 0.5355277359375 0.7051320375000001 0.527534159375 0.698452325 0.5222739859375001 0.6854719828125 0.521217240625 0.6762816015625 0.5286440796874999
0 0.55424895625 0.669004190625 0.5589391328125 0.689194771875 0.5699299390625 0.705181925 0.6037075890625 0.7409463859375001 0.6115716109375 0.7434731546875 0.6183933703125 0.741513125 0.625878309375 0.7345762921875 0.6294312375 0.726376078125 0.62592536875 0.70345209375 0.6144134296875 0.685221540625 0.5895420671875 0.65647064375 0.5744772015625 0.6464403046875 0.5625391203125 0.6498703546875 0.55424895625 0.669004190625
2 0.501996434375 0.7103418078125 0.507112753125 0.7088717875 0.5260146421874999 0.69626150625 0.5271989515625 0.6935281015625 0.525114428125 0.6845545125 0.52288785625 0.6828011203125001 0.50768094375 0.679990984375 0.5013803140624999 0.684194409375 0.49664307812499997 0.6951280296875 0.4965010296875 0.7023482296875 0.4980644234375 0.709078425 0.501996434375 0.7103418078125
2 0.454573525 0.5061926 0.4610162 0.49476897500000006 0.4616793796875 0.489792171875 0.4580314625 0.47408838593749997 0.4530571890625 0.46833820625 0.4491251796875 0.4670748234375 0.44230341875 0.46903485156249997 0.4389875265625 0.493918865625 0.44211431250000005 0.507379253125 0.44434088281250006 0.50913264375 0.454573525 0.5061926
2 0.5698314703125 0.33666831875000003 0.57324235 0.3356883046875 0.5802061562499999 0.3265080734375 0.5902017625 0.306884234375 0.5886383687500001 0.30015403906250004 0.584185228125 0.2966472578125 0.580253215625 0.295383875 0.5700205765625 0.2983239171875 0.5635778984375001 0.30974754375 0.5629147203125 0.314724346875 0.5676048984375 0.3349149265625 0.5698314703125 0.33666831875000003
2 0.71536380625 0.4384417140625 0.7349288734375 0.4208546328125 0.7361131828125 0.41812122812499997 0.7340286593750001 0.40914763593750003 0.7256435046874999 0.404377471875 0.711999984375 0.40829752812500003 0.7091102359375 0.411520940625 0.70489413125 0.424697959375 0.7080209156249999 0.4381583453125 0.7102474875 0.4399117375 0.71536380625 0.4384417140625
2 0.77254615625 0.69243568125 0.7754359046875 0.6892122703125 0.7796520109375 0.676035253125 0.776525225 0.6625748640625 0.7691823328125 0.6622914953125 0.7473906968749999 0.6781251859374999 0.7494752203124999 0.687098778125 0.7583815031250001 0.694112340625 0.7623135140625 0.695375725 0.77254615625 0.69243568125