0 0.43323385468750003 0.3393736234375 0.44041433750000003 0.34335605937499997 0.44486333125 0.3444471140625 0.4695293359375 0.3416100421875 0.48357984531250003 0.3383911828125 0.511004871875 0.3288256609375 0.5254209109375 0.317550875 0.5251104546875001 0.30636714375 0.521702978125 0.30034796406250003 0.51179100625 0.29347415 0.46417650468750005 0.29734797031250004 0.4542369984375 0.3000939859375 0.4350339703125 0.308713815625 0.4264464390625 0.317715434375 0.42743288437500004 0.3320269640625 0.43323385468750003 0.3393736234375
0 0.6476192484375 0.2201512828125 0.66578075625 0.2164595765625 0.6760857953125 0.20565763593750003 0.67509935 0.1913461046875 0.6553029453125 0.16797864843750002 0.637872496875 0.1555584984375 0.61802101875 0.1514307 0.6039705109375 0.154649559375 0.5974384781250001 0.1634147546875 0.6008184171875001 0.1790537640625 0.6052398765625 0.18976464843750002 0.6192353109375001 0.20578544375000002 0.6476192484375 0.2201512828125
0 0.5851006015625 0.5254586375 0.6018825984375 0.52513115625 0.6097666046875 0.5226215640625 0.6242101796874999 0.50172695 0.6342322984375001 0.47012145 0.6294728468749999 0.457846665625 0.6222923640625 0.45386423125 0.6092833734374999 0.452154965625 0.593515359375 0.4571741484375 0.586645334375 0.46437544375 0.572174221875 0.4948898875 0.571443159375 0.5110017421874999 0.5751886296875 0.5185848234375 0.5851006015625 0.5254586375
0 0.6491866421875 0.51007360625 0.6570431125 0.51718384375 0.672445596875 0.5202205875 0.6885516046875 0.516765303125 0.7183976640624999 0.49890743281249994 0.736248715625 0.48403199687500004 0.7386697468750001 0.47573964999999996 0.736979778125 0.46792014374999996 0.7267298140625 0.4594824296875 0.7058368140625 0.46028275625 0.6941798015625 0.46482909375 0.6681067484375001 0.48065021874999997 0.6519732031250001 0.49372532812500003 0.647496671875 0.5022541015625 0.6491866421875 0.51007360625
1 0.4300342421875 0.500019325 0.4389322328125 0.5022014359375 0.45537623437499997 0.5003100546875 0.46086674843750003 0.496472984375 0.4691162859375 0.485907465625 0.466412334375 0.47339625625000004 0.46094935625 0.4676135 0.4517133734375 0.46386748593749993 0.443153378125 0.463249278125 0.42876487812499997 0.46490423593749997 0.42293636875 0.4671774046875 0.415024825 0.479306825 0.41705278906250004 0.48869022968750003 0.42524725625000004 0.49736436875 0.4300342421875 0.500019325
1 0.5768435109375 0.4190223171875 0.5816304984375 0.42167727343749994 0.6021855015625001 0.419313046875 0.6097315156249999 0.415239553125 0.6162635453124999 0.40647435937500004 0.6169670703125 0.39998233125 0.6128836062499999 0.39083535 0.607758625 0.3866164921875 0.6029716359374999 0.38396153593750004 0.594073646875 0.3817794234375 0.57557414375 0.383907228125 0.5697456375 0.38618039843749996 0.5642275875 0.3996372953125 0.5665935453125 0.4105846015625 0.5768435109375 0.4190223171875
1 0.5284979484375001 0.43900799218750003 0.53773393125 0.44275400468750004 0.546293925 0.443372215625 0.5545159265625 0.44242652343750005 0.5603444343749999 0.4401533546875 0.5706494734375 0.4293514125 0.5734084968750001 0.422622965625 0.5723945140625 0.41793126249999996 0.5669315390625 0.41214850312499995 0.56180655625 0.407929646875 0.5484595718749999 0.40465647968749996 0.5261870640625 0.4088210296875 0.5193170375 0.41602232499999997 0.51827551875 0.42095045000000003 0.5199654890625001 0.4287699546875 0.5284979484375001 0.43900799218750003
2 0.5855012234375 0.624784721875 0.584825234375 0.6216569187500001 0.5800382453124999 0.6190019625 0.547515771875 0.6147288 0.5440807609375 0.618329446875 0.545770728125 0.6261489499999999 0.5536271984375001 0.6332591875 0.5604696875 0.6356777203124999 0.5748581890625 0.6340227609375 0.578631196875 0.631986015625 0.5855012234375 0.624784721875
2 0.6494695625 0.5308771640625001 0.6577191015625 0.52031164375 0.6570431125 0.51718384375 0.648848646875 0.50850970625 0.6440616609375 0.5058547484375 0.639950659375 0.50632759375 0.6365156453124999 0.5099282421875 0.6299560765625001 0.528313265625 0.630632065625 0.5314410671875 0.6354190546875 0.534096025 0.6456965546875 0.5329139109375001 0.6494695625 0.5308771640625001
2 0.5983849578125 0.430969621875 0.589148975 0.42722360937500004 0.572704971875 0.429114990625 0.562399934375 0.4399169328125 0.5634139171875 0.4446086359375 0.5682009046875 0.4472635921875 0.5990334078124999 0.44371725 0.602806415625 0.4416805046875 0.6011164453125 0.433861 0.5983849578125 0.430969621875
2 0.5393688265625001 0.46981316562500003 0.5407483390625 0.46644894062500003 0.538720375 0.45706553593750004 0.5359888875000001 0.45417415625 0.5243594093749999 0.44910066718749997 0.5120264078125001 0.450519203125 0.5103089015625 0.45231952499999994 0.5116608765625 0.4585751296875 0.5256563125 0.474595928125 0.5280498062500001 0.4759234046875 0.5342163078125 0.4752141359375 0.5393688265625001 0.46981316562500003
2 0.49589286250000003 0.46359431406249996 0.4893883671875 0.46273968125 0.47705536718749997 0.4641582171875 0.473620353125 0.4677588640625 0.47429634062500003 0.470886665625 0.49685177031250005 0.48752567343750003 0.505073771875 0.4865799828125 0.508170790625 0.481415434375 0.505804834375 0.47046812656250003 0.49589286250000003 0.46359431406249996