0 0.3593301578125 0.46430370156249995 0.361145478125 0.455249103125 0.3571741421875 0.4407639703125 0.34911819374999997 0.4314107625 0.34049499375000003 0.42869734531250003 0.2976061234375 0.4368598140625 0.2830829921875 0.4483329203125 0.2803600140625 0.461914815625 0.2820620546875 0.47247727968750003 0.2904584109375 0.4839429796875 0.29908161093749996 0.48665639531249993 0.3216606921875 0.4845364984375 0.3467359109375 0.47758698749999995 0.3593301578125 0.46430370156249995
0 0.6499081062500001 0.42859736562500006 0.6449155453125 0.407774753125 0.6384480734375 0.39811923125000004 0.63141335 0.3951035015625 0.6171170609375001 0.39782432343749996 0.6083805812499999 0.41472796718750005 0.6159831328125 0.47206757968749996 0.6202948765625 0.48866520781249995 0.628350825 0.4980184140625 0.646164478125 0.49680545781249996 0.6539932937499999 0.4844291125 0.6558086140625 0.4753745140625 0.6499081062500001 0.42859736562500006
1 0.5125058828125 0.561433925 0.5168173406250001 0.5475497140625001 0.514094071875 0.5306497734375 0.509555484375 0.52280443125 0.5002514671875 0.5158660296875001 0.48595517812500005 0.5185868515625 0.479034021875 0.526435896875 0.4768782921875 0.5333780015625 0.47665145000000003 0.5421302859375 0.4790343078125 0.556917734375 0.48164400937499996 0.5629528984375 0.48550177968749997 0.5665732546875 0.492536503125 0.5695889859375 0.5052443171875 0.5671704765625 0.5125058828125 0.561433925
0 0.4581549671875 0.325745403125 0.44726247499999994 0.3191093125 0.43614313750000006 0.321225509375 0.42956238750000003 0.3311870484375 0.4198049734375 0.37223505 0.4177628109375 0.39004193125 0.42082648593750005 0.40905436249999994 0.4288824359375 0.418407571875 0.44510760937500005 0.4174969296875 0.45418449531249994 0.4027057765625 0.46348793749999995 0.34868050625 0.4581549671875 0.325745403125
0 0.4244562625 0.299499659375 0.42876771874999997 0.28561544843750003 0.42570404218749996 0.2666030171875 0.42343475 0.2626803453125 0.4109537796875 0.25634657031249997 0.386786221875 0.25876878125 0.36171100312500004 0.26571829375 0.35320136875 0.2738696546875 0.35138605 0.2829242515625 0.3541093171875 0.299824190625 0.3605767890625 0.3094797125 0.369540396875 0.314305621875 0.39529643124999997 0.3115810953125 0.41560621875 0.3055385265625 0.4244562625 0.299499659375
1 0.46519517656250003 0.296730153125 0.46247190937499993 0.2798302125 0.457933321875 0.27198487031249996 0.44704082968750003 0.26534878125 0.4403465140625 0.2644455421875 0.4295675859375 0.26867423125 0.425482971875 0.2738061578125 0.4245753125 0.27833345625 0.423440809375 0.2916130375 0.43739697812499995 0.317261559375 0.44919713124999994 0.31937034999999997 0.45521063125000005 0.316048603125 0.46428751718749994 0.3012574515625 0.46519517656250003 0.296730153125
1 0.360578803125 0.5228525703125 0.3576286921875 0.5147049125 0.3448073125 0.5062586453125 0.3289225453125 0.5092817828125 0.320526478125 0.5282979171875 0.32290933593750004 0.543085365625 0.32619985625000003 0.553345515625 0.3335749859375 0.5584737375 0.3510482296875 0.5551482890625 0.35547325 0.5521288546875 0.3617135921875 0.540054821875 0.36228084374999997 0.5334150296875 0.360578803125 0.5228525703125
2 0.6151873125 0.304568634375 0.6040679765625 0.30668483125 0.5974872265625 0.31664636874999996 0.598848859375 0.325096340625 0.6224491671875 0.32931391875 0.6272145984375 0.32840697812499997 0.62812225625 0.3238796796875 0.625172146875 0.3157320234375 0.6206335609375 0.307886678125 0.6151873125 0.304568634375
2 0.5843260140625001 0.3670512828125 0.57990099375 0.370070715625 0.57740485625 0.37490032812499996 0.575929946875 0.38606741875 0.5776319875 0.39662988125 0.5799012796875 0.4005525515625 0.5872764140625 0.4056807765625 0.5952187953125 0.4041692078125 0.59612645625 0.399641909375 0.5897722625 0.3703693265625 0.5843260140625001 0.3670512828125
2 0.54790634375 0.5677602921875 0.5341775921874999 0.5943231609375 0.5351988171875 0.6006606390625 0.5390565875 0.6042809953125 0.544162425 0.6054865484375 0.5494951078125 0.597939815625 0.5591392453124999 0.5765088734375 0.5565295421875 0.5704737078125001 0.5526717734375 0.5668533515624999 0.54790634375 0.5677602921875
2 0.41458700625 0.51257390625 0.4114100546875 0.5131785328125 0.40732544062500003 0.5183104578125 0.3941639421875 0.538233534375 0.394844759375 0.5424585203125 0.4002910046875 0.545776565625 0.408573796875 0.5463774890625 0.41708343125 0.538226128125 0.41980641093750004 0.5246442328125 0.4165158921875 0.5143840843749999 0.41458700625 0.51257390625