0 0.5937858890625 0.5938072265625001 0.6002043078125 0.59094224375 0.6126092203125 0.580377596875 0.6136448718749999 0.56706730625 0.59516511875 0.5345376390625 0.5877388609375 0.5261217 0.5762256234375001 0.5217644984375001 0.54793254375 0.528807559375 0.5423779843750001 0.541341903125 0.54309786875 0.5493997046875 0.5615776203125 0.5819293734375 0.5783296499999999 0.5951203203125 0.5937858890625 0.5938072265625001
0 0.4605124375 0.3471786296875 0.4696942328125 0.3503420796875 0.491424915625 0.34455244375 0.5013544078125001 0.33118248125 0.4989068 0.3037859609375 0.489896796875 0.2776428609375 0.4826145140625 0.270838484375 0.47138923125 0.2697044015625 0.45403348125000004 0.2746584234375 0.445715546875 0.2811643359375 0.4420605 0.29005775312500004 0.44378822187500006 0.3093964734375 0.45308618125000005 0.3387626921875 0.4605124375 0.3471786296875
0 0.6176287703125001 0.1385117625 0.6431306625000001 0.15003148125000002 0.6648613453125 0.1442418421875 0.6731792796875 0.13773592968749998 0.6784458859375 0.12197846406249999 0.675538534375 0.1143384734375 0.6582105984375 0.094701284375 0.6394150796875 0.08353970625 0.6280458203125 0.0807940625 0.6125895796874999 0.082107159375 0.6041276703125 0.087001509375 0.59814118125 0.0947011734375 0.599436971875 0.10920521406249999 0.6176287703125001 0.1385117625
1 0.48474144375000006 0.1950354859375 0.4963986578125 0.20100424687500001 0.5031050328125 0.2013623859375 0.5182733171875 0.1968261703125 0.524547759375 0.192349628125 0.5325777390625 0.1826205953125 0.53375736875 0.1709218671875 0.53099399375 0.16489343437499998 0.5216682234375 0.160118425 0.517149315625 0.15934248125 0.493087190625 0.163938365625 0.482581790625 0.17086208593750002 0.4806822796875 0.1745030109375 0.482122046875 0.1906186140625 0.48474144375000006 0.1950354859375
0 0.34419553281250004 0.19073773125 0.3599397234375 0.19264775781250001 0.37292054375 0.1885293515625 0.383281965625 0.179994071875 0.38503750000000003 0.174741584375 0.38097833593749997 0.15420910937500001 0.370644728125 0.13815317968750002 0.3509853453125 0.11732223906249999 0.341947528125 0.11577035 0.320072871875 0.11994842812499999 0.3078119359375 0.132124634375 0.30749616875 0.153492725 0.324968084375 0.174741471875 0.34419553281250004 0.19073773125
1 0.365044359375 0.4490051609375 0.3701391734375 0.456227346875 0.37727748125 0.46142016406249997 0.38412783125 0.46338986093749995 0.39739660468750004 0.462494575 0.406002490625 0.45921178281249997 0.4184074015625 0.44864713749999996 0.42206244843749996 0.439753721875 0.42163051874999996 0.4349190390625 0.416535703125 0.42769685468749996 0.4026910234375 0.42214590156250004 0.39598465 0.421787765625 0.382859853125 0.42429461249999995 0.376441434375 0.42715959375 0.3662239875 0.43730643437500005 0.36446845156249996 0.4425589234375 0.365044359375 0.4490051609375
1 0.44292927187500003 0.4242947234375 0.45225504218749996 0.42906973125 0.4634803265625 0.4302038125 0.478648609375 0.42566759843749996 0.48901003125000003 0.41713231874999995 0.49280905625000004 0.40985046406250003 0.49194519375 0.400181103125 0.4868503796875 0.3929589171875 0.48218749375 0.3905714140625 0.47314967656249995 0.3890195234375 0.46002488125 0.3915263703125 0.4450005734375 0.3976741453125 0.43915805937499997 0.4069853671875 0.4404538515625 0.4214894109375 0.44292927187500003 0.4242947234375
2 0.622677778125 0.4440515875 0.6215259625 0.43115910625 0.614387659375 0.4259662890625 0.607681284375 0.42560814999999996 0.60359430625 0.4296668875 0.598039746875 0.44220123125 0.5962842109375 0.4474537203125 0.5970040937500001 0.45551152031250003 0.6060419109375 0.457063409375 0.6166912890625 0.45175125156249996 0.622677778125 0.4440515875
2 0.5999392593749999 0.43856030312499994 0.5990753984375 0.4288909421875 0.5967439546875 0.427697190625 0.59018155625 0.4289506140625 0.5859506015625 0.4313977890625 0.5650837796875 0.44685678749999996 0.5655157109375 0.45169146875 0.5723660625 0.453661165625 0.589865790625 0.45031870312500005 0.5940967453125 0.44787152656250007 0.5999392593749999 0.43856030312499994
2 0.515496859375 0.5890917765625 0.523670815625 0.5809743046875 0.5232388859375 0.5761396249999999 0.51420106875 0.574587734375 0.49189447656249996 0.5739311328125 0.48533208125 0.57518455625 0.48328859218750003 0.5772139234375 0.484008475 0.585271725 0.4864838953125 0.5880770359375 0.4958096671875 0.5928520453125 0.506890971875 0.5923745671875 0.515496859375 0.5890917765625
2 0.47076751562499997 0.5615758 0.4766100296875 0.5522645765624999 0.47589014531249996 0.5442067765624999 0.471083284375 0.5402077109375 0.46452088593749996 0.541461134375 0.4519719984375 0.5504142203125 0.4436540640625 0.55692013125 0.43971106249999997 0.562590428125 0.44233045937500004 0.5670073 0.44918081093750006 0.5689769984375 0.46230560625 0.5664701515624999 0.47076751562499997 0.5615758