1 0.2479448703125 0.2772366859375 0.24633381718749997 0.2806350265625 0.24780835781250002 0.2901758203125 0.2529965171875 0.2961001921875 0.25744740781250003 0.29725416875 0.2640008625 0.2981900671875 0.272411128125 0.29731775625 0.2803298828125 0.2932651828125 0.2861460671875 0.28943068437499997 0.29889797812499996 0.275183084375 0.2974234390625 0.26564229375 0.2877843890625 0.25856394374999997 0.2730664234375 0.26009048749999997 0.2572289171875 0.2681956375 0.2479448703125 0.2772366859375
1 0.315363509375 0.257319065625 0.3074447546875 0.2613716421875 0.3018743265625 0.26679627031250003 0.30334886875 0.2763370625 0.31694729375 0.2813891234375 0.3256033171875 0.28210694531249997 0.3487315484375 0.27970809218750003 0.36060967499999996 0.2736292296875 0.3640775390625 0.2684226765625 0.362603 0.258881884375 0.3600089203125 0.2559197 0.3553122703125 0.253175590625 0.34665625 0.25245776875 0.3256305859375 0.2546385453125 0.315363509375 0.257319065625
1 0.42103805625 0.3190615109375 0.4304313484375 0.324549728125 0.44094418125 0.3234593390625 0.44490355781249996 0.3214330515625 0.4481256625 0.31463636875 0.44801641875 0.300107103125 0.43764009843749996 0.28825835781250003 0.42565272500000007 0.27980795468749997 0.4130373265625 0.281116421875 0.40907795 0.2831427078125 0.40746689687500004 0.2865410484375 0.4106617359375 0.30721276406250003 0.42103805625 0.3190615109375
1 0.4948191046875 0.3679557234375 0.5063149625000001 0.3732258609375 0.5357508921874999 0.370172775 0.543423890625 0.36453006875 0.544051915625 0.354771196875 0.5414578359375 0.3518090125 0.5234085203125 0.3456029734375 0.514752496875 0.344885153125 0.49582939843749996 0.34684785156250003 0.48976745624999996 0.3490922171875 0.484197025 0.3545168453125 0.485425809375 0.3624675046875 0.4948191046875 0.3679557234375
1 0.48414249218750005 0.40945364375000004 0.48067462812499995 0.414660196875 0.48214916875 0.4242009875 0.493890784375 0.431061259375 0.5093460203125 0.4343051125 0.5180020437499999 0.4350229328125 0.5285148765625001 0.43393254531250003 0.5345768171875 0.4316881796875 0.5399014921874999 0.42467341875000003 0.5389184640625 0.41831289062500004 0.5363243843750001 0.4153507046875 0.5292794125 0.41123454062500003 0.5159267453124999 0.4077726109375 0.5009630234375 0.407709021875 0.48414249218750005 0.40945364375000004
1 0.355230640625 0.45998365 0.3583162359375 0.46612610156249995 0.36795528437499997 0.47320445 0.372406175 0.47435842656249994 0.3829190078125 0.47326803906250003 0.3866326265625 0.46965161875000005 0.38985473125 0.46285493593749993 0.38665989375 0.44218322031249996 0.3838200578125 0.4376309015625 0.371832684375 0.4291804984375 0.3592172859375 0.43048896406250003 0.3552579109375 0.43251524999999996 0.35228156093749996 0.440902065625 0.355230640625 0.45998365
1 0.2457881140625 0.5811972859375001 0.242811765625 0.5895841015625 0.24589735781250002 0.5957265515625 0.25294232656250004 0.599842715625 0.2760705578125 0.597443859375 0.28423506875000004 0.59498141875 0.28819444375000003 0.59295513125 0.299335303125 0.5821058734375 0.30094635468750003 0.57870753125 0.2997175703125 0.5707568703125 0.29242684531249996 0.565050575 0.28401657812500003 0.5659228875 0.2574204859375 0.57352829375 0.2457881140625 0.5811972859375001
1 0.41445767812499995 0.5943997359375001 0.40121425312500003 0.6054670718749999 0.397992146875 0.6122637546874999 0.39823790468750003 0.6138538875 0.40787695468749996 0.6209322359375 0.41232784218749996 0.6220862140625 0.43125094218750004 0.620123515625 0.4433748265625 0.615634784375 0.45104782343750005 0.609992078125 0.458229303125 0.60116910625 0.45675476406250004 0.591628315625 0.454160684375 0.5886661281250001 0.44970979375000003 0.58751215 0.4244789953125 0.5901290828125 0.41445767812499995 0.5943997359375001
1 0.508636190625 0.5264691781249999 0.49836911562499997 0.5291496984374999 0.48463417656249996 0.5370367703125 0.4772069375 0.544269609375 0.4755958859375 0.54766795 0.47657891250000006 0.554028478125 0.48176707187499995 0.5599528515625 0.48832052812500004 0.5608887499999999 0.507243628125 0.55892605 0.5172649453125 0.5546553984375 0.5302626140625 0.54199793125 0.5318736656249999 0.538599590625 0.5308906390625 0.5322390609375 0.5257024796875001 0.5263146890625 0.5191490234375 0.525378790625 0.508636190625 0.5264691781249999
1 0.5986915484375 0.500972440625 0.58583039375 0.5006907765624999 0.5690098625 0.5024353968749999 0.5566402187499999 0.5053339953125 0.5526808437499999 0.5073602828125 0.5494587375 0.514156965625 0.54995025 0.5173372281249999 0.554892653125 0.5216714687499999 0.5663885125 0.5269416109375 0.5771471015625 0.5274413515624999 0.598172765625 0.525260575 0.6042347109375 0.5230162109375 0.6081940859375 0.5209899250000001 0.6116619484375 0.515783371875 0.6104331640625 0.5078327125000001 0.607839084375 0.5048705265625 0.5986915484375 0.500972440625
1 0.24023895781250001 0.5683066359375 0.2455645078125 0.6027647968750001 0.3058450890625 0.5965125109375 0.3005195390625 0.5620543484375 0.24023895781250001 0.5683066359375
1 0.34915254375 0.4299172546875 0.356525246875 0.47762121406249997 0.3922688765625 0.47391389375 0.384896175 0.426209934375 0.34915254375 0.4299172546875
1 0.2405778078125 0.26184457656250004 0.24647597187499998 0.30000774531249996 0.30393911406249996 0.2940476828125 0.29804094999999997 0.255884515625 0.2405778078125 0.26184457656250004
1 0.298060746875 0.25587438281249997 0.3024032703125 0.28397201562499996 0.36617411093749996 0.2773577203125 0.3618315890625 0.2492600875 0.298060746875 0.25587438281249997
1 0.4057807390625 0.280261528125 0.4129887859375 0.32690009999999997 0.4501411359375 0.32304666718749997 0.44293309062499997 0.2764080953125 0.4057807390625 0.280261528125
1 0.47635548437499997 0.40972815625000003 0.4810248625 0.4399406640625 0.5426931374999999 0.43354444531249997 0.538023759375 0.40333193749999996 0.47635548437499997 0.40972815625000003
1 0.48079386093750004 0.3462504796875 0.485298584375 0.3753975984375 0.5490694234375 0.36878330312499996 0.544564703125 0.339636184375 0.48079386093750004 0.3462504796875
1 0.4728114625 0.52965175625 0.477972353125 0.5630445265625 0.5368442140624999 0.5569383515624999 0.531683321875 0.52354558125 0.4728114625 0.52965175625
1 0.547585525 0.5019675125 0.552173803125 0.5316552765625 0.6138420765625 0.5252590578125 0.6092537984375 0.49557129531250005 0.547585525 0.5019675125
1 0.3975231359375 0.5907761609375 0.40243827187500003 0.6225788015625 0.4606162859375 0.6165445921875 0.45570115 0.584741953125 0.3975231359375 0.5907761609375
2 0.278723940625 0.536308178125 0.28241029218749997 0.560160159375 0.317460075 0.5565248046875 0.3137737234375 0.5326728234375 0.278723940625 0.536308178125
2 0.36784021875 0.5922311671875 0.37144547031249997 0.615558403125 0.39947268281250004 0.6126514265624999 0.39586743125 0.5893241921875 0.36784021875 0.5922311671875
2 0.49139031875 0.49325546875 0.4951577703125 0.5176321921875 0.5309014000000001 0.513924871875 0.5271339484374999 0.4895481484375 0.49139031875 0.49325546875
2 0.4059656140625 0.3874065484375 0.40997882187499995 0.41337340468750006 0.44361988593749996 0.40988416250000004 0.439606678125 0.38391730625 0.4059656140625 0.3874065484375
2 0.38462749375 0.33683736875000003 0.388886459375 0.36439435625 0.4225275234375 0.36090511406250003 0.41826855781249994 0.333348125 0.38462749375 0.33683736875000003
2 0.3538966796875 0.2210019 0.3577476890625 0.24591926874999998 0.39279747343750004 0.2422839140625 0.388946465625 0.21736654687499998 0.3538966796875 0.2210019
2 0.178193259375 0.143904128125 0.182290025 0.170411628125 0.21523724375 0.1669943515625 0.211140478125 0.14048685156250001 0.178193259375 0.143904128125
2 0.5141673703125 0.2765484921875 0.518426334375 0.30410548125000003 0.5562725296875 0.30018008125 0.552013565625 0.27262309375 0.5141673703125 0.2765484921875
2 0.5053154296875 0.37601954375 0.50941219375 0.40252704375 0.5409506921875 0.399255878125 0.5368539265625001 0.3727483796875 0.5053154296875 0.37601954375
2 0.5688015390625 0.2245700484375 0.572733646875 0.25001216249999997 0.6049659921874999 0.24666903125 0.6010338843749999 0.22122691875 0.5688015390625 0.2245700484375
0 0.28485798125 0.34557789375 0.288790090625 0.37102000625 0.327330134375 0.36702264218749997 0.32339802500000003 0.34158052968749997 0.28485798125 0.34557789375
0 0.438010903125 0.3781534875 0.44177835312499997 0.4025302125 0.47541941874999993 0.39904096875 0.4716519671875 0.37466424531250003 0.438010903125 0.3781534875
0 0.48003027343750004 0.267705440625 0.48396238125 0.29314755312499996 0.5155008796875 0.2898763875 0.5115687703125 0.26443427656249996 0.48003027343750004 0.267705440625
0 0.5639902546875 0.15667172499999998 0.5678412625 0.18158909375 0.6007884781249999 0.178171815625 0.5969374703125 0.1532544484375 0.5639902546875 0.15667172499999998
0 0.604748375 0.5493541171875 0.60876158125 0.575320971875 0.643096490625 0.5717597640625 0.6390832843750001 0.5457929078125 0.604748375 0.5493541171875
2 0.28934125312500003 0.558908125 0.29379214062500003 0.560062103125 0.30220240625 0.55918979375 0.310121159375 0.5551372156250001 0.31569158750000004 0.5497125890625 0.313971290625 0.5385816640625001 0.306926321875 0.5344655015625001 0.3024754328125 0.533311525 0.289860034375 0.534619990625 0.280084471875 0.540480775 0.27871917343749997 0.545469246875 0.27970220156250003 0.5518297765625 0.28934125312500003 0.558908125
2 0.3937870140625 0.6126999109375 0.404682115625 0.6002605203125 0.40369908906249996 0.5938999921875 0.40110500781249997 0.59093780625 0.3943057953125 0.588411775 0.3774852640625 0.590156396875 0.37166907656250003 0.5939908921875 0.36820121562499997 0.5991974453125 0.36967575468749997 0.6087382375 0.376720725 0.6128544 0.381171615625 0.6140083765625 0.3937870140625 0.6126999109375
2 0.52002280625 0.5172100515625 0.5276958015625001 0.5115673453125 0.528323828125 0.5018084765624999 0.5207873453125 0.49451205 0.5163364546875 0.4933580734375 0.49951592343750006 0.49510269375 0.4918429265625 0.5007454 0.490231875 0.5041437421875 0.49380898125000006 0.51346645625 0.5008539515625 0.51758261875 0.5074074078125 0.51851851875 0.52002280625 0.5172100515625
2 0.4140205265625 0.4118798109375 0.4184714171875 0.4130337875 0.43318938124999995 0.41150724375000003 0.440862378125 0.4058645375 0.44247342968750003 0.40246619531250005 0.4417361609375 0.39769580000000004 0.43605648593749996 0.3885911640625 0.4337081625 0.3872191078125 0.429257275 0.3860651328125 0.4187444421875 0.3871555203125 0.40896887812499993 0.39301630468750004 0.4062382859375 0.4029932515625 0.4140205265625 0.4118798109375
2 0.395397721875 0.3604958421875 0.399848609375 0.36164981875 0.40825887656250004 0.36077750937499997 0.41432081875 0.35853314531249997 0.4180344390625 0.354916725 0.41939973437500006 0.3499282515625 0.41792519375000003 0.340387459375 0.4106344671875 0.3346811640625 0.3977733109375 0.3343995 0.39171137031250003 0.3366438640625 0.38428412968750003 0.34387670312499996 0.3857586703125 0.35341749375 0.395397721875 0.3604958421875
2 0.50246483125 0.389781415625 0.5053046671875 0.3943337328125 0.5168005265625 0.3996038734375 0.5233539828125 0.400539771875 0.5315184921875 0.3980773296875 0.537088921875 0.3926527 0.5403110265625 0.38585601875000003 0.5395737578124999 0.38108562031250004 0.5367339203125 0.3765333015625 0.532037275 0.37378919375 0.5149709859375 0.37394368437500003 0.5089090421875 0.37618805 0.5051954234375 0.3798044671875 0.50246483125 0.389781415625
2 0.36694464375 0.24550659531250002 0.37349810156249996 0.246442496875 0.383765175 0.24376197500000002 0.3893356046875 0.2383373453125 0.3909466578125 0.234939003125 0.388980603125 0.22221795000000003 0.381935634375 0.2181017859375 0.3711770453125 0.21760204375 0.3630125359375 0.220064484375 0.35719635 0.22389898125 0.3555852984375 0.22729732343750003 0.3575513515625 0.2400183796875 0.36694464375 0.24550659531250002
2 0.18844480937500002 0.1686988671875 0.1928956984375 0.16985284375 0.20340853124999997 0.1687624546875 0.2094704734375 0.166518090625 0.2168977125 0.1592852515625 0.215423171875 0.149744459375 0.205784121875 0.14266611093749998 0.1992306671875 0.1417302109375 0.1908204015625 0.142602521875 0.1847584578125 0.14484688750000002 0.17733121875 0.1520797265625 0.17645743593750002 0.1602484625 0.18844480937500002 0.1686988671875
2 0.5230807859375 0.3020151765625 0.5319825640625 0.30432313125 0.5443522062499999 0.30142453125 0.551779446875 0.29419169218749996 0.5531447421875 0.2892032203125 0.552407471875 0.2844328234375 0.5498133921874999 0.2814706375 0.5383175328124999 0.2762004984375 0.5278047 0.2772908859375 0.5238453234375 0.2793171734375 0.5148070328125 0.289948353125 0.515298546875 0.2931286171875 0.5230807859375 0.3020151765625
2 0.5753444828125 0.22550703906249997 0.5697740515625 0.2309316671875 0.56840875625 0.2359201421875 0.5719858640625 0.24524285625000003 0.5790308343749999 0.24935901875000002 0.5855842890625 0.25029491875 0.59399455625 0.2494226078125 0.5979539328125 0.24739632031249997 0.6053811703124999 0.24016348125000003 0.606992225 0.2367651390625 0.605763440625 0.22881447812500003 0.6008210359375 0.22448023906249998 0.589816690625 0.22239036250000002 0.5814064250000001 0.2232626734375 0.5753444828125 0.22550703906249997
0 0.3173570046875 0.3669745859375 0.3226816765625 0.359959825 0.3212071359375 0.3504190328125 0.3160189765625 0.344494659375 0.307117196875 0.3421867046875 0.29474755468749997 0.34508530625 0.28732031406249997 0.3523181453125 0.28879485625 0.3618589359375 0.2937372609375 0.3661931765625 0.3005364734375 0.3687192078125 0.313397628125 0.369000871875 0.3173570046875 0.3669745859375
0 0.47341116875000006 0.38148550000000003 0.46401787656250004 0.375997284375 0.4532592875 0.37549754062499996 0.44719734375 0.3777419046875 0.43977010625 0.38497474375 0.44124464531249996 0.3945155359375 0.4485353734375 0.40022182968750003 0.45298626249999996 0.40137580625 0.467704228125 0.39984926249999997 0.47513146562499997 0.392616425 0.47341116875000006 0.38148550000000003
0 0.4805652109375 0.2757280671875 0.48253126562500004 0.2884491234375 0.48957623437500003 0.2925652859375 0.49612968906250005 0.29350118593749996 0.50453995625 0.292628875 0.5106018984375 0.29038450937500004 0.5161723281249999 0.28495988125 0.51778338125 0.28156153906250003 0.5165545984375 0.2736108796875 0.5092638703125 0.2679045828125 0.500362090625 0.2655966296875 0.4940543921875 0.2662508640625 0.48799245 0.26849522812500004 0.4805652109375 0.2757280671875
0 0.570565859375 0.180765265625 0.5794676375 0.1830732203125 0.5878779046875 0.1822009078125 0.59579665625 0.1781483328125 0.6013670859375 0.1727237046875 0.60273238125 0.16773522968750001 0.6019951125 0.1629648359375 0.597052709375 0.15863059531249998 0.5837000390625 0.15516866406250002 0.571330396875 0.1580672609375 0.5641489156249999 0.166890234375 0.56562345625 0.17643102500000002 0.570565859375 0.180765265625
0 0.61496603125 0.5509843546875001 0.6110066546875 0.5530106421875 0.6061734953125 0.563205665625 0.6139557359375 0.5720922265625 0.6184066265625 0.573246203125 0.6352271578125 0.57150158125 0.64055183125 0.5644868187500001 0.639077290625 0.554946028125 0.629683996875 0.549457809375 0.61496603125 0.5509843546875001