2 0.5848540609375 0.36872168906249997 0.6154926609375 0.3707040375 0.6195123375 0.3311763375 0.5888737390625 0.3291939875 0.5848540609375 0.36872168906249997
1 0.6414599812499999 0.3766357578125 0.6932228234375 0.3799848671875 0.6978167390625 0.334810353125 0.6460538984374999 0.3314612453125 0.6414599812499999 0.3766357578125
1 0.6929048671875 0.34756567656250004 0.6916743203125 0.342938884375 0.6885241390625 0.340461478125 0.6803041375000001 0.337656046875 0.669934803125 0.3392587296875 0.655726203125 0.3451601796875 0.6461280265625 0.35590710312499996 0.6439786953125 0.3603152140625 0.6432896078125 0.3670913921875 0.6459804 0.37408625 0.649130584375 0.3765636578125 0.6660299765625 0.377657065625 0.6821582125 0.3696062296875 0.6917563875 0.35885930625 0.6929048671875 0.34756567656250004
1 0.4438340078125 0.384049978125 0.48996934999999997 0.38703498125 0.4946252859375 0.3412506125 0.44848994218750005 0.33826560625 0.4438340078125 0.384049978125
1 0.508041471875 0.43982606718749995 0.5578270843750001 0.44304724687499997 0.5614287140625 0.4076304265625 0.511643103125 0.4044092453125 0.508041471875 0.43982606718749995
1 0.3515003609375 0.478227415625 0.37982374375 0.4800599671875 0.38652856562500004 0.41412776406249996 0.3582051828125 0.4122952140625 0.3515003609375 0.478227415625
1 0.479491703125 0.49450024687500005 0.5210473109375 0.4971889375 0.52675755 0.441037015625 0.4852019421875 0.43834832500000004 0.479491703125 0.49450024687500005
1 0.558120065625 0.4184205171875 0.550589153125 0.408838909375 0.5457490296875 0.40625216093749994 0.5288496359375 0.405158753125 0.5199405484375 0.40912950156249994 0.5122620078125 0.417727040625 0.511113528125 0.42902066874999994 0.516954503125 0.438492934375 0.5201046875 0.44097034218750003 0.5403839578125 0.44228243125000005 0.5490633500000001 0.4405704109375 0.552672925 0.438530365625 0.558661525 0.42982348437500006 0.558120065625 0.4184205171875
1 0.467683546875 0.3375408015625 0.4609237890625 0.3371034390625 0.4503247640625 0.34096484375 0.4460261015625 0.349781065625 0.44679725625 0.358925309375 0.45701896093750005 0.375501775 0.4746895109375 0.385739425 0.4850588421875 0.384136746875 0.4888981125 0.379837975 0.49073567812499996 0.361768171875 0.48950513124999995 0.357141378125 0.4819742171875 0.3475597703125 0.467683546875 0.3375408015625
1 0.3732275921875 0.41327854531249997 0.364777896875 0.41273184062499996 0.357329053125 0.41907065625 0.3547203296875 0.42799621718749997 0.352423371875 0.450583475 0.35442507343749996 0.4643545109375 0.36003635312500004 0.47608550312500003 0.36994629375 0.4790002734375 0.37739513750000003 0.472661459375 0.3797741640625 0.4659946234375 0.38298990625 0.4343724640625 0.38075850624999996 0.42286015312499997 0.3732275921875 0.41327854531249997
1 0.5227954765625 0.44796519999999995 0.51672480625 0.44075166093749996 0.50996505 0.44031429843750003 0.499136325 0.44643442968749997 0.48546918437500003 0.46373885000000004 0.48094082812499994 0.4748137984375 0.48002204375 0.48384869999999996 0.48125259062500003 0.48847549062500006 0.48586301875000004 0.493320965625 0.49600265312499997 0.4939770109375 0.503221803125 0.48989692187499995 0.5166592484375 0.474851228125 0.52118760625 0.46377628125000003 0.5227954765625 0.44796519999999995
1 0.6665058765625 0.4231596015625 0.662125146875 0.416055403125 0.6539051453125 0.413249971875 0.64038563125 0.41237524687500005 0.62786696875 0.41838603750000003 0.620188428125 0.4269835796875 0.6192696453125001 0.4360184796875 0.62050019375 0.44064527187499997 0.6280311046875 0.45022687968749997 0.6379410453125 0.45314164999999995 0.657219465625 0.447568221875 0.66489800625 0.43897068125 0.6670473359375 0.434562571875 0.6665058765625 0.4231596015625
1 0.638712203125 0.46228589531250003 0.6326415328125 0.4550723546875 0.6275717140625 0.45474432968749995 0.6220425046875 0.4589337609375 0.6134451796875 0.47656620156249996 0.6106067625 0.48775049062500003 0.6104591359375 0.5059296375 0.61461016875 0.5152925625 0.617760353125 0.5177699703124999 0.62621005 0.518316675 0.6358082265625 0.50756975 0.6379575546875 0.5031616390625 0.641173296875 0.4715394796875 0.638712203125 0.46228589531250003
1 0.6667685921875 0.5209408546875001 0.6606979234375 0.5137273125 0.6505582859375 0.5130712671875 0.6361199890625 0.52123144375 0.62268254375 0.5362771375000001 0.6200738218749999 0.5452027 0.6208449765624999 0.5543469437499999 0.6237654625 0.559083078125 0.6319854640625 0.5618885078125 0.6442744328125001 0.558136440625 0.657022790625 0.549866925 0.6670803578125 0.534602546875 0.667999140625 0.5255676453125 0.6667685921875 0.5209408546875001
1 0.8312667062499999 0.40881033593750005 0.8336457312500001 0.4021435015625 0.8328745765625 0.3929992578125 0.82680390625 0.3857857171875 0.804834696875 0.3843642859375 0.792545728125 0.3881163515625 0.781487309375 0.396495209375 0.7791082828125 0.403162046875 0.77841919375 0.40993822343749997 0.7796497421875 0.41456501718750005 0.7874103515625 0.42188789687500006 0.797320290625 0.42480266718750004 0.8093795625 0.42330932812500005 0.819978590625 0.4194479203125 0.8312667062499999 0.40881033593750005
1 0.7708557421875 0.5344961609375 0.7734644640624999 0.5255705984375 0.7743832484375 0.5165356953125 0.773382396875 0.5096501765625 0.7704619109374999 0.5049140453125001 0.7656217859375001 0.502327296875 0.7603222734374999 0.504258 0.753103125 0.5083380875 0.7408962265625 0.5280105734375 0.73636786875 0.5390855203125 0.73498969375 0.5526378750000001 0.7362202421874999 0.5572646671875 0.7408306671875 0.5621101421875 0.7509703046875 0.5627661859375 0.76225841875 0.552128603125 0.7708557421875 0.5344961609375
1 0.61779598125 0.45000800625000004 0.6666690265625 0.45317014375 0.6708288171875 0.41226461875 0.621955771875 0.40910248281249995 0.61779598125 0.45000800625000004
1 0.6068628687500001 0.5168716375 0.6379239531249999 0.518881321875 0.6445047390624999 0.4541688296875 0.613443653125 0.45215914531249995 0.6068628687500001 0.5168716375
1 0.6171254 0.560563271875 0.6655421609375 0.5636958859375001 0.67075625625 0.5124228109375 0.6223394953125 0.509290196875 0.6171254 0.560563271875
1 0.7326004234375 0.56434004375 0.771418328125 0.5668516015625 0.777875078125 0.5033588234375 0.7390571718750001 0.500847265625 0.7326004234375 0.56434004375
1 0.7757820171875001 0.42458001718749994 0.8333244515624999 0.42830307031250003 0.8377323140625 0.384958125 0.78018988125 0.3812350703125 0.7757820171875001 0.42458001718749994
2 0.441999746875 0.3341738421875 0.46758542968750005 0.3358292625 0.47106302343750006 0.3016321546875 0.4454773421875 0.299976734375 0.441999746875 0.3341738421875
2 0.40298355781249995 0.36974340781250004 0.4285692390625 0.37139882968750004 0.4321088515625 0.336591865625 0.40652316875 0.3349364453125 0.40298355781249995 0.36974340781250004
2 0.3918470265625 0.411425265625 0.41971412499999994 0.413228296875 0.423501809375 0.375981909375 0.395634709375 0.37417887968749997 0.3918470265625 0.411425265625
2 0.3847960390625 0.449063015625 0.4112942859375 0.45077747968750004 0.41477188125 0.41658037343750004 0.3882736328125 0.414865909375 0.3847960390625 0.449063015625
2 0.3862681203125 0.5431483578125 0.41185379843750003 0.544803778125 0.41526707968750004 0.5112391140625 0.3896813984375 0.5095836953124999 0.3862681203125 0.5431483578125
2 0.6438967171875001 0.6274223109375 0.67130753125 0.62919581875 0.67484714375 0.5943888562499999 0.647436328125 0.5926153484375 0.6438967171875001 0.6274223109375
2 0.66294220625 0.566597009375 0.6894404546875 0.568311471875 0.693042084375 0.532894653125 0.6665438359375 0.5311801890625001 0.66294220625 0.566597009375
2 0.7036869359375 0.432818 0.7315540359375 0.43462102812500003 0.7349673140624999 0.40105636406249995 0.7071002171874999 0.399253334375 0.7036869359375 0.432818
2 0.7640268546875 0.6259868265625 0.791893953125 0.6277898546875 0.7955576015625 0.5917631812499999 0.7676905015625 0.58996015 0.7640268546875 0.6259868265625
0 0.701089753125 0.309148696875 0.7307819875 0.31106981562499997 0.7346316890625 0.273213571875 0.70493945625 0.2712924546875 0.701089753125 0.309148696875
0 0.5369433531250001 0.5524765890625 0.5644048671874999 0.5542533749999999 0.5683533390625 0.51542588125 0.5408918234375 0.5136490921875 0.5369433531250001 0.5524765890625
0 0.562858021875 0.6060138187499999 0.58979565625 0.6077567109374999 0.5935282125 0.5710524171875 0.5665905796875 0.569309525 0.562858021875 0.6060138187499999
0 0.4490838375 0.595799159375 0.47654535156250005 0.5975759468749999 0.480349115625 0.56017145 0.45288760000000006 0.5583946625 0.4490838375 0.595799159375
0 0.40226092187500007 0.6588742187500001 0.4307871 0.6607198921874999 0.4343772453125 0.6254160109375 0.40585106875 0.6235703359375 0.40226092187500007 0.6588742187500001
2 0.5900482640625 0.33863716093749996 0.587669240625 0.345304 0.58675045625 0.3543389 0.5923617328125 0.36606989218749997 0.6039616140625 0.36909400468750003 0.6114104578124999 0.3627551890625 0.6135597890625 0.35834708125 0.6151676593750001 0.342536 0.6110166234375 0.33317307500000004 0.6078664421875 0.3306956671875 0.5994167453125 0.3301489640625 0.5900482640625 0.33863716093749996
2 0.7072120484375 0.407604634375 0.7050627171875 0.4120127453125 0.7036845421875 0.42556510000000003 0.7063753328125 0.43255995937499997 0.7143656390625 0.4376241140625 0.721125396875 0.43806147656250005 0.7283445453125 0.43398139062499996 0.7335619890625 0.41613026406250003 0.7325611375000001 0.40924474687499995 0.7267201640625001 0.39977248125 0.716580528125 0.3991164375 0.7072120484375 0.407604634375
2 0.6647013312500001 0.5412693843749999 0.662552 0.54567749375 0.6614035203124999 0.5569711234375 0.66555455625 0.56633405 0.6752347999999999 0.5715075453125 0.6841438875 0.5675367984374999 0.6879831578125 0.563238028125 0.6905918796875 0.554312465625 0.6900504203125 0.542909496875 0.684209446875 0.53343723125 0.67068993125 0.5325625046875 0.6647013312500001 0.5412693843749999
2 0.670788509375 0.5985029125 0.6678680234375001 0.5937667796875 0.6579580828125 0.590852009375 0.65265856875 0.5927827125 0.646899665625 0.59923086875 0.6447503328125 0.603638978125 0.6436018546875 0.6149326078125 0.6477528890625 0.62429553125 0.65574319375 0.6293596875 0.6608130109375 0.629687709375 0.670181490625 0.6211995124999999 0.6723308234375 0.6167914 0.673019909375 0.6100152234375 0.670788509375 0.5985029125
2 0.7735630437500001 0.5915110078125 0.7699534703124999 0.5935510515625 0.7656548062499999 0.6023672734375001 0.763046084375 0.611292834375 0.766967425 0.6229144859375 0.7749577265625 0.6279786421875 0.781717484375 0.6284160046875 0.788936634375 0.6243359171875 0.791085965625 0.61992780625 0.793153228125 0.5995992734375 0.7887724984375 0.5924950734375 0.7822424359375 0.5897989859375 0.7735630437500001 0.5915110078125
2 0.40384365781250003 0.5471274984375001 0.411522196875 0.538529959375 0.41313006874999997 0.522718878125 0.407518790625 0.5109878859375 0.39737915625000003 0.5103318421874999 0.3882403703125 0.5165613140625 0.384942559375 0.5322630546875 0.3861731078125 0.5368898468750001 0.393704021875 0.5464714546875 0.40384365781250003 0.5471274984375001
2 0.401891003125 0.44923690625 0.4112594828125 0.44074870781250003 0.4126376578125 0.427196353125 0.40702637968750005 0.4154653609375 0.3971164375 0.4125505921875 0.38966759375 0.4188894046875 0.385368934375 0.4277056265625 0.384991609375 0.44814349687500005 0.3881417921875 0.45062090625 0.401891003125 0.44923690625
2 0.3936544921875 0.3964114890625 0.3971164375 0.4125505921875 0.4104062578125 0.4156840421875 0.41831449374999996 0.4048277765625 0.420152059375 0.386757971875 0.4157713296875 0.379653771875 0.4094709640625 0.3746989578125 0.40248151249999997 0.3765203203125 0.398642240625 0.380819090625 0.394573275 0.3873765859375 0.3936544921875 0.3964114890625
2 0.40807628124999995 0.3382313234375 0.4040073140625 0.3447888203125 0.40262913749999996 0.3583411734375 0.40993035625 0.3701815046875 0.414770478125 0.3727682546875 0.42175993125 0.3709468921875 0.42966816718749995 0.3600906265625 0.43058695 0.35105572343749997 0.42835555156250005 0.3395434140625 0.4237451265625 0.334697940625 0.41529542968750005 0.33415123593749996 0.40807628124999995 0.3382313234375
2 0.4450908078125 0.3087959796875 0.4420226921875 0.32223899375 0.44302354531250004 0.3291245109375 0.44740427499999996 0.33622871249999997 0.4575439125 0.33688475625000003 0.468372634375 0.3307646234375 0.4699805046875 0.31495354375 0.46897965468749997 0.3080680265625 0.4660591671875 0.30333189374999997 0.462908984375 0.300854484375 0.45445928750000003 0.30030778125 0.4450908078125 0.3087959796875
0 0.5370370999999999 0.5421037265625 0.5445680125 0.5516853328125 0.5530177078125 0.5522320359374999 0.5623861890625 0.5437438390625 0.5639940593749999 0.527932759375 0.5598430234375 0.518569834375 0.556692840625 0.516092425 0.5482431453125 0.5155457218749999 0.5388746656250001 0.5240339203125 0.5364956375000001 0.5307007578125 0.5370370999999999 0.5421037265625
0 0.46883250781249997 0.5604266921875001 0.46207275000000003 0.5599893296875 0.4565435421875 0.5641787578125 0.45224487968749993 0.5729949796875 0.450866703125 0.586547334375 0.4535574953125 0.5935421937500001 0.4567076765625 0.5960196 0.4632377390625 0.5987156890625001 0.46853725468749996 0.5967849859375 0.476445490625 0.5859287203125 0.4775939703125 0.5746350921875 0.476363421875 0.5700082984375 0.46883250781249997 0.5604266921875001
0 0.58013880625 0.5699019109375 0.5714594156249999 0.571613934375 0.5676201437499999 0.575912703125 0.5654708125 0.5803208125 0.5638629421875 0.5961318921875 0.569703915625 0.605604159375 0.5745440390625001 0.60819090625 0.5815334921875001 0.606369546875 0.5853727609375 0.602070775 0.5896714234375 0.5932545546875 0.589359659375 0.579592859375 0.5864391703125 0.5748567265625 0.58013880625 0.5699019109375
0 0.406715096875 0.6359831859375 0.40364698125 0.6494262 0.40925825937500004 0.6611571921875 0.412408440625 0.6636346 0.41747826093749996 0.663962621875 0.426846740625 0.6554744218749999 0.4289960703125 0.6510663125 0.4306039421875 0.6352552328125001 0.4262232109375 0.628151034375 0.42307302968749994 0.625673625 0.41270369687499997 0.62727630625 0.406715096875 0.6359831859375
0 0.7226837359375 0.2721904328125 0.7159239796875 0.2717530703125 0.7065555 0.28024126875 0.7022568359375 0.28905749062499997 0.7015677499999999 0.29583366718750004 0.7025686015625 0.302719184375 0.7069493312499999 0.3098233828125 0.7187789078125 0.3105887703125 0.726227753125 0.30424995625 0.73098580625 0.2909162828125 0.72875440625 0.2794039734375 0.72583391875 0.27466783906250003 0.7226837359375 0.2721904328125