1 0.2429182890625 0.7235397484375 0.2499557640625 0.741215621875 0.25845110781249997 0.7523323921875 0.261788946875 0.7545834859375 0.27162156249999997 0.7547499203125 0.278056040625 0.7504696453124999 0.2795742109375 0.7461061546875001 0.28103208281250003 0.7395470484375 0.280790884375 0.7307645890625001 0.277272146875 0.72192665 0.2738137078125 0.715284328125 0.2602814578125 0.6996931125 0.250448840625 0.699526678125 0.24249619218750001 0.7081704421875 0.2429182890625 0.7235397484375
1 0.24080780468750002 0.6466932234375 0.2414108 0.6686493734375001 0.24335106875 0.6796551875 0.24686980468750003 0.6884931265625001 0.25196701093749996 0.6951631859375 0.261799628125 0.6953296203125 0.26799290781249996 0.6822668859375 0.269390478125 0.6735121640624999 0.268727184375 0.6493604000000001 0.26344907812499996 0.6361034937500001 0.258412171875 0.631629046875 0.24857955468749998 0.6314626140625 0.245362315625 0.63360275 0.2422053765625 0.637938503125 0.24080780468750002 0.6466932234375
1 0.28020925 0.5903007078125 0.301513253125 0.5906613140625 0.314382209375 0.582100765625 0.320696090625 0.5734292625 0.3203945921875 0.5624511875 0.31863522187500004 0.55803221875 0.31195954531250003 0.5535300328125 0.297150321875 0.5510847671875 0.28428136406250004 0.559645315625 0.27475024531250003 0.5704569562499999 0.27511204375 0.583630646875 0.27687141249999997 0.5880496140625 0.28020925 0.5903007078125
1 0.3553621265625 0.523540375 0.3635559734375 0.5236790703125 0.369869853125 0.5150075671875001 0.3761234328125 0.5041404468749999 0.3752792390625 0.4734018375 0.3701217328125 0.464536159375 0.3602288171875 0.4621741109375 0.35701157656250004 0.46431424843749997 0.349300128125 0.4817404734375 0.3479025546875 0.49049519375 0.34844525000000004 0.5102557296875 0.3502649203125 0.5168703140625001 0.3553621265625 0.523540375
1 0.4120557609375 0.500359475 0.41083908906250005 0.515701040625 0.41132148593749995 0.533265959375 0.41635839218750004 0.5377404078125 0.426191009375 0.537906840625 0.43408335937500003 0.5270674609375 0.4385775703125 0.511781371875 0.439975140625 0.50302665 0.43967364218749994 0.492048575 0.437853975 0.4854339921875 0.431117996875 0.4787361921875 0.4245629203125 0.4786252359375 0.42134568124999994 0.480765375 0.41661027187500005 0.4872690015625 0.4120557609375 0.500359475
1 0.424892675 0.669560521875 0.4332071203125 0.674090446875 0.45287235312499996 0.6744233125 0.45936713281249997 0.67233865625 0.4673197796875 0.6636948921875 0.46883795156249997 0.6593314 0.46853645312500003 0.648353325 0.46513831406249995 0.6439066171875 0.4584626375 0.63940443125 0.4371586359375 0.6390438234375 0.432302628125 0.6411562234375 0.42277150937499997 0.6519678640625 0.42313330625 0.665141553125 0.424892675 0.669560521875
1 0.55530956875 0.76613560625 0.561009771875 0.7947618171874999 0.5679266484375 0.8080464640624999 0.57624109375 0.8125763875 0.582735871875 0.8104917296874999 0.5874712828125 0.8039881 0.5868079859375 0.7798363359375 0.58492801875 0.7710261375 0.58316865 0.76660716875 0.5729742375 0.7532670453125 0.569636396875 0.751015953125 0.5614425515625 0.7508772578125 0.5550683703125 0.7573531453125 0.55530956875 0.76613560625
1 0.5900572687500001 0.5999346015625 0.5907808625000001 0.62628198125 0.5943598999999999 0.6373155359375 0.6046146140624999 0.6528512734375 0.6112902906250001 0.657353459375 0.6129290609375 0.6573811984375 0.6208817078125 0.6487374328125 0.6223998796875 0.6443739421875 0.621857184375 0.6246134078125001 0.618217846875 0.6113842390625 0.6130603406249999 0.6025185625 0.6046252953125 0.5935974078124999 0.5947926781249999 0.593430975 0.591575440625 0.5955711109374999 0.5900572687500001 0.5999346015625
1 0.533565896875 0.51119461875 0.532108025 0.5177537234375 0.5324095234375 0.5287317984375 0.534349790625 0.5397376125 0.5413269640625 0.5552178734375001 0.5481232406250001 0.5641112890625 0.5514610796875 0.56636238125 0.5580161578125 0.5664733375 0.5644506359375 0.5621930625 0.56590850625 0.5556339578125 0.565365809375 0.535873421875 0.5617867734375 0.52483986875 0.549893290625 0.5092763921875 0.5465554515625 0.5070252984375 0.540000375 0.5069143421875 0.533565896875 0.51119461875
1 0.5212609984375 0.42100796875 0.5180437578125 0.42314810625000004 0.5133686484375 0.43184734999999996 0.5120916765625 0.4449933 0.5125740734375 0.4625582203125 0.5145746390625 0.4757596484375 0.5163340078124999 0.48017861718750005 0.5230096843750001 0.484680803125 0.5262872234375 0.48473628125 0.5310829312500001 0.48042827031249996 0.5373365125 0.46956115 0.538673784375 0.4586108140625 0.5380707890624999 0.4366546640625 0.536251121875 0.43004008125000004 0.5344917515625001 0.42562110937500003 0.52945484375 0.4211466640625 0.5212609984375 0.42100796875
1 0.588151246875 0.749123778125 0.552639115625 0.748522675 0.5543679046875 0.8114709578125 0.5898800359374999 0.8120720609375001 0.588151246875 0.749123778125
1 0.469914125 0.63887405 0.4207510421875 0.63804188125 0.42177613437500006 0.6753673359375 0.4709392171875 0.6761995046875 0.469914125 0.63887405
1 0.27988669375 0.6978413421874999 0.2405562265625 0.69717560625 0.24220421406249998 0.7571817640625 0.2815346796875 0.7578475 0.27988669375 0.6978413421874999
1 0.2676755984375 0.6310506578124999 0.23871854374999998 0.630560509375 0.2405474296875 0.6971535125 0.26950448437499996 0.697643659375 0.2676755984375 0.6310506578124999
1 0.32068218125 0.5529424890625 0.272617075 0.5521289046875 0.2736825671875 0.590925421875 0.3217476734375 0.5917390046875 0.32068218125 0.5529424890625
1 0.44036972343749997 0.4774333875 0.4092331015625 0.4769063453125 0.4110016890625 0.5413037359375 0.4421383078125 0.541830775 0.44036972343749997 0.4774333875
1 0.374889046875 0.4594924765625 0.3448504046875 0.458984021875 0.34667929062499997 0.5255770234375 0.376717934375 0.5260854796875 0.374889046875 0.4594924765625
1 0.5656195921875 0.505153396875 0.5312054328125 0.5045708796875 0.5328938234375 0.5660480999999999 0.5673079796875 0.5666306171875 0.5656195921875 0.505153396875
1 0.5392754531249999 0.42057770625 0.5086796296875 0.42005981875 0.510448215625 0.4844572078125 0.541044040625 0.48497509375 0.5392754531249999 0.42057770625
1 0.62047189375 0.593854665625 0.58769650625 0.5932998875 0.5893649953125 0.6540525515625 0.6221403828125001 0.65460733125 0.62047189375 0.593854665625
2 0.54831029375 0.7301684328125 0.5237287515625 0.7297523484374999 0.5247339453125 0.76635325 0.5493154875 0.766769334375 0.54831029375 0.7301684328125
2 0.6117991796875 0.65590266875 0.5877584312499999 0.6554957359375 0.588562225 0.684763284375 0.6126029734375 0.685170215625 0.6117991796875 0.65590266875
2 0.521344725 0.503679753125 0.49622238750000003 0.503254515625 0.49724748124999996 0.540579971875 0.5223698171875 0.541005209375 0.521344725 0.503679753125
2 0.40864065156249996 0.5749178749999999 0.381879546875 0.574464896875 0.3828443390625 0.6095947359375 0.40960544218750006 0.6100477140625 0.40864065156249996 0.5749178749999999
2 0.35712251875 0.5879376234375 0.3287226453125 0.5874569078125 0.32968743749999996 0.6225867468749999 0.35808731250000003 0.6230674640625 0.35712251875 0.5879376234375
2 0.23399571875 0.5975616546875 0.2083162 0.597126984375 0.2093213953125 0.6337278859375 0.23500091250000002 0.6341625546875 0.23399571875 0.5975616546875
2 0.143630559375 0.766486209375 0.11631227343749999 0.7660237999999999 0.11725716718750001 0.8004290875000001 0.144575453125 0.8008914953125 0.143630559375 0.766486209375
2 0.305558134375 0.440026990625 0.27715826093749996 0.439546275 0.278243653125 0.47906734218749997 0.3066435265625 0.479548059375 0.305558134375 0.440026990625
2 0.4053061765625 0.47318587812499996 0.377987890625 0.47272346875000004 0.378892384375 0.5056576953125 0.4062106703125 0.5061201015625 0.4053061765625 0.47318587812499996
2 0.2547953578125 0.3806488859375 0.228575046875 0.3802050625 0.229499440625 0.4138638421875 0.2557197515625 0.414307665625 0.2547953578125 0.3806488859375
0 0.35602616249999997 0.6866867828125 0.32980585156250003 0.686242959375 0.3309111421875 0.72648858125 0.357131453125 0.7269324046875 0.35602616249999997 0.6866867828125
0 0.400042703125 0.5403830453125 0.3749203671875 0.53995780625 0.375885159375 0.5750876484375 0.40100749531249996 0.5755128859374999 0.400042703125 0.5403830453125
0 0.2919232984375 0.48004505625 0.2657029875 0.4796012328125 0.26660748125 0.5125354578125 0.292827790625 0.51297928125 0.2919232984375 0.48004505625
0 0.1846963640625 0.3728785578125 0.159016846875 0.37244388906250003 0.159961740625 0.40684917656249997 0.18564125781250002 0.40728384531249995 0.1846963640625 0.3728785578125
0 0.5888972296875 0.3987474796875 0.562136125 0.398294503125 0.5631208171875 0.4341488953125 0.589881921875 0.434601871875 0.5888972296875 0.3987474796875
2 0.5340658671875 0.7679706140625 0.5406209453125 0.76808156875 0.54857359375 0.7594378046875 0.5500917640625 0.7550743140625 0.549850565625 0.746291853125 0.546331828125 0.7374539171875 0.5412346234375 0.7307838546875 0.5297632359375 0.73058968125 0.5250278265625 0.737093309375 0.52350965625 0.7414568015625 0.523871453125 0.754630490625 0.529089259375 0.7656917812499999 0.5340658671875 0.7679706140625
2 0.6102545171875 0.67928186875 0.6117726859375 0.6749183796875 0.6114108890625001 0.6617446890625 0.5995777062500001 0.6483768249999999 0.5930226296875001 0.6482658703124999 0.589805390625 0.6504060078125 0.5867087484375 0.6569373749999999 0.5871911453124999 0.6745022953124999 0.5906495828125 0.6811446171875 0.595686490625 0.6856190640625 0.6055191078125 0.6857854984375 0.6102545171875 0.67928186875
2 0.5227578046875 0.535152209375 0.5242156765625 0.528593103125 0.5238538796875 0.5154194125 0.5186963718750001 0.5065537375 0.50880345625 0.5041916875 0.5007905078125 0.5106398375000001 0.4992723375 0.5150033281249999 0.499754734375 0.5325682484375001 0.5049122421875001 0.541433925 0.508250078125 0.54368501875 0.5180223953125 0.5416558375 0.5227578046875 0.535152209375
2 0.388790128125 0.607500784375 0.3987433453125 0.6120584484375 0.4083950625 0.6056380375 0.40991323125 0.6012745453125 0.40949113437499995 0.585905240625 0.40433362968750003 0.577039565625 0.400995790625 0.5747884734375 0.3960794828125 0.5747052546875 0.386367465625 0.5789300500000001 0.3847889953125 0.5810979265625 0.383270825 0.58546141875 0.38357232343750003 0.5964394921875 0.388790128125 0.607500784375
2 0.33683190625 0.6241780593749999 0.346664521875 0.6243444921875 0.35461716875 0.6157007250000001 0.35613534062499996 0.6113372359375 0.35589414218750004 0.602554775 0.3540744734375 0.595940190625 0.350676334375 0.591493484375 0.3456997296875 0.5892146515625 0.3358671125 0.5890482171875 0.32949293125 0.59552410625 0.3282159609375 0.6086700578124999 0.330035628125 0.615284640625 0.33683190625 0.6241780593749999
2 0.3793406734375 0.502000309375 0.38273880937500004 0.5064470187500001 0.392692025 0.5110046796875001 0.397548034375 0.508892284375 0.40380161406250004 0.4980251640625 0.405259484375 0.49146605781249997 0.4033795171875 0.482655859375 0.3982823109375 0.47598579843750005 0.39160663281249997 0.47148361093749996 0.386690325 0.4714003953125 0.3818343171875 0.4735127921875 0.378677378125 0.4778485453125 0.3775210046875 0.49538572500000005 0.3793406734375 0.502000309375
2 0.215864465625 0.6331034484375 0.2289746203125 0.6333253609375 0.2352885015625 0.6246538562499999 0.23674637187499997 0.61809475 0.2348061046875 0.6070889359375 0.22970889687499998 0.6004188765625 0.226371059375 0.59816778125 0.21326090312499998 0.5979458703125 0.20852549374999998 0.6044494984375001 0.20718822343749999 0.615399834375 0.20906819062499998 0.6242100328125 0.212526628125 0.6308523562499999 0.215864465625 0.6331034484375
2 0.1255192046875 0.8027525593749999 0.1337733515625 0.805086865625 0.143304471875 0.794275225 0.144822640625 0.7899117343750001 0.1445211421875 0.7789336609374999 0.14270147500000002 0.7723190765625 0.1359052 0.7634256609375 0.126072584375 0.7632592265625 0.11811993437499999 0.7719029921875 0.11666206406249999 0.7784620984374999 0.11690326250000001 0.7872445578125 0.1187229296875 0.793859140625 0.1255192046875 0.8027525593749999
2 0.29194319687500003 0.48076960937499996 0.2952207359375 0.48082508749999997 0.3048724546875 0.47440467656249996 0.30790879531250004 0.46567769375 0.3059082265625 0.452476265625 0.2991119515625 0.44358284843750007 0.29413534375 0.4413040171875 0.2892190359375 0.44122079999999997 0.286001796875 0.44336093749999994 0.2797482171875 0.45422805781250003 0.2800497140625 0.4652061328125 0.2818090828125 0.4696251 0.29194319687500003 0.48076960937499996
2 0.2288967453125 0.3919186671875 0.22913794375 0.40070112968749994 0.23095761406249998 0.4073157125 0.2360548203125 0.413985775 0.24103142812499997 0.41626460625000006 0.25080374375000003 0.41423542500000005 0.25553915312500003 0.407731796875 0.256997025 0.401172690625 0.25675582656249996 0.39239022968750004 0.25499645625 0.38797126249999997 0.24820018125 0.379077846875 0.24486234218749997 0.37682675312499997 0.236668496875 0.376688059375 0.2318727875 0.380996071875 0.2288967453125 0.3919186671875
0 0.35569188125 0.7144756609375 0.35696885156249997 0.7013297109375001 0.355209484375 0.6969107421875 0.34847350781249997 0.690212940625 0.33864089218750004 0.6900465078125 0.3322064125 0.69432678125 0.329170071875 0.7030537625 0.3311706390625 0.7162551921875 0.3379669140625 0.72514860625 0.34779953125 0.725315040625 0.35259524062500003 0.7210070281250001 0.35569188125 0.7144756609375
0 0.40027219687500004 0.548441090625 0.3934759203125 0.5395476765625 0.3820045328125 0.539353503125 0.37569065468749996 0.54802500625 0.37435338281249997 0.5589753421875 0.3761730515625 0.5655899265625 0.382969328125 0.57448334375 0.39280194375 0.5746497781250001 0.39917612187499996 0.5681738859375 0.40069429375 0.563810396875 0.40027219687500004 0.548441090625
0 0.2662052828125 0.49789070625000004 0.26802495 0.5045052906249999 0.274821228125 0.5133987062500001 0.28793138281249997 0.5136206171875 0.292666790625 0.5071169890625 0.29412466406250004 0.5005578828125 0.293883465625 0.49177542343749997 0.292063796875 0.485160840625 0.2869665890625 0.47849077968750003 0.2836287515625 0.476239684375 0.2754349046875 0.476100990625 0.2690607265625 0.48257687968749996 0.266024384375 0.49130386093749995 0.2662052828125 0.49789070625000004
0 0.17038344375 0.4084849859375 0.18021605937500002 0.40865142031249996 0.18501176875 0.4043434078125 0.1880481109375 0.395616425 0.18780691249999998 0.386833965625 0.18428817343749998 0.37799602656250003 0.1791909671875 0.371325965625 0.17421435937500002 0.3690471328125 0.1692980515625 0.3689639171875 0.16450234218749998 0.3732719296875 0.15994783125 0.3863624015625 0.1619484 0.3995638328125 0.17038344375 0.4084849859375
0 0.571459853125 0.39991172656249996 0.5651459734375 0.40858323125 0.5655680703125 0.42395253750000006 0.5673274390625 0.42837150468749996 0.5773409546875 0.435124784375 0.5869926734375001 0.42870437343749995 0.5885108421874999 0.42434088281250004 0.5880284453125 0.4067759625 0.5812924703125 0.40007816093750004 0.571459853125 0.39991172656249996