0 0.20983111875 0.618449925 0.2089980375 0.6447124640624999 0.24320886718749998 0.6442790453125 0.2440419484375 0.61801650625 0.20983111875 0.618449925
0 0.3594151421875 0.706402946875 0.3585820609375 0.7326654859375 0.3943607953125 0.7322122046875 0.3951938765625 0.7059496640625 0.3594151421875 0.706402946875
0 0.479049765625 0.684467265625 0.4781793578125 0.7119064703125 0.51395809375 0.7114531875 0.5148284999999999 0.6840139828125 0.479049765625 0.684467265625
0 0.5964215 0.832340509375 0.59558841875 0.8586030453125 0.6274691640625 0.8581991468749999 0.6283022453125 0.8319366109375 0.5964215 0.832340509375
0 0.585844475 0.4304940640625 0.58503005625 0.45616826875000005 0.6192408859375 0.45573484999999997 0.6200553046875 0.4300606453125 0.585844475 0.4304940640625
2 0.20595621875 0.88745525 0.204993534375 0.9178034359374999 0.2399883140625 0.9173600859375 0.2409509984375 0.8870119000000001 0.20595621875 0.88745525
2 0.32405677499999996 0.8404550453124999 0.3231495609375 0.8690545734375 0.359712246875 0.868591359375 0.3606194625 0.8399918312500001 0.32405677499999996 0.8404550453124999
2 0.3618352671875 0.7769602296875 0.360964859375 0.804399434375 0.3951756875 0.8039660156249999 0.3960460953125 0.7765268109375 0.3618352671875 0.7769602296875
2 0.5194843765625 0.7084508609375 0.5185584999999999 0.737638721875 0.5558833640625 0.7371658515624999 0.556809240625 0.7079779890625 0.5194843765625 0.7084508609375
2 0.5288032703125001 0.733424925 0.52789605625 0.762024453125 0.56445874375 0.7615612390625001 0.5653659578125 0.7329617109375001 0.5288032703125001 0.733424925
2 0.55947730625 0.7470444515625 0.558644225 0.773306990625 0.594422959375 0.77285370625 0.595256040625 0.74659116875 0.55947730625 0.7470444515625
2 0.5923676312499999 0.7635355421875001 0.5915158875000001 0.7903864140625 0.6272946203124999 0.7899331328125 0.6281463640625 0.7630822578124999 0.5923676312499999 0.7635355421875001
2 0.391013859375 0.44520623125 0.390217584375 0.47030844531250005 0.4244284140625 0.46987502656249996 0.4252246890625 0.44477281093750004 0.391013859375 0.44520623125
2 0.3551275140625 0.5471810734375 0.354313096875 0.572855278125 0.3908757828125 0.5723920625 0.3916902015625 0.5467178578125 0.3551275140625 0.5471810734375
2 0.20992482968749998 0.5904488 0.2091104109375 0.6161230062499999 0.2417751109375 0.6157091765625 0.24258952812499998 0.59003496875 0.20992482968749998 0.5904488
1 0.265390040625 0.5430659312499999 0.26575292500000003 0.5316261203125 0.2636789625 0.5283851921875 0.257249703125 0.5251994390625 0.248539115625 0.52530979375 0.2419543359375 0.52702681875 0.2375472 0.52871625625 0.2241702765625 0.5386873421875 0.21732629062500003 0.548575659375 0.2149931234375 0.5535060234375 0.2147339203125 0.5616773171875 0.2211113375 0.566497328125 0.23199957031250001 0.566359384375 0.23858435 0.5646423609375 0.24522097187499997 0.5612910765625 0.26305687187500004 0.5479962953124999 0.265390040625 0.5430659312499999
1 0.297846709375 0.4119665765625 0.2869584765625 0.4121045203125 0.28027001406249996 0.41709006249999997 0.277781321875 0.426923203125 0.2818255703125 0.436673578125 0.2880993078125 0.44476210624999996 0.3009059828125 0.45276786874999997 0.3073870828125 0.454319359375 0.318275315625 0.45418141562500003 0.32501561875 0.447561615625 0.3253266640625 0.4377560625 0.319156609375 0.4263990171875 0.3128310328125 0.41994475 0.297846709375 0.4119665765625
1 0.356954546875 0.4700274078125 0.3526510953125 0.4684483265625 0.343940509375 0.46855868125000005 0.3395333734375 0.47024811875 0.335022559375 0.4752060703125 0.3302525390625 0.4883353171875 0.329785971875 0.5030436468749999 0.3382373546875 0.5111045875 0.3446666140625 0.5142903390625 0.3620877859375 0.514069628125 0.368931771875 0.504181309375 0.36945017812500003 0.48783872187500005 0.3674280546875 0.48296353593749997 0.361206159375 0.47324074843749997 0.356954546875 0.4700274078125
1 0.4243057375 0.4054636546875 0.400351625 0.4057671296875 0.3959444890625 0.407456565625 0.38484889375 0.4141315453125 0.382567565625 0.41742765000000004 0.382360203125 0.42396468593750003 0.390863425 0.43039136562499997 0.401647978125 0.4335219421875 0.42119495625000003 0.43490789999999996 0.4387716515625 0.4297844140625 0.44546011406249997 0.4247988703125 0.445771159375 0.4149933203125 0.4329644828125 0.4069875578125 0.4243057375 0.4054636546875
1 0.62433851875 0.48134232499999996 0.6069173453125 0.48156303281249996 0.5981549187499999 0.483307646875 0.58934065 0.48668652031250004 0.575911884375 0.4982918640625 0.573475034375 0.5064907468750001 0.5754971578125 0.511365934375 0.5798006109375 0.5129450140625 0.5993994296875 0.5126967171875 0.619257453125 0.504277125 0.6281754046875 0.4976297359375 0.6304567328124999 0.494333628125 0.6307159359375001 0.486162334375 0.62433851875 0.48134232499999996
1 0.47387453749999997 0.6956168203125 0.4651639515625 0.695727175 0.458579171875 0.6974442 0.447431734375 0.7057534375000001 0.438202740625 0.72220638125 0.43789169531249994 0.7320119328125 0.44411359062500005 0.7417347203125 0.45717947031249995 0.7415691875 0.4705563953125 0.731598103125 0.47740037968750004 0.721709784375 0.4797853890625 0.715145159375 0.4802001140625 0.702071090625 0.47812615 0.6988301609375001 0.47387453749999997 0.6956168203125
1 0.3921092734375 0.73422555625 0.3768657484375 0.734418675 0.3724586140625 0.7361081125 0.36789595625 0.7427003234375 0.3675849109375 0.7525058765625 0.37572525 0.77037236875 0.3929390609375 0.7766886953125 0.40382729375000004 0.77655075 0.40828626718749994 0.7732270546875 0.410671278125 0.76666243125 0.41093048125 0.7584911375 0.40693807499999995 0.747106503125 0.40071617968749995 0.7373837171875001 0.3921092734375 0.73422555625
1 0.356281953125 0.7657178906250001 0.3521858640625 0.757601775 0.33937918749999996 0.7495960140625 0.3306686 0.74970636875 0.3217506515625 0.7563537578124999 0.3194693234375 0.7596498656249999 0.31874355312499997 0.7825294875 0.324965446875 0.7922522734374999 0.3313428640625 0.7970722828125 0.33564631875 0.7986513656249999 0.34217925781249997 0.7985686000000001 0.353274853125 0.7918936203125 0.35555618125 0.7885975140625 0.3579411921875 0.7820328921875 0.35820039531250003 0.773861596875 0.356281953125 0.7657178906250001
1 0.3578371765625 0.716690128125 0.35809637968749997 0.7085188328124999 0.35177080312500003 0.702064565625 0.34528970625 0.7005130734375 0.3387049234375 0.7022300984375 0.334297790625 0.703919534375 0.3231503515625 0.7122287703125 0.316254528125 0.72375135 0.3138695171875 0.730315971875 0.3136103140625 0.738487265625 0.31563243750000003 0.7433624531249999 0.3220616953125 0.74654820625 0.33077228281250004 0.7464378515625001 0.3396383921875 0.7414247203125 0.3508895109375 0.7298469640625 0.3578371765625 0.716690128125
1 0.270730975 0.6491823984375 0.26207223125 0.6476584937500001 0.2532579640625 0.6510373656249999 0.22878544218750002 0.6676834296874999 0.22650411250000002 0.6709795359374999 0.22396358125 0.6824469359374999 0.22816335156249998 0.687294534375 0.23246680312499998 0.6888736171875001 0.24117739062500002 0.6887632609375001 0.256576440625 0.6836673640625001 0.26772387656249996 0.6753581265624999 0.2768491890625 0.6621737015625 0.2770565515625 0.655636665625 0.270730975 0.6491823984375
2 0.220333725 0.5910112109375001 0.215926590625 0.592700646875 0.2091862859375 0.5993204484375 0.2089270828125 0.6074917421875 0.2110010484375 0.6107326703125 0.2152526609375 0.6139460109375 0.221733759375 0.6154975015625 0.24138442031250001 0.6136149468750001 0.245895234375 0.60865699375 0.24620627968750003 0.5988514390625 0.244132315625 0.5956105109375 0.2355772515625 0.5908180890625 0.220333725 0.5910112109375001
2 0.374168690625 0.5449550140625 0.3654062640625 0.5466996265625 0.35643647500000003 0.554981275 0.35607358906250003 0.5664210875 0.36245100625000004 0.571241096875 0.36893210625 0.5727925890625001 0.377642690625 0.5726822328125001 0.386456959375 0.5693033625 0.390915934375 0.5659796671875 0.3912788203125 0.5545398546875 0.3892048546875 0.5512989265625 0.38064979062500004 0.5465065046875 0.374168690625 0.5449550140625
2 0.40351458124999995 0.44329990312499995 0.3991074453125 0.444989340625 0.3901376546875 0.4532709890625 0.3920042578125 0.46304895312500005 0.396204028125 0.46789655156250004 0.40050748125 0.469475634375 0.417928653125 0.46925492343749997 0.424617115625 0.4642693828125 0.42705396562500003 0.45607049687499995 0.4250318421875 0.4511953109375 0.42083207187499994 0.4463477125 0.4122251671875 0.44318954843749997 0.40351458124999995 0.44329990312499995
2 0.540966859375 0.707835640625 0.5322562703125 0.707945996875 0.523442003125 0.71132486875 0.5189311875 0.7162828218749999 0.5186201421875001 0.726088375 0.527071525 0.7341493140625001 0.5313749765625 0.73572839375 0.53790791875 0.7356456265625 0.5510256390625 0.7338458375 0.5532551265625 0.7321839890625 0.5555364546875 0.7288878828125 0.555795659375 0.7207165890625 0.5495737625 0.7109938031249999 0.540966859375 0.707835640625
2 0.52898996875 0.7422930187500001 0.5286270828124999 0.753732828125 0.5350045 0.758552840625 0.5436114062499999 0.7617110031250001 0.5567291265625001 0.7599112109374999 0.5657507578125001 0.749995303125 0.5659062796875001 0.7450925265625 0.5596325453125 0.737004 0.5510256390625 0.7338458375 0.5357302703125 0.735673215625 0.52898996875 0.7422930187500001
2 0.5746168671875 0.744982171875 0.5658025984374999 0.7483610453125 0.5591141375 0.7533465875 0.5567809687499999 0.7582769515625001 0.558699409375 0.7664206578125 0.5693802796874999 0.7728197484375 0.5868014546875 0.7725990390625 0.59577124375 0.764317390625 0.5959786078125 0.75778035625 0.5939564828125 0.75290516875 0.5875790656250001 0.7480851578125 0.5789721609375 0.7449269953125001 0.5746168671875 0.744982171875
2 0.593438075 0.76924775625 0.5911567468750001 0.7725438625 0.5909493828125 0.7790808984375001 0.5950973125 0.7855627546874999 0.601526571875 0.7887485046875 0.6189477453125 0.788527796875 0.6277620125000001 0.785148925 0.630250703125 0.7753157828125 0.6282285796875 0.7704405953125 0.61759955 0.76240724375 0.602356025 0.762600365625 0.593438075 0.76924775625
2 0.332120809375 0.84116968125 0.3231510203125 0.84945133125 0.32273629375 0.8625254015625 0.33129135781249996 0.8673178234375 0.350890178125 0.867069525 0.35529731249999996 0.8653800875 0.35985996875000004 0.858787875 0.3601710125 0.8489823234375 0.358097046875 0.84574139375 0.349593825 0.839314715625 0.33652794375 0.8394802453124999 0.332120809375 0.84116968125
2 0.3645778125 0.7786816062499999 0.359963315625 0.7869080796875 0.3597041109375 0.795079371875 0.361778078125 0.7983203 0.37038498125 0.8014784625000001 0.38780615625000003 0.8012577546875 0.394442778125 0.7979064703125001 0.39900543437499997 0.7913142578125 0.39936831875 0.7798744453124999 0.384280315625 0.775164790625 0.371214434375 0.7753303234375 0.3645778125 0.7786816062499999
2 0.2239645828125 0.8882807749999999 0.2130245078125 0.8900529781250001 0.20187707187499998 0.898362215625 0.1994920609375 0.9049268406250001 0.20156602812500002 0.9081677687499999 0.21006925 0.914594446875 0.214372703125 0.9161735296875 0.22743858281249998 0.9160079984375 0.2318457171875 0.9143185609375 0.2408155078125 0.9060369125 0.24112655312500003 0.8962313578125001 0.23474913437499997 0.8914113484374999 0.2239645828125 0.8882807749999999
0 0.3601185046875 0.713394021875 0.35975561875 0.7248338328124999 0.368258840625 0.7312605140625 0.3878576640625 0.7310122140625 0.394597965625 0.7243924125000001 0.3949608515625 0.7129526015625001 0.3928868859375 0.7097116734375 0.384331821875 0.704919253125 0.37126594218750003 0.7050847859375 0.3668588078125 0.7067742203125 0.3601185046875 0.713394021875
0 0.219504271875 0.61715935 0.2150971375 0.6188487874999999 0.20835683437500002 0.6254685875 0.20809763124999997 0.6336398812499999 0.2144232078125 0.6400941515625 0.2209043078125 0.64164564375 0.23179254062500002 0.6415077 0.2428881359375 0.634832721875 0.2451694640625 0.631536615625 0.24542866874999997 0.6233653203125 0.23905125 0.6185453125 0.23474779843750002 0.6169662312499999 0.219504271875 0.61715935
0 0.48507381718750003 0.6856733234375 0.4782298328125 0.6955616421874999 0.4801482734375 0.7037053484375 0.486525690625 0.708525359375 0.4951844375 0.7100492625 0.5061245109375 0.7082770593750001 0.5128129734375 0.7032915171874999 0.513175859375 0.6918517046875 0.5111018953124999 0.6886107765625 0.5047244765625 0.6837907671875 0.4894809515625 0.6839838874999999 0.48507381718750003 0.6856733234375
0 0.6067116515625 0.83115646875 0.5978973843750001 0.834535340625 0.5956160546875 0.837831446875 0.5952531703124999 0.8492712578124999 0.599452940625 0.8541188578125001 0.6058821984375 0.857304609375 0.621125725 0.8571114874999999 0.632221321875 0.8504365093749999 0.6345026515625001 0.8471404031249999 0.6347100140624999 0.8406033687500001 0.6283844359375 0.8341490984375 0.61977753125 0.8309909359375001 0.6067116515625 0.83115646875
0 0.5887182265625001 0.4376863453125 0.5864369 0.44098245 0.5862295359374999 0.44751948593749996 0.5925551125 0.4539737546875 0.6055691515625 0.4554424828125 0.6121539328125001 0.45372545625000005 0.6188423953125 0.44873991562500004 0.62127924375 0.44054103125 0.6192571203125 0.43566584375 0.6107020578125 0.43087342343749996 0.5976361781249999 0.43103895625 0.5887182265625001 0.4376863453125
1 0.21205678749999998 0.524612134375 0.21069544843750002 0.5675277703125 0.2662689921875 0.56682370625 0.26763033125 0.5239080703125001 0.21205678749999998 0.524612134375
1 0.3292004359375 0.46969291249999995 0.327736453125 0.51584438125 0.3698303625 0.515311090625 0.37129434687499996 0.4691596234375 0.3292004359375 0.46969291249999995
1 0.27761559999999996 0.41327655781250006 0.2763055828125 0.45457427656249993 0.32863443124999997 0.45391131875 0.3299444484375 0.4126136015625 0.27761559999999996 0.41327655781250006
1 0.3797635328125 0.406322009375 0.3788646140625 0.43466005625 0.4484622 0.43377832187500004 0.4493611203125 0.40544027343750005 0.3797635328125 0.406322009375
1 0.5731956984375 0.47995642031249997 0.57211689375 0.5139653453124999 0.6309351296875 0.5132201734375 0.6320139359375 0.4792112484375 0.5731956984375 0.47995642031249997
1 0.4363482453125 0.6966068265625001 0.4348713015625 0.743166859375 0.480188128125 0.7425927375 0.481665071875 0.69603270625 0.4363482453125 0.6966068265625001
1 0.365570759375 0.7343412375 0.3641964609375 0.7776654375 0.41166915781249996 0.777064003125 0.41304345624999994 0.733739803125 0.365570759375 0.7343412375
1 0.3181800546875 0.7495133625 0.3166004671875 0.799309228125 0.357061140625 0.7987966296875 0.3586407296875 0.7490007624999999 0.3181800546875 0.7495133625
1 0.31323008125 0.7014093171875 0.3117660984375 0.7475607859375 0.355471465625 0.74700708125 0.35693545000000004 0.7008556125000001 0.31323008125 0.7014093171875