1 0.6308476749999999 0.759309109375 0.6343648734375 0.74974683125 0.635956721875 0.7383494859375 0.6342587796875 0.7348862296875 0.62463203125 0.7257109093749999 0.6205539265625 0.723668971875 0.6117154921875 0.7244696765625 0.6019674296875 0.7317831484374999 0.5965248812499999 0.7395103640625 0.593568590625 0.760676859375 0.5969644749999999 0.7676033734375001 0.60296793125 0.7714803734375 0.6158844718750001 0.77272160625 0.6204173921875 0.7715071578125 0.6308476749999999 0.759309109375
1 0.5823652140625 0.7315494890625 0.5854275984374999 0.7252435937499999 0.586792040625 0.715474440625 0.5853215046875 0.7103829937499999 0.5814708046875 0.706712865625 0.5773926984375 0.704670928125 0.5666289156250001 0.7036365671875 0.552347934375 0.7121644875 0.5462231640625 0.7247762796874999 0.5441765000000001 0.739430009375 0.5497251421875 0.7465633921875 0.5561834125 0.747184009375 0.5697821734375 0.7435406671875 0.5745425015625 0.7406980265625001 0.5823652140625 0.7315494890625
1 0.5564564796875 0.6515076390625001 0.546602325 0.643960509375 0.5384461125 0.639876634375 0.5279097359375 0.6372140828124999 0.5209966515625 0.6398498499999999 0.5183890812499999 0.6428993640625 0.517252046875 0.6510403234375 0.51872258125 0.6561317703125 0.5295924578125 0.6720267328125 0.5437521265624999 0.67998760625 0.554288503125 0.6826501578124999 0.5616564015625001 0.67675800625 0.56324825 0.6653606625 0.5564564796875 0.6515076390625001
1 0.52131493125 0.684431653125 0.5265300734375 0.6783326296875 0.5272122953125 0.6734480515625 0.521436246875 0.667942859375 0.509201928125 0.66181705 0.49005452343749994 0.658327009375 0.479063334375 0.658920840625 0.46999749218750003 0.6613497359375 0.46523716562499995 0.6641923750000001 0.46341790937500005 0.6772179125 0.4672686078125 0.680888040625 0.48596119687500006 0.687634465625 0.5074887640625 0.6897031874999999 0.514174440625 0.6886956140625 0.52131493125 0.684431653125
1 0.381764909375 0.5901691921875 0.38867799375 0.5875334234375 0.3945753546875 0.5765498234375 0.39446926250000003 0.5616892234375 0.38767749218750003 0.547836196875 0.3838267921875 0.5441660703125 0.368757496875 0.542717965625 0.36399716875 0.5455606046875 0.361162190625 0.5502383078124999 0.3588881203125 0.566520228125 0.36013125 0.5732398703125 0.36352713593749997 0.58016638125 0.3712285328125 0.5875066390625 0.37530664062499997 0.589548575 0.381764909375 0.5901691921875
1 0.3969103078125 0.43487032968749995 0.3928322 0.43282839375000004 0.384221175 0.43200090468749996 0.3770806828125 0.43626486406250004 0.3743517984375 0.45580316875 0.38284151093749996 0.4731194515625 0.3907703171875 0.4788315140625 0.39938134375 0.479659003125 0.4067492421875 0.4737668515625 0.4090233125 0.45748493124999995 0.40778018437499997 0.450765290625 0.40268635625 0.44037552187499995 0.3969103078125 0.43487032968749995
1 0.6108519718750001 0.40262790937500004 0.6179924640625 0.39836395 0.61935690625 0.388594796875 0.6176589640625 0.385131540625 0.6116555078125 0.38125454062499997 0.6013465375 0.37696379687500003 0.5755134578125001 0.3744813296875 0.566447615625 0.376910225 0.559307125 0.3811741859375 0.5564721484375 0.385851890625 0.5577152765625 0.3925715296875 0.563491325 0.398076721875 0.5759530515625 0.40257433750000005 0.6017861328125 0.4050568046875 0.6108519718750001 0.40262790937500004
1 0.68278735 0.434291315625 0.695703890625 0.4355325484375 0.7002368109375 0.43431810000000004 0.7095300578125 0.4302610140625 0.7192781203124999 0.42294754062499995 0.7251754828125 0.411963940625 0.7263125171875 0.4038229796875 0.7248419828125 0.39873153125 0.7209912828125 0.3950614046875 0.716913178125 0.39301946718749997 0.70830215 0.392191978125 0.7037692296875 0.3934064265625 0.6871080843749999 0.403355665625 0.6759955796875 0.4204382890625 0.675540765625 0.423694675 0.67893665 0.4306211859375 0.68278735 0.434291315625
1 0.7762502953125 0.46802344375000005 0.7694585234375 0.45417041874999997 0.7557536703125 0.44295316093750003 0.7516755640625 0.44091122499999996 0.74091178125 0.4398768640625 0.733771290625 0.44414082187500004 0.7309363109375 0.4488185265625 0.7312698125 0.462050934375 0.7329677546875 0.4655141921875 0.748370553125 0.48019470468750003 0.7565267640625 0.48427857812499997 0.7672905484375 0.4853129390625 0.7744310390625 0.481048978125 0.7762502953125 0.46802344375000005
1 0.735090071875 0.5284198515625 0.739622990625 0.527205403125 0.749143646875 0.5215201234375 0.750053275 0.5150073546875 0.7382737703125 0.5056251625 0.7341956640625 0.5035832250000001 0.7083625828125 0.501100759375 0.6995241484375 0.5019014625 0.6902309015625 0.50595855 0.68762333125 0.5090080625 0.686486296875 0.5171490234375 0.69418769375 0.5244892812499999 0.7025713140625001 0.526944959375 0.7284043953125 0.5294274265625 0.735090071875 0.5284198515625
1 0.7742329578125 0.487621875 0.780447990625 0.44312338437500004 0.7309345875 0.4383653265625 0.724719553125 0.482863815625 0.7742329578125 0.487621875
1 0.7481967890625 0.5335322140625001 0.752442478125 0.50313386875 0.68714936875 0.49685943750000006 0.6829036796875 0.5272577828125 0.7481967890625 0.5335322140625001
1 0.723548128125 0.4393138078125 0.7296881171875 0.3953526234375 0.6787323671875 0.390455959375 0.6725923765624999 0.4344171453125 0.723548128125 0.4393138078125
1 0.6180596031250001 0.408270671875 0.6221529296874999 0.378963215625 0.5582806390624999 0.37282531875 0.5541873140625 0.4021327765625 0.6180596031250001 0.408270671875
1 0.5628983937500001 0.6834857875 0.56873593125 0.641690096875 0.5170697703125 0.6367251671874999 0.5112322328125 0.6785208546875 0.5628983937500001 0.6834857875
1 0.582434078125 0.7519094140625 0.5889538375 0.705229146875 0.54734105 0.701230309375 0.5408212906250001 0.747910575 0.582434078125 0.7519094140625
1 0.6321579453124999 0.7759354734375 0.6392075625 0.7254615203125 0.5975947765625 0.72146268125 0.5905451578124999 0.7719366359375 0.6321579453124999 0.7759354734375
1 0.526550359375 0.6937294984375 0.53087109375 0.66279385 0.46342522500000005 0.6563125453125 0.45910449218749994 0.68724819375 0.526550359375 0.6937294984375
1 0.3944659421875 0.5930315078125 0.401135790625 0.5452766359375001 0.36094382343750003 0.5414143328125001 0.3542739765625 0.58916920625 0.3944659421875 0.5930315078125
1 0.4079173265625 0.48102379375000004 0.41451212968749995 0.4338062265625 0.375762509375 0.4300825265625 0.36916770625 0.47730009687499997 0.4079173265625 0.48102379375000004
0 0.7721062421875 0.42560681718750004 0.7756924515625 0.399930228125 0.7384282343749999 0.3963492703125 0.7348420250000001 0.42202586093749994 0.7721062421875 0.42560681718750004
0 0.754784909375 0.6517805203125 0.75837111875 0.6261039312500001 0.7244221453125 0.6228415578125001 0.7208359359375 0.6485181453125 0.754784909375 0.6517805203125
0 0.49411514375000004 0.6076978265624999 0.49796287031249997 0.58014881875 0.45904103125000006 0.5764085703124999 0.45519330468749997 0.603957578125 0.49411514375000004 0.6076978265624999
0 0.42121110625 0.4147401859375 0.4248837296875 0.3884448828125 0.3892771359375 0.38502321875 0.3856045125 0.4113185203125 0.42121110625 0.4147401859375
0 0.3474784859375 0.8163626562499999 0.35167641875 0.78630623125 0.313594153125 0.7826466640625 0.30939622031249997 0.8127030875000001 0.3474784859375 0.8163626562499999
2 0.7653327375 0.6121865203125 0.769269153125 0.584002515625 0.73450213125 0.5806615296875 0.730565715625 0.608845534375 0.7653327375 0.6121865203125
2 0.72899205 0.902526084375 0.7331035703125 0.8730883703125001 0.6958393515625 0.8695074140625 0.6917278328124999 0.8989451265625 0.72899205 0.902526084375
2 0.6026217671875 0.44359140625000004 0.6062079765624999 0.41791481875000003 0.57060138125 0.414493153125 0.567015171875 0.440169740625 0.6026217671875 0.44359140625000004
2 0.538381646875 0.5789507781250001 0.5421429578125 0.55202048125 0.5090335609375 0.5488387875 0.5052722484375 0.575769084375 0.538381646875 0.5789507781250001
2 0.541469046875 0.6109695828125 0.5451416703125 0.5846742796875 0.5111926984374999 0.5814119062499999 0.507520075 0.6077072078125 0.541469046875 0.6109695828125
2 0.6130838578125 0.8431486578125 0.6170202734375 0.8149646531249999 0.582253253125 0.81162366875 0.5783168375 0.8398076734375 0.6130838578125 0.8431486578125
2 0.5838448453125 0.7762511437499999 0.5877812609374999 0.748067140625 0.5563079578125001 0.74504266875 0.55237154375 0.773226671875 0.5838448453125 0.7762511437499999
2 0.46261333125000004 0.6890704203125 0.4664610578125 0.6615214109374999 0.4308544625 0.658099746875 0.4270067359375 0.68564875625 0.46261333125000004 0.6890704203125
2 0.3992864375 0.6798085984375 0.402872646875 0.6541320093749999 0.36726605156250003 0.6507103437499999 0.3636798421875 0.6763869328125 0.3992864375 0.6798085984375
2 0.36216049687499996 0.7473248703125 0.3660969125 0.7191408671875 0.3288326953125 0.715559909375 0.3248962796875 0.7437439140625 0.36216049687499996 0.7473248703125
0 0.7511298765625 0.39795761406249996 0.74659695625 0.39917206250000004 0.7418366296875 0.40201470156249997 0.7366214875 0.40811372500000004 0.737637209375 0.4164615578125 0.7455660140625 0.42217362343750003 0.7584825546875 0.42341485624999997 0.7675483953125 0.420985959375 0.77299094375 0.41325874375 0.771975221875 0.4049109125 0.7661991734375 0.39940571875 0.7511298765625 0.39795761406249996
0 0.7217791499999999 0.6393437828125 0.7234770921875 0.6428070390625 0.7357114109375 0.6489328484375 0.751008115625 0.648752759375 0.7559958499999999 0.6442819296875 0.75781510625 0.6312563921875001 0.7539644062499999 0.6275862640625001 0.7458081937500001 0.6235023921875 0.730511490625 0.623682478125 0.7233709984375001 0.6279464375 0.7217791499999999 0.6393437828125
0 0.347669075 0.80304860625 0.34880611093749997 0.7949076453125 0.34325746874999996 0.7877742624999999 0.33702660624999997 0.7855254515625 0.326262821875 0.7844910921875 0.31719698125 0.7869199890624999 0.312209246875 0.79139081875 0.30869204843750003 0.8009531000000001 0.316393446875 0.8082933578124999 0.32047155312500003 0.81033529375 0.32670241718750004 0.8125841015624999 0.3376936078125 0.8119902703124999 0.3448340984375 0.8077263125 0.347669075 0.80304860625
0 0.3970468421875 0.38703214375 0.3925139203125 0.3882465921875 0.387298778125 0.3943456140625 0.38808709375 0.4043216390625 0.39193779218749997 0.4079917671875 0.4022467625 0.4122825109375 0.41561811562499995 0.41026736250000007 0.42037844375000005 0.407424721875 0.4221977 0.3943991859375 0.41834699999999997 0.3907290578125 0.41426889375 0.3886871203125 0.3970468421875 0.38703214375
0 0.4634635703125 0.5831697328125001 0.458248428125 0.58926875625 0.45779361406249997 0.5925251406250001 0.4631148484375 0.6012867171875 0.47342381875 0.6055774609375 0.48464241562500004 0.6033554390625 0.4894027421875 0.6005128 0.4920103125 0.5974632859375 0.4933747546875 0.5876941328124999 0.4878261140625 0.58056075 0.47513698125000003 0.577691325 0.4634635703125 0.5831697328125001
2 0.5805920640625 0.41622049062500005 0.5686912468750001 0.42332709218750003 0.5673268046875 0.43309624375 0.5731028546875 0.4386014375 0.5771809593749999 0.4406433734375 0.59225025625 0.44209147812499994 0.599163340625 0.4394557109375 0.605060703125 0.428472109375 0.6016648171875 0.42154559843749995 0.5956613625 0.4176685953125 0.5851249859375 0.41500604531249996 0.5805920640625 0.41622049062500005
2 0.5182073359375 0.5504793734375 0.5089140859375 0.5545364625 0.5063065171875001 0.557585971875 0.5047146671875 0.56898331875 0.506412609375 0.5724465750000001 0.5145688234375 0.576530446875 0.5274853625 0.5777716796875 0.5391587734375001 0.572293271875 0.540750621875 0.560895928125 0.5352019796875 0.55376254375 0.5289711171875 0.5515137343750001 0.5182073359375 0.5504793734375
2 0.5414176234375 0.5873607453125 0.5354141671875 0.58348374375 0.522497628125 0.5822425109375 0.5134317875 0.5846714078125 0.5079892390625 0.5923986234374999 0.5070796109375 0.598911390625 0.5087775531250001 0.6023746484375 0.516706359375 0.6080867125 0.5317756546875 0.6095348171875 0.5386887390624999 0.60689905 0.54390388125 0.6008000265625 0.5445861015625 0.59591545 0.5414176234375 0.5873607453125
2 0.7598769890625 0.585253271875 0.7557988828125 0.583211334375 0.7428823421875 0.5819701015625001 0.7335890953125 0.5860271906250001 0.7309815234375 0.5890767015625 0.7298444890625 0.5972176609375001 0.73731848125 0.6061861109375 0.7413965859375 0.608228046875 0.7521603703124999 0.6092624078125 0.763606375 0.6054121921875 0.7662139453125001 0.6023626796875 0.7675783875 0.5925935265625 0.7598769890625 0.585253271875
2 0.4301108375 0.6657669984375 0.42851898750000006 0.677164340625 0.43837314374999997 0.6847114703125 0.45128968281250004 0.6859527046875 0.4558226046875 0.68473825625 0.463190503125 0.6788461046875 0.461159059375 0.6621504390624999 0.4570809515625 0.660108503125 0.44201165624999994 0.6586603984375 0.43747873593750003 0.6598748453125001 0.4301108375 0.6657669984375
2 0.40042705781250004 0.6596144046875 0.39272565937500004 0.652274146875 0.37980912031249997 0.6510329140625 0.3731234421875 0.6520404906249999 0.370743278125 0.6534618078125 0.3650733234375 0.6628172171875 0.36608904531249997 0.6711650484375 0.37401785 0.6768771140625 0.3869343890625 0.678118346875 0.3914673109375 0.6769039015625 0.40121537343749997 0.669590428125 0.40212500156250003 0.6630776609375 0.40042705781250004 0.6596144046875
2 0.3308261828125 0.7205778578125 0.3282186125 0.7236273703125 0.32639935625 0.7366529078124999 0.3362535109375 0.7442000359375001 0.3491700515625 0.7454412671874999 0.353702971875 0.7442268203125 0.36107087031249996 0.73833466875 0.3626627203125 0.7269373234375001 0.36096477656250003 0.7234740671875 0.3549613203125 0.719597065625 0.3444249453125 0.716934515625 0.3308261828125 0.7205778578125
2 0.5822439 0.748038284375 0.5781657921875001 0.7459963453125 0.5695547671875001 0.7451688578125 0.55595600625 0.7488122015625 0.551195678125 0.751654840625 0.5517565859375 0.7632590578125 0.5573052281249999 0.7703924421874999 0.5613833328125 0.7724343796875 0.5742998734375 0.7736756109375 0.5833657140625 0.771246715625 0.5881260421875 0.7684040750000001 0.5897178921874999 0.75700673125 0.5822439 0.748038284375
2 0.6118972375 0.8168896640625001 0.6037410265625 0.8128057921874999 0.5951299999999999 0.811978303125 0.5858367515625 0.816035390625 0.5806216109375 0.8221344140625 0.57925716875 0.8319035671874999 0.5848058109375 0.839036953125 0.5888839156250001 0.8410788874999999 0.60180045625 0.84232011875 0.610638890625 0.8415194171874999 0.6153992171875 0.8386767765625001 0.6174458796875 0.8240230484375 0.6118972375 0.8168896640625001
2 0.7217787015625 0.8736501375 0.70908956875 0.8707807125 0.7002511359375 0.8715814156249999 0.6931106453125 0.8758453765624999 0.6900482593749999 0.882151271875 0.6912913890625 0.8888709125 0.6989927859375 0.8962111687500001 0.7183675968750001 0.8980730187500001 0.7276608453125 0.8940159328125 0.730268415625 0.89096641875 0.7311780437500001 0.8844536515625 0.7294801015625 0.88099039375 0.7217787015625 0.8736501375