1 0.83125 0.3166666671875 0.84375 0.3291666671875 0.846875 0.3291666671875 0.85625 0.3229166671875 0.859375 0.31875 0.859375 0.30416666718749996 0.8578125 0.2979166671875 0.85 0.2833333328125 0.84375 0.275 0.8390625 0.27291666718749996 0.8296875 0.27291666718749996 0.8234375 0.2791666671875 0.8203125 0.2875 0.8203125 0.29375 0.821875 0.3 0.83125 0.3166666671875
1 0.725 0.3166666671875 0.728125 0.31875 0.7359375 0.31875 0.740625 0.3125 0.74375 0.3020833328125 0.74375 0.2875 0.7421875 0.28125 0.7359375 0.2666666671875 0.728125 0.2604166671875 0.7234375 0.2604166671875 0.715625 0.26875 0.7140625 0.2770833328125 0.7140625 0.2875 0.7171875 0.30416666718749996 0.725 0.3166666671875
1 0.6640625 0.3291666671875 0.6765625 0.3291666671875 0.6828125 0.325 0.684375 0.32083333281250004 0.684375 0.3083333328125 0.6828125 0.30416666718749996 0.675 0.29375 0.6640625 0.28958333281250004 0.6515625 0.28958333281250004 0.646875 0.2916666671875 0.64375 0.2958333328125 0.6421875 0.3 0.6421875 0.3083333328125 0.653125 0.3229166671875 0.6640625 0.3291666671875
1 0.559375 0.3104166671875 0.5640625 0.3125 0.5828125 0.3125 0.5875 0.3083333328125 0.590625 0.3 0.590625 0.29375 0.5890625 0.28958333281250004 0.5859375 0.2854166671875 0.575 0.2770833328125 0.5546875 0.2770833328125 0.55 0.2791666671875 0.5453125 0.2854166671875 0.5453125 0.2958333328125 0.5484375 0.3020833328125 0.559375 0.3104166671875
1 0.5421875 0.40416666718750005 0.5546875 0.40833333281249995 0.5609375 0.40833333281249995 0.5703125 0.40416666718750005 0.575 0.39791666718749996 0.575 0.3875 0.571875 0.3791666671875 0.565625 0.375 0.5609375 0.3729166671875 0.5390625 0.3729166671875 0.5328125 0.3770833328125 0.53125 0.38125 0.53125 0.3916666671875 0.5328125 0.3958333328125 0.5421875 0.40416666718750005
1 0.6703125 0.45 0.68125 0.43541666718750005 0.6875 0.41875 0.6875 0.40416666718750005 0.6859375 0.4 0.6828125 0.39791666718749996 0.675 0.39791666718749996 0.66875 0.40208333281249997 0.6625 0.41041666718750003 0.65625 0.425 0.6546875 0.4375 0.65625 0.4458333328125 0.6625 0.45208333281249996 0.6703125 0.45
1 0.7609375 0.6 0.7640625 0.5979166671875 0.7703125 0.58125 0.7734375 0.5666666671875 0.7734375 0.5541666671875001 0.7671875 0.54375 0.75625 0.5458333328125 0.7515625 0.55 0.74375 0.56875 0.7421875 0.58125 0.74375 0.5958333328125 0.7515625 0.6020833328124999 0.7609375 0.6
1 0.784375 0.5520833328125 0.796875 0.55 0.8046875 0.54375 0.815625 0.53125 0.81875 0.5229166671875001 0.81875 0.5125 0.8125 0.50625 0.8015625 0.50625 0.7890625 0.5125 0.784375 0.5166666671875 0.78125 0.5208333328125 0.778125 0.5291666671875 0.7765625 0.5354166671875 0.7765625 0.54375 0.78125 0.55 0.784375 0.5520833328125
1 0.5484375 0.5416666671875 0.5546875 0.5375 0.5625 0.525 0.5671875 0.5083333328124999 0.5671875 0.49375 0.565625 0.4895833328125 0.5609375 0.4875 0.553125 0.4895833328125 0.5421875 0.5020833328125 0.5375 0.5125 0.5359375 0.51875 0.5359375 0.5354166671875 0.5421875 0.5416666671875 0.5484375 0.5416666671875
1 0.4421875 0.4916666671875 0.453125 0.4875 0.4625 0.4791666671875 0.4671875 0.46875 0.4671875 0.46458333281249997 0.465625 0.4604166671875 0.4625 0.4583333328125 0.4578125 0.45625 0.4484375 0.45625 0.4421875 0.4583333328125 0.4265625 0.46875 0.4234375 0.47291666718750003 0.4234375 0.4875 0.4296875 0.4916666671875 0.4421875 0.4916666671875
1 0.591 0.2757395828125 0.544125 0.2757395828125 0.544125 0.31434375000000003 0.591 0.31434375000000003 0.591 0.2757395828125
1 0.6865859375000001 0.2867604171875 0.6420078124999999 0.2867604171875 0.6420078124999999 0.3314895828125 0.6865859375000001 0.3314895828125 0.6865859375000001 0.2867604171875
1 0.7453984375 0.2597916671875 0.7136953125 0.2597916671875 0.7136953125 0.3204583328125 0.7453984375 0.3204583328125 0.7453984375 0.2597916671875
1 0.8616796875 0.2732916671875 0.8216953124999999 0.2732916671875 0.8216953124999999 0.3290416671875 0.8616796875 0.3290416671875 0.8616796875 0.2732916671875
1 0.8203203125 0.5055104171875 0.7771171875 0.5055104171875 0.7771171875 0.5502395828125 0.8203203125 0.5502395828125 0.8203203125 0.5055104171875
1 0.7720625 0.5441145828125 0.74265625 0.5441145828125 0.74265625 0.60109375 0.7720625 0.60109375 0.7720625 0.5441145828125
1 0.68934375 0.3952291671875 0.654875 0.3952291671875 0.654875 0.4509791671875 0.68934375 0.4509791671875 0.68934375 0.3952291671875
1 0.5762890625 0.3713125 0.5303359375000001 0.3713125 0.5303359375000001 0.40931249999999997 0.5762890625 0.40931249999999997 0.5762890625 0.3713125
1 0.5684843749999999 0.4853020828125 0.535390625 0.4853020828125 0.535390625 0.54228125 0.5684843749999999 0.54228125 0.5684843749999999 0.4853020828125
1 0.46875 0.4552604171875 0.421875 0.4552604171875 0.421875 0.4938645828125 0.46875 0.4938645828125 0.46875 0.4552604171875
2 0.46460937500000005 0.38357291718750003 0.43795312500000005 0.38357291718750003 0.43795312500000005 0.41359375 0.46460937500000005 0.41359375 0.46460937500000005 0.38357291718750003
2 0.5418203125 0.2696145828125 0.5160859375 0.2696145828125 0.5160859375 0.30146875 0.5418203125 0.30146875 0.5418203125 0.2696145828125
2 0.62684375 0.3921458328125 0.6015625 0.3921458328125 0.6015625 0.4258541671875 0.62684375 0.4258541671875 0.62684375 0.3921458328125
2 0.7789531249999999 0.34253125 0.753671875 0.34253125 0.753671875 0.3786770828125 0.7789531249999999 0.3786770828125 0.7789531249999999 0.34253125
2 0.7729765625 0.37621875 0.7458671875 0.37621875 0.7458671875 0.4086979171875 0.7729765625 0.4086979171875 0.7729765625 0.37621875
2 0.750453125 0.39521875 0.725640625 0.39521875 0.725640625 0.4313645828125 0.750453125 0.4313645828125 0.750453125 0.39521875
2 0.766078125 0.42709374999999994 0.7398906249999999 0.42709374999999994 0.7398906249999999 0.46140625 0.766078125 0.46140625 0.766078125 0.42709374999999994
2 0.633734375 0.51409375 0.608453125 0.51409375 0.608453125 0.5447395828125 0.633734375 0.5447395828125 0.633734375 0.51409375
2 0.667734375 0.5428958328125 0.641546875 0.5428958328125 0.641546875 0.5741458328125 0.667734375 0.5741458328125 0.667734375 0.5428958328125
2 0.6249921875 0.5839375 0.6011015625 0.5839375 0.6011015625 0.6151875 0.6249921875 0.6151875 0.6249921875 0.5839375
0 0.6015625 0.45464583281250004 0.575375 0.45464583281250004 0.575375 0.4883541671875 0.6015625 0.4883541671875 0.6015625 0.45464583281250004
0 0.5257343750000001 0.5367604171875 0.5022968750000001 0.5367604171875 0.5022968750000001 0.57353125 0.5257343750000001 0.57353125 0.5257343750000001 0.5367604171875
0 0.5027578125 0.5428958328125 0.4797734375 0.5428958328125 0.4797734375 0.5784374999999999 0.5027578125 0.5784374999999999 0.5027578125 0.5428958328125
0 0.7242656249999999 0.4926458328125 0.698078125 0.4926458328125 0.698078125 0.5281875 0.7242656249999999 0.5281875 0.7242656249999999 0.4926458328125
0 0.7463203125 0.47978125 0.7187421875 0.47978125 0.7187421875 0.51409375 0.7463203125 0.51409375 0.7463203125 0.47978125
2 0.525 0.3020833328125 0.53125 0.3020833328125 0.5359375 0.3 0.540625 0.2916666671875 0.540625 0.2770833328125 0.534375 0.26875 0.528125 0.2666666671875 0.521875 0.26875 0.515625 0.2770833328125 0.515625 0.2916666671875 0.521875 0.3 0.525 0.3020833328125
2 0.4484375 0.4166666671875 0.4546875 0.4166666671875 0.4625 0.41041666718750003 0.4625 0.39375 0.45625 0.38333333281250004 0.4453125 0.38333333281250004 0.440625 0.3875 0.4375 0.3958333328125 0.4375 0.40625 0.4390625 0.41041666718750003 0.4484375 0.4166666671875
2 0.6109375 0.425 0.61875 0.425 0.625 0.41875 0.6265625 0.4145833328125 0.6265625 0.4 0.621875 0.3916666671875 0.61875 0.3895833328125 0.6109375 0.3895833328125 0.60625 0.3916666671875 0.603125 0.3958333328125 0.6015625 0.4 0.6015625 0.4125 0.60625 0.42291666718750004 0.6109375 0.425
2 0.6171875 0.5479166671875 0.6265625 0.5458333328125 0.6296875 0.5416666671875 0.6328125 0.5333333328125 0.63125 0.525 0.628125 0.5166666671875 0.621875 0.5125 0.6140625 0.5125 0.60625 0.5229166671875001 0.60625 0.5354166671875 0.6140625 0.5458333328125 0.6171875 0.5479166671875
2 0.653125 0.5791666671875 0.6578125 0.5791666671875 0.6609375 0.5770833328125 0.6671875 0.56875 0.66875 0.5625 0.6671875 0.5541666671875001 0.6609375 0.54375 0.653125 0.5416666671875 0.64375 0.5479166671875 0.6421875 0.5520833328125 0.6421875 0.5666666671875 0.6453125 0.5729166671875 0.653125 0.5791666671875
2 0.6078125 0.6166666671875001 0.61875 0.6166666671875001 0.621875 0.6125 0.625 0.6041666671875 0.625 0.5979166671875 0.621875 0.5875 0.61875 0.5833333328125 0.6140625 0.58125 0.603125 0.5854166671875001 0.6 0.59375 0.6 0.6041666671875 0.6015625 0.6104166671875 0.6078125 0.6166666671875001
2 0.7375 0.43125 0.740625 0.43125 0.746875 0.4270833328125 0.75 0.41875 0.75 0.41041666718750003 0.746875 0.40208333281249997 0.7421875 0.3958333328125 0.734375 0.3958333328125 0.73125 0.39791666718749996 0.725 0.40625 0.725 0.42291666718750004 0.728125 0.4270833328125 0.7375 0.43125
2 0.7609375 0.4625 0.765625 0.45625 0.765625 0.43958333281249995 0.759375 0.4291666671875 0.75625 0.4270833328125 0.7515625 0.4270833328125 0.7421875 0.43333333281249997 0.740625 0.4375 0.7390625 0.4479166671875 0.7421875 0.4583333328125 0.7484375 0.4625 0.7609375 0.4625
2 0.7640625 0.4125 0.7703125 0.40625 0.7734375 0.3958333328125 0.7734375 0.3916666671875 0.76875 0.38125 0.753125 0.3791666671875 0.746875 0.3875 0.7453125 0.3916666671875 0.7453125 0.39791666718749996 0.75 0.4125 0.7640625 0.4125
2 0.7671875 0.38333333281250004 0.7703125 0.38333333281250004 0.7765625 0.375 0.778125 0.3708333328125 0.7796875 0.3645833328125 0.778125 0.35208333281250004 0.771875 0.3458333328125 0.7609375 0.3458333328125 0.7546875 0.35208333281250004 0.7515625 0.3604166671875 0.7515625 0.36875 0.7546875 0.3770833328125 0.7671875 0.38333333281250004
0 0.7078125 0.5270833328125 0.7125 0.5270833328125 0.715625 0.525 0.721875 0.5166666671875 0.7234375 0.5125 0.7234375 0.5083333328124999 0.7203125 0.5 0.715625 0.49375 0.7046875 0.49375 0.6984375 0.5020833328125 0.696875 0.50625 0.696875 0.5145833328125 0.7015625 0.5229166671875001 0.7078125 0.5270833328125
0 0.7265625 0.5104166671875 0.73125 0.5125 0.7359375 0.5125 0.7390625 0.5104166671875 0.7453125 0.5 0.7453125 0.4916666671875 0.7421875 0.48333333281249996 0.7375 0.4791666671875 0.7265625 0.4791666671875 0.7234375 0.48125 0.7203125 0.4895833328125 0.7203125 0.49791666718750005 0.7234375 0.50625 0.7265625 0.5104166671875
0 0.59375 0.4875 0.5984375 0.48125 0.6 0.475 0.6 0.46666666718750005 0.59375 0.45625 0.590625 0.45416666718750004 0.584375 0.45416666718750004 0.5765625 0.4625 0.575 0.46666666718750005 0.575 0.4770833328125 0.58125 0.4875 0.59375 0.4875
0 0.5109375 0.5708333328124999 0.51875 0.5708333328124999 0.525 0.5645833328125 0.5265625 0.5604166671875 0.5265625 0.5479166671875 0.521875 0.5395833328124999 0.51875 0.5375 0.509375 0.5375 0.5046875 0.54375 0.503125 0.5479166671875 0.503125 0.5604166671875 0.50625 0.5666666671875 0.5109375 0.5708333328124999
0 0.4875 0.5791666671875 0.49375 0.5791666671875 0.496875 0.575 0.5 0.5666666671875 0.4984375 0.55 0.4921875 0.54375 0.4859375 0.54375 0.4796875 0.55 0.478125 0.5541666671875001 0.478125 0.5708333328124999 0.4828125 0.5770833328125 0.4875 0.5791666671875