1 0.6995012046875 0.5837487390625 0.70608319375 0.580082265625 0.7169750609375 0.571195303125 0.725501075 0.5574229140625 0.7252198546875 0.5474286875 0.71608453125 0.5395469171875 0.707183559375 0.5399936703125 0.6983763265625 0.5437718312500001 0.6831277124999999 0.556213578125 0.6788647078125 0.5630997734375 0.6793334062499999 0.57975681875 0.6839245015625 0.58453055625 0.6995012046875 0.5837487390625
1 0.650896296875 0.5194660109375 0.6576188968750001 0.5207966500000001 0.6799182 0.5213454734375 0.688772303125 0.5192330171874999 0.7019362828125 0.5119000703125 0.7017019328125 0.5035715484375001 0.6993829500000001 0.5003518265625 0.6903413671874999 0.4958014640625 0.679121409375 0.49302849687499994 0.6479680046875 0.49459212968750005 0.64133914375 0.4965929 0.6369823968749999 0.500147684375 0.6372167484375 0.50847620625 0.6418547140624999 0.5149156484375 0.650896296875 0.5194660109375
1 0.57591871875 0.6266487703125 0.5872792859375 0.634418853125 0.5962271296874999 0.6356378046875 0.6028559890625 0.6336370359375 0.6071189968749999 0.6267508421875 0.6066034250000001 0.60842809375 0.6042375734375 0.6035426671875 0.592736396875 0.5907754703125 0.5882390421875 0.58933314375 0.57488758125 0.590003271875 0.570483965625 0.591892353125 0.5662678265625 0.6004442531249999 0.566549046875 0.6104384796875 0.5689617703125001 0.6169896078125 0.57591871875 0.6266487703125
1 0.5385806390625001 0.5668047140625 0.5475753531249999 0.569689371875 0.572053028125 0.568460803125 0.5786818890625 0.5664600328125 0.5918927375 0.560792790625 0.594024240625 0.55734969375 0.59369615 0.5456897625 0.5846545671875 0.5411394015625001 0.5757067250000001 0.53992045 0.5534542921875001 0.54103733125 0.5446001890625001 0.5431497875 0.5336614515625 0.5503710468749999 0.5315299484375 0.5538141421875 0.5340364109375 0.5636966812499999 0.5385806390625001 0.5668047140625
1 0.5665245328124999 0.5303729749999999 0.577838228125 0.5364773515625 0.5890581859374999 0.539250321875 0.59568704375 0.5372495515625 0.6022221640625001 0.531917375 0.601847203125 0.5185917390625 0.5948902546875 0.5089325765625 0.5834828187500001 0.49949678906250006 0.5744881046875 0.49661213281250005 0.5655871328125001 0.497058884375 0.5567799 0.500837046875 0.554601525 0.5026144390625 0.554929615625 0.5142743703125 0.559661321875 0.524045221875 0.5665245328124999 0.5303729749999999
1 0.5207541765625 0.4876327171875 0.5319272625 0.48873997812500003 0.543053478125 0.48818153906250006 0.5518607125 0.484403378125 0.556217459375 0.48084859375000005 0.5582552234375 0.4740740859375 0.5490730296875 0.4645266125 0.531083603125 0.4587572984375 0.5176852734375 0.45776172343750005 0.499930196875 0.46032093281249997 0.4955734515625 0.46387571875000005 0.49348881718750004 0.46898452031250004 0.498173653125 0.477089665625 0.5117594640625 0.48474805937500004 0.5207541765625 0.4876327171875
1 0.5318356843750001 0.643873871875 0.54291503125 0.641649728125 0.5560321390625 0.6326510765625 0.55570405 0.620991146875 0.5488877109375 0.616329096875 0.5354425109375 0.6136678156250001 0.515415321875 0.6146730093749999 0.49993235937499997 0.6187862359375 0.4933972375 0.6241184125 0.49372532812500003 0.6357783421875001 0.50281378125 0.641994409375 0.5184842234375 0.6445440015624999 0.5318356843750001 0.643873871875
1 0.3156813484375 0.5646478875 0.331492403125 0.5721945953125 0.3492943484375 0.5713010890625 0.35365109375000003 0.5677463046875 0.355735728125 0.562637503125 0.3555482484375 0.5559746859375 0.3531823953125 0.5510892593750001 0.3395028453125 0.54009945625 0.3260107765625 0.535772471875 0.317062934375 0.5345535203125 0.312612446875 0.5347768953125 0.3016268390625 0.5403324484375001 0.301861190625 0.5486609734375001 0.3042270421875 0.5535463984375 0.3156813484375 0.5646478875
1 0.3128222796875 0.463039915625 0.3173196375 0.4644822421875 0.32844585312499996 0.46392380156249996 0.3393377203125 0.45503684062499994 0.347676253125 0.43460163281249997 0.3451229203125 0.4230533890625 0.3428039375 0.4198336703125 0.333809225 0.41694901250000005 0.3293587375 0.4171723890625 0.32495512187500003 0.4190614703125 0.316241628125 0.426171040625 0.30980024687499996 0.43483462656249994 0.3077624859375 0.44160913281249997 0.30823118437499997 0.458266178125 0.3128222796875 0.463039915625
1 0.6545254796875 0.4108601546875 0.658975965625 0.4106367796875 0.6765904328125 0.40308045625 0.6918859140625 0.39230441250000003 0.696148921875 0.38541821718749997 0.6980929453125 0.3753123015625 0.691229734375 0.36898455 0.6756530328125 0.3697663671875 0.6690241718750001 0.37176713437500003 0.6472404390625 0.38954106093749996 0.642977434375 0.3964272546875 0.6432117828125 0.4047557765625 0.6478028796874999 0.4095295140625 0.6545254796875 0.4108601546875
0 0.7167386625 0.627337284375 0.71597374375 0.6001529875 0.679012453125 0.602008125 0.6797773703125001 0.6291924234375 0.7167386625 0.627337284375
0 0.55784421875 0.3596826890625 0.557107421875 0.333497815625 0.5207914515625001 0.335320565625 0.521528246875 0.3615054390625 0.55784421875 0.3596826890625
0 0.7059954421875 0.363139184375 0.70516115625 0.33348964375 0.67347369375 0.3350800828125 0.6743079796875 0.364729621875 0.7059954421875 0.363139184375
0 0.57059819375 0.319959975 0.5699448265625 0.2967400546875 0.5402378296875 0.298231090625 0.540891196875 0.3214510109375 0.57059819375 0.319959975
0 0.3237165109375 0.21507023125 0.32288222499999997 0.185420690625 0.28723382656249996 0.1872099328125 0.28806811250000003 0.2168594734375 0.3237165109375 0.21507023125
2 0.7261555515625 0.4215018078125 0.7252936125 0.3908695 0.69360615 0.3924599390625 0.6944680890625 0.42309224375000004 0.7261555515625 0.4215018078125
2 0.6895739265625 0.2491593828125 0.688795415625 0.22149203125 0.6498536578125 0.223446571875 0.65063216875 0.25111392499999996 0.6895739265625 0.2491593828125
2 0.7190400218749999 0.145261740625 0.7182333890625 0.11659496875 0.6852330296875 0.11825130156250001 0.6860396609375 0.1469180765625 0.7190400218749999 0.145261740625
2 0.628466784375 0.1686067390625 0.6276882734375 0.1409393890625 0.59402034375 0.14262923125 0.5947988546875 0.17029658125 0.628466784375 0.1686067390625
2 0.583396875 0.234705403125 0.5825902421875 0.206038628125 0.5442938046875 0.20796078125 0.5451004375 0.23662755624999998 0.583396875 0.234705403125
2 0.6606091046875 0.370871734375 0.6597748203125 0.34122219375 0.6261068875 0.342912034375 0.626941171875 0.372561575 0.6606091046875 0.370871734375
2 0.56007799375 0.39273988593750003 0.559354790625 0.36703806562499997 0.5250192874999999 0.3687614125 0.525742490625 0.3944632328125 0.56007799375 0.39273988593750003
2 0.52932068125 0.591714859375 0.5286809046875 0.56897799375 0.4937000796875 0.57073373125 0.49433985625 0.593470596875 0.52932068125 0.591714859375
2 0.36326109687499997 0.3521430015625 0.3625378921875 0.3264411796875 0.3288699609375 0.328131021875 0.3295931640625 0.353832840625 0.36326109687499997 0.3521430015625
2 0.3289813328125 0.2845724640625 0.32820282343749996 0.25690511250000003 0.2952024625 0.258561446875 0.29598097343749996 0.2862287984375 0.3289813328125 0.2845724640625
1 0.7300319 0.582625034375 0.7287387562500001 0.5366682484374999 0.6798946671875 0.539119803125 0.6811878109375 0.5850765874999999 0.7300319 0.582625034375
1 0.703858090625 0.5215951046875 0.70300974375 0.4914458546875 0.6350063078125 0.49485904375 0.635854653125 0.52500829375 0.703858090625 0.5215951046875
1 0.69999234375 0.4079692671875 0.6988801203125 0.3684421 0.6427594828125 0.3712588734375 0.64387170625 0.410786040625 0.69999234375 0.4079692671875
1 0.6045009046875001 0.5384585484375 0.6032494749999999 0.49398423906250005 0.551089771875 0.49660220781250003 0.5523412015625 0.5410765171875 0.6045009046875001 0.5384585484375
1 0.5960587171875 0.5670891171875 0.59522443125 0.537439578125 0.531181928125 0.5406539609375 0.5320162140625 0.5703035 0.5960587171875 0.5670891171875
1 0.61124286875 0.63709431875 0.6098522359375 0.5876728671875 0.5656143984375 0.589893228125 0.56700503125 0.639314678125 0.61124286875 0.63709431875
1 0.55785053125 0.6422345390624999 0.5570162453124999 0.6125849999999999 0.49166085 0.6158652796874999 0.49249513437500003 0.6455148203125 0.55785053125 0.6422345390624999
1 0.55881419375 0.4887916546875 0.5578271124999999 0.45371191718750004 0.495765078125 0.4568268984375 0.496752159375 0.4919066359375 0.55881419375 0.4887916546875
1 0.34849563125 0.4617414953125 0.3472165515625 0.4162844203125 0.305626753125 0.41837187187499997 0.3069058328125 0.4638289453125 0.34849563125 0.4617414953125
1 0.3582052875 0.5716044625000001 0.35705135 0.5305948171875 0.3002853921875 0.5334439796875 0.3014393296875 0.5744536265625 0.3582052875 0.5716044625000001
2 0.7038557921875 0.4217286515625 0.7149820078125 0.42117021093749996 0.7216108671875 0.41916944218749996 0.7280991171875 0.4121715609375 0.727771028125 0.40051162968750004 0.723226803125 0.397403596875 0.71200684375 0.394630628125 0.7053311156250001 0.3949656921875 0.6921202640625 0.4006329328125 0.6899887609375 0.40407603124999997 0.6902231109375 0.412404553125 0.6925889640625 0.417289978125 0.6971331921874999 0.4203980109375 0.7038557921875 0.4217286515625
2 0.6620672234375 0.362107971875 0.664011246875 0.35200205625000003 0.66164539375 0.3471166296875 0.6526038109375001 0.3425662703125 0.63925235 0.3432363984375 0.634848734375 0.34512547968749996 0.626182109375 0.35390075468750004 0.6264164609375 0.362229278125 0.6287354421875 0.365448996875 0.6377770265625 0.369999359375 0.65335373125 0.3692175421875 0.6620672234375 0.362107971875
2 0.663424290625 0.2519480984375 0.6723252640624999 0.251501346875 0.6811324984375 0.24772318593749998 0.6854892453125 0.2441684015625 0.68970538125 0.23561650156249997 0.6872926578125 0.22906537343750003 0.6827015609375 0.22429163437500002 0.6737068484375001 0.22140697812500001 0.664805875 0.2218537296875 0.6516418953125 0.2291866765625 0.6495103921875 0.23262977343750002 0.6497916125 0.2426240015625 0.656654821875 0.24895175625000002 0.663424290625 0.2519480984375
2 0.7072015921875 0.1446632671875 0.7160088265625 0.14088510625 0.7224970749999999 0.13388722343749998 0.722262725 0.12555870156249999 0.7176716296875 0.120784965625 0.7109021578125 0.1177886203125 0.699729071875 0.1166813546875 0.6931002125 0.118682125 0.682208346875 0.1275690875 0.6824895671875 0.1375633140625 0.6870806625 0.1423370515625 0.69830061875 0.14511001875 0.7072015921875 0.1446632671875
2 0.607628084375 0.1696776859375 0.6187074296875 0.167453540625 0.62528941875 0.1637870671875 0.629552428125 0.1569008734375 0.629364946875 0.1502380546875 0.6270459640625 0.147018334375 0.6202296234375 0.1423562859375 0.6112817796875001 0.141137334375 0.5980240609374999 0.1451388703125 0.5915358109375 0.152136753125 0.5918639015625 0.163796684375 0.5941828828125 0.16701640625 0.607628084375 0.1696776859375
2 0.5582754171875 0.2372089859375 0.5671763890625 0.236762234375 0.5715800078125 0.23487315312499998 0.5781151265625 0.2295409765625 0.580199759375 0.224432175 0.5800122812499999 0.21776935625 0.5776464265625 0.21288393125 0.5686048453125 0.2083335703125 0.553028140625 0.20911538749999997 0.5486245249999999 0.2110044671875 0.54218314375 0.2196680546875 0.54468960625 0.22955059218749999 0.5537780609375 0.235766659375 0.5582754171875 0.2372089859375
2 0.352102225 0.354312753125 0.356505840625 0.35242367343750003 0.3629940921875 0.3454257921875 0.3627597421875 0.33709726875 0.358121775 0.330657828125 0.34690181875000003 0.3278848578125 0.3357756015625 0.3284432984375 0.3313719859375 0.3303323796875 0.32701523906249996 0.33388716406249996 0.3273902 0.3472128015625 0.3297560515625 0.3520982265625 0.336525521875 0.3550945703125 0.352102225 0.354312753125
2 0.3167550359375 0.2860284875 0.32556227031249996 0.2822503265625 0.329872146875 0.27702983593749997 0.3295440578125 0.2653699046875 0.324952959375 0.26059616874999997 0.315958246875 0.2577115109375 0.3070572734375 0.258158265625 0.2938464234375 0.26382550625 0.2917149203125 0.2672686015625 0.291996140625 0.2772628296875 0.2965872359375 0.2820365671875 0.3078540640625 0.286475240625 0.3167550359375 0.2860284875
2 0.5337530312500001 0.39523715312499996 0.544879246875 0.39467871250000003 0.55150810625 0.39267794375 0.5558648546875 0.389123159375 0.5579494875 0.38401435781250004 0.5576213984375 0.37235442500000004 0.555302415625 0.3691347046875 0.5463077015625 0.36625004843750003 0.530730996875 0.367031865625 0.5241490078125 0.37069833750000003 0.52201750625 0.37414143437499997 0.5223455968749999 0.385801365625 0.5269835609375 0.392240809375 0.5337530312500001 0.39523715312499996
2 0.499229309375 0.5938006671875 0.5037266640625 0.5952429953125 0.5193033687499999 0.594461178125 0.523706984375 0.5925720984375 0.5280637328125 0.5890173140625 0.530148365625 0.5839085109375 0.5299608859375 0.5772456953125 0.5275950328125 0.57236026875 0.5230508046875 0.569252234375 0.5163282046875 0.567921596875 0.5074272328125 0.5683683484375 0.500798371875 0.5703691171874999 0.494263253125 0.57570129375 0.494591340625 0.587361225 0.499229309375 0.5938006671875
0 0.6985414515625 0.6288344484375 0.7096207984375 0.626610303125 0.716109046875 0.6196124203125 0.7158278265625 0.60961819375 0.71123673125 0.60484445625 0.70224201875 0.6019598 0.688890559375 0.6026299296875 0.6844869421875 0.6045190093749999 0.680177065625 0.6097395 0.6804582859375 0.6197337265625 0.68277726875 0.622953446875 0.6895936093749999 0.6276154968750001 0.6985414515625 0.6288344484375
0 0.5305903875 0.362034753125 0.5439418484375 0.3613646234375 0.5505238375 0.35769814843750003 0.5548805859375 0.35414336562500004 0.5569652171875 0.3490345640625 0.5544587546875 0.3391520234375 0.547642415625 0.334489975 0.5409198171875 0.333159334375 0.5342440859375001 0.3334943984375 0.52984046875 0.33538347968750004 0.5211738453125 0.3441587546875 0.5214081968750001 0.352487278125 0.5237740484375 0.35737270312499997 0.5305903875 0.362034753125
0 0.569379278125 0.3150503453125 0.5623285890624999 0.3020597734375 0.5532870062499999 0.2975094109375 0.546611275 0.2978444765625 0.542207659375 0.29973355625 0.5378977828125 0.304954046875 0.537991521875 0.3082854546875 0.5449484734375 0.31794461875 0.5539900546875 0.322494978125 0.5650694015625 0.320270834375 0.569379278125 0.3150503453125
0 0.3103360125 0.2162922765625 0.3169648734375 0.21429150625 0.32340625156249997 0.2056279203125 0.3232656421875 0.2006308078125 0.32089978750000003 0.19574538125000002 0.3118113359375 0.189529315625 0.3006382484375 0.188422053125 0.2940093875 0.19042281875 0.283117521875 0.199309784375 0.283351871875 0.20763830625000002 0.2924871953125 0.215520075 0.296984553125 0.2169624046875 0.3103360125 0.2162922765625
0 0.6999432296875 0.361874978125 0.70652521875 0.35820850625 0.710788225 0.3513223109375 0.710553875 0.3429937890625 0.7037375359375 0.33833174062500004 0.69251758125 0.335558771875 0.6814382343750001 0.33778291562499996 0.672724740625 0.3448924859375 0.6730997000000001 0.358218121875 0.6844133968749999 0.3643225 0.6933143703125 0.36387574843750004 0.6999432296875 0.361874978125