1 0.352832159375 0.768123378125 0.3510254734375 0.773686540625 0.3563116859375 0.789202190625 0.3609908953125 0.7975032171875001 0.3673286203125 0.8052391859375 0.376983375 0.8118450328125 0.3851277875 0.8140178375 0.3967374 0.81006241875 0.4011059453125 0.8011526171875 0.4004989421875 0.79393799375 0.3974782484375 0.78507190625 0.3855579734375 0.77181649375 0.375903215625 0.765210646875 0.3629314265625 0.75973491875 0.35795587812499996 0.7614300968750001 0.352832159375 0.768123378125
1 0.3389427046875 0.738222196875 0.3475459484375 0.7526077265625 0.3572007046875 0.759213575 0.3654932859375 0.756388278125 0.3677444796875 0.73583080625 0.36713747812499997 0.7286161828125 0.3595857484375 0.7064509671875 0.350079159375 0.694847015625 0.34525178125 0.6915440937499999 0.33786254375 0.691587809375 0.3345455109375 0.692717928125 0.32942179375 0.699411209375 0.3306358 0.7138404578124999 0.3389427046875 0.738222196875
1 0.3506431921875 0.6204405359375 0.35441905625 0.6315231421874999 0.360001609375 0.6370425890625 0.3657323296875 0.63756393125 0.3823174921875 0.631913334375 0.38909972656249997 0.6246549953125 0.3961783 0.607400446875 0.3963264703125 0.60240234375 0.39406094999999997 0.5957527781249999 0.386064709375 0.5885818734375 0.374603265625 0.5875391875 0.36043179531249997 0.5948412453125 0.3562114203125 0.5987529453125 0.3500361875 0.613225909375 0.3506431921875 0.6204405359375
1 0.344778625 0.6521243296875 0.3499023421875 0.6454310484375 0.3535157140625 0.6343047234375 0.3491328453125 0.6160074921875001 0.33916742499999997 0.5921908140625 0.3295126671875 0.5855849656250001 0.32122008750000003 0.5884102640625 0.31760671406249996 0.5995365890625 0.319427725 0.6211804625 0.3277346296875 0.6455622 0.3316586640625 0.65164670625 0.3381445578125 0.6543845687500001 0.344778625 0.6521243296875
1 0.31412718906250003 0.578457778125 0.3213682578125 0.5834121624999999 0.33599856250000004 0.58832283125 0.33931559375 0.5871927125 0.3444393109375 0.58049943125 0.344735653125 0.5705032250000001 0.34322530625000003 0.56607018125 0.329039509375 0.5461652046875 0.3145573734375 0.5362564328125 0.31048516875 0.5351700312500001 0.297217040625 0.5396905078125 0.2945070125 0.5480352515625 0.298282878125 0.5591178593749999 0.31412718906250003 0.578457778125
1 0.37715080156249997 0.5569855109375 0.38529521093749997 0.5591583171875001 0.395246309375 0.5557679578125 0.3994666859375 0.5518562578124999 0.4012733703125 0.54629309375 0.4006663671875 0.539078471875 0.3944768125 0.526344403125 0.3768258140625 0.512567646875 0.362195509375 0.507656978125 0.3555614453125 0.5099172140625 0.3511928984375 0.5188270187499999 0.3557239375 0.5321261484375001 0.363572009375 0.5442951593750001 0.37715080156249997 0.5569855109375
1 0.6665307515625 0.5425027640625 0.671061790625 0.5558018953125 0.676496171875 0.5663194421875 0.6867579328125 0.580139915625 0.70124006875 0.5900486875000001 0.7111911656250001 0.586658328125 0.7146563671874999 0.5805301046875 0.7140493640625001 0.5733154828125 0.7087631515624999 0.55779983125 0.7040839421875 0.5494988046875 0.6953325296874999 0.5401113750000001 0.6825089109375 0.5296375453125 0.6767781875 0.5291162015624999 0.6684856078125 0.5319415000000001 0.6665307515625 0.5425027640625
1 0.602422046875 0.7944090984375001 0.60815276875 0.794930440625 0.6181038640625001 0.7915400828125 0.6274479578125 0.7809351 0.6345265328125 0.7636805546875001 0.6339195281250001 0.7564659296875 0.6286333187500001 0.7409502796874999 0.62139225 0.7359958921875001 0.6081241203125 0.74051636875 0.5995352015625001 0.7533378734375 0.5941151421875001 0.7700273609375 0.5939669734375 0.7750254640625001 0.599253184375 0.7905411140624999 0.602422046875 0.7944090984375001
1 0.7037397000000001 0.7549423578125001 0.7158081468749999 0.76319966875 0.7224422125000001 0.7609394296875001 0.7266625875 0.7570277296875 0.7284692734375 0.75146456875 0.728617440625 0.7464664640625001 0.7233312296875 0.7309508140625 0.7115591234374999 0.7126973 0.70114919375 0.7038749296875 0.6930047828125 0.701702125 0.6847122031249999 0.7045274234375001 0.6820021734374999 0.712872165625 0.6895539046875 0.7350373796875 0.7037397000000001 0.7549423578125001
1 0.5465728140625 0.40773211875 0.5542583921875 0.397692196875 0.5589232765625 0.3787861890625 0.5577092718750001 0.364356940625 0.5539334046875 0.3532743328125 0.5450338203125 0.34888500625 0.53839975625 0.35114524375 0.5341793796875 0.35505694375 0.5298108359375 0.3639667484375 0.5274114703125 0.389522321875 0.5302839921875 0.4033865109375 0.5382802359375 0.41055741718750005 0.5465728140625 0.40773211875
1 0.7108880562500001 0.694075496875 0.678231871875 0.7052015203125 0.7001772046875 0.7696136359375 0.7328333875 0.7584876140625 0.7108880562500001 0.694075496875
1 0.6276181390625 0.7332438984375 0.5835679500000001 0.7482518828125 0.6010351046875 0.7995200265625 0.64508529375 0.78451204375 0.6276181390625 0.7332438984375
1 0.696510109375 0.52115659375 0.6612666421875 0.533164109375 0.6839218375 0.5996597546875 0.719165303125 0.5876522390625001 0.696510109375 0.52115659375
1 0.5526285578125 0.3467551203125 0.5147978046875 0.35964412968750004 0.53344303125 0.4143700453125 0.5712737828125001 0.40148103593749995 0.5526285578125 0.3467551203125
1 0.3869665046875 0.7518553484375 0.346017740625 0.76580666875 0.365131171875 0.8219068296875 0.4060799359375 0.8079555078125 0.3869665046875 0.7518553484375
1 0.35300539375 0.6861317546875 0.3229364953125 0.6963762859375 0.346769759375 0.7663297046875 0.3768386578125 0.7560851734375 0.35300539375 0.6861317546875
1 0.3894266234375 0.582476471875 0.3412301453125 0.598897103125 0.3560995046875 0.6425404140625 0.4042959828125 0.62611978125 0.3894266234375 0.582476471875
1 0.3370666109375 0.5833081796874999 0.30804257968750004 0.593196725 0.3306977734375 0.6596923703125 0.35972180468750004 0.6498038265625 0.3370666109375 0.5833081796874999
1 0.3312976359375 0.5273123015625 0.2898347328125 0.5414387921875 0.3087140609375 0.59685183125 0.3501769640625 0.5827253421874999 0.3312976359375 0.5273123015625
1 0.3865401125 0.49764342656249994 0.34715035625 0.5110635921875 0.3665054421875 0.5678730390625 0.40589519999999996 0.5544528734374999 0.3865401125 0.49764342656249994
2 0.6658307234375 0.69086066875 0.6404388421875 0.6995117296875 0.6522421984375 0.7341559625 0.6776340796875 0.7255049 0.6658307234375 0.69086066875
2 0.704834725 0.5863378015625 0.6789121171875 0.59516968125 0.6907154734375001 0.6298139140625 0.7166380796875 0.6209820328125 0.704834725 0.5863378015625
2 0.5087873578125001 0.5796964499999999 0.4818364703125 0.58887866875 0.49576186250000004 0.629751325 0.52271275 0.6205691046874999 0.5087873578125001 0.5796964499999999
2 0.5442207109375 0.53594709375 0.517783965625 0.5449541453125 0.5293456640625 0.5788890890625 0.5557824124999999 0.5698820390625 0.5442207109375 0.53594709375
2 0.5511005734375 0.47638387499999996 0.5236355453125 0.4857412640625 0.536616971875 0.52384326875 0.564082 0.5144858812499999 0.5511005734375 0.47638387499999996
2 0.4604423390625 0.4887053609375 0.4334914515625 0.4978875796875 0.44552891250000004 0.533218934375 0.4724798 0.5240367140625 0.4604423390625 0.4887053609375
2 0.3525394515625 0.52006280625 0.327661709375 0.5285387 0.339465065625 0.56318293125 0.3643428078125 0.5547070374999999 0.3525394515625 0.52006280625
2 0.30930616718750004 0.6631337578125 0.28131041562500003 0.6726719640625001 0.29358197812500003 0.7086904374999999 0.3215777296875 0.69915223125 0.30930616718750004 0.6631337578125
2 0.2606433578125 0.435412115625 0.23369247187500003 0.4445943328125 0.24643979374999997 0.4820092171875 0.27339067968749997 0.47282699843750003 0.2606433578125 0.435412115625
2 0.26908217031250004 0.8693129734375 0.2426454234375 0.8783200250000001 0.255860953125 0.9171091499999999 0.2822977 0.9081021 0.26908217031250004 0.8693129734375
0 0.420963046875 0.6113376578125 0.3922209640625 0.6211301406249999 0.4053081140625 0.659542459375 0.4340501984375 0.6497499765625 0.420963046875 0.6113376578125
0 0.287562284375 0.5330846593749999 0.261026025 0.5421256140625 0.27386396875 0.5798064796875 0.3004002265625 0.5707655265625 0.287562284375 0.5330846593749999
0 0.18919998437500002 0.45444668593750004 0.162116415625 0.46367410781249996 0.1747051515625 0.5006235234374999 0.2017887203125 0.49139609999999995 0.18919998437500002 0.45444668593750004
0 0.4326827609375 0.42838927812499994 0.4061465046875 0.43743023281250004 0.41949041249999997 0.4765961671875 0.446026671875 0.46755521250000004 0.4326827609375 0.42838927812499994
0 0.6060529406249999 0.3396483703125 0.5784054765625 0.34906791406250004 0.5897330734375 0.38231573750000003 0.6173805375 0.3728961921875 0.6060529406249999 0.3396483703125
2 0.674464765625 0.717913984375 0.6746129359374999 0.7129158828125 0.6700818984375 0.6996167546875001 0.6644993453125 0.6940973078125 0.6563549359375 0.6919245046875 0.6464038375000001 0.6953148609375 0.6436938078125001 0.7036596046875 0.6497351953125 0.7213917765625 0.65607291875 0.72912774375 0.660145125 0.7302141468750001 0.6717547374999999 0.7262587296875 0.674464765625 0.717913984375
2 0.712715834375 0.6182984078125 0.7130121734375 0.6083022 0.7084811359375001 0.5950030734375 0.70124006875 0.5900486875000001 0.6930956593750001 0.58787588125 0.6848030765625001 0.5907011796875 0.6820930484375001 0.5990459234375 0.688134434375 0.61677809375 0.6913032953125 0.6206460796875 0.70261656875 0.6266868671875 0.7075921171874999 0.6249916890625 0.712715834375 0.6182984078125
2 0.4904317015625 0.6123952890625 0.4943557390625 0.61847979375 0.50159680625 0.6234341796875 0.510644559375 0.622825403125 0.5183301375 0.61278548125 0.5184783078125 0.607787378125 0.5131920953125 0.592271728125 0.5100232328125001 0.58840374375 0.5042925109375 0.587882403125 0.49946513281250005 0.5845794765625 0.49283106875 0.586839715625 0.48770735 0.5935329984375 0.4881661828125 0.6057457234375 0.4904317015625 0.6123952890625
2 0.5202563453125 0.5478101453125 0.5208633484375 0.5550247703125 0.5238840406249999 0.5638908578125 0.5278080765625 0.5699753609375 0.5374628343750001 0.5765812109375 0.54741393125 0.5731908515625 0.5492206171875 0.5676276890625 0.5508791328125 0.5670626296875 0.5519306453125 0.559282946875 0.5513236421875 0.552068321875 0.5466444328125 0.54376729375 0.543475571875 0.5398993109375 0.54181705625 0.540464371875 0.5369896765625 0.537161446875 0.5253800640625 0.5411168640625 0.5202563453125 0.5478101453125
2 0.5440682515625 0.5199069 0.554019346875 0.51651654375 0.55658120625 0.5131699015625 0.5558260328125 0.5109533796875 0.5576327203125 0.50539021875 0.5577808906249999 0.500392115625 0.5540050234375 0.48930950624999997 0.5460087812500001 0.48213860156250005 0.5419365765624999 0.48105219843749997 0.5303269640625 0.4850076171875 0.528520278125 0.49057077812500005 0.528372109375 0.49556888125 0.53441349375 0.513301053125 0.5440682515625 0.5199069
2 0.463379315625 0.500395375 0.453724559375 0.49378952812500004 0.449652353125 0.4927031265625 0.43970125624999995 0.49609348437499995 0.436087884375 0.5072198078125 0.4406189234375 0.5205189375 0.4469566484375 0.5282549046875 0.4517840265625 0.5315578296875 0.46505215624999996 0.5270373515625 0.468665528125 0.5159110265625 0.463379315625 0.500395375
2 0.345787165625 0.562723540625 0.3515178859375 0.563244884375 0.3599586375 0.5554214828124999 0.3617653234375 0.5498583203125 0.357234284375 0.536559190625 0.3548205953125 0.5349077296875 0.35255507656249996 0.5282581640624999 0.3493862125 0.52439018125 0.34697252500000003 0.52273871875 0.3320458796875 0.52782425625 0.3291876796875 0.5411671015625 0.338546096875 0.5577691546875 0.345787165625 0.562723540625
2 0.29246128125 0.6724227593750001 0.2874857328125 0.6741179374999999 0.284627534375 0.687460784375 0.286893053125 0.69411035 0.29398595156249996 0.7040628359375 0.2988133296875 0.7073657625 0.30454405 0.7078871046875 0.3111781171875 0.705626865625 0.31630183437500003 0.6989335859375 0.3155466609375 0.6967170625 0.31735334531250003 0.6911539 0.312067134375 0.67563825 0.30241237656250003 0.6690324015625 0.297436828125 0.67072758125 0.2950231390625 0.66907611875 0.29246128125 0.6724227593750001
2 0.245974925 0.883691778125 0.24582675625 0.8886898796875 0.25035779375 0.901989009375 0.25745069374999996 0.9119414984375 0.259109209375 0.9113764390625001 0.2639365890625 0.9146793625 0.26800879375000003 0.915765765625 0.2722291671875 0.9118540656249999 0.277649225 0.8951645765625 0.277042221875 0.8879499531249999 0.27387336093750003 0.8840819703125 0.271607840625 0.8774324046875 0.2611979125 0.8686100359375001 0.2529053296875 0.8714353328125 0.2477816125 0.8781286140625 0.245974925 0.883691778125
2 0.25390448125 0.47775905625000004 0.26551409375 0.4738036390625 0.26988263749999997 0.46489383437500004 0.269275634375 0.45767921093749997 0.26549976875 0.4465966015625 0.25343132343749997 0.4383392921875 0.24935911718749998 0.4372528921875 0.2410665375 0.44007818906249996 0.2374531640625 0.45120451250000004 0.2403256875 0.46506870312500004 0.2450048953125 0.47336972812500006 0.24983227343749997 0.4766726515625 0.25390448125 0.47775905625000004
0 0.42440172187499997 0.652208503125 0.42952543906249996 0.645515221875 0.430576953125 0.6377355390624999 0.42845960312500003 0.6260878703125 0.42529074062500005 0.6222198875 0.41563598281249997 0.6156140406249999 0.4099052625 0.6150926953125 0.40402637031250005 0.6195694578125 0.40146451250000004 0.6229160984375001 0.39950965625 0.6334773640625 0.40479586718749994 0.6489930140625 0.416109140625 0.6550338015625 0.42440172187499997 0.652208503125
0 0.4423969609375 0.4605417046875 0.44178995781249997 0.45332708125 0.43560040468750005 0.44059301250000005 0.4259456484375 0.4339871640625 0.41599455 0.4373775203125 0.41162600468750005 0.44628732343750005 0.41147783593750004 0.45128542656250004 0.41449852812500004 0.46015151249999997 0.4184225640625 0.46623601875 0.428077321875 0.4728418671875 0.43968693437499995 0.46888644843750005 0.4423969609375 0.4605417046875
0 0.6109442796875 0.3684839640625 0.6119957921875 0.36070428125 0.6082199265625 0.349621671875 0.6002236875 0.3424507671875 0.59615148125 0.34136436406250004 0.5878589 0.3441896625 0.5825870125 0.3558810453125 0.5878732249999999 0.371396696875 0.5934557765624999 0.37691614218749997 0.5975279812500001 0.37800254375 0.607479078125 0.3746121875 0.6109442796875 0.3684839640625
0 0.2913381484375 0.54416726875 0.28816928750000004 0.540299284375 0.27595267031250004 0.5370400765625 0.265853403125 0.5454285359375 0.2663122375 0.5576412656249999 0.27250179218750004 0.5703753359375 0.283815065625 0.5764161234375 0.2904491296875 0.574155884375 0.2946695046875 0.570244184375 0.2973795359375 0.561899440625 0.2913381484375 0.54416726875
0 0.18937052031249998 0.49479827656250003 0.1926875546875 0.49366815781250006 0.197811271875 0.48697487656250005 0.1981076109375 0.476978671875 0.193576571875 0.4636795421875 0.190407709375 0.45981155781250005 0.180752953125 0.453205709375 0.176680746875 0.4521193078125 0.1700466828125 0.454379546875 0.166285140625 0.470503975 0.1723265265625 0.488236146875 0.18198128281249998 0.49484199375 0.18937052031249998 0.49479827656250003