1 0.7008715390625 0.1602439359375 0.697931978125 0.15465644843749998 0.6919247671875 0.1499728578125 0.6797822625000001 0.147097059375 0.670579321875 0.1498087484375 0.65818065 0.15991571875 0.654984921875 0.1673109984375 0.6537915937500001 0.1762674765625 0.6551973328125 0.1823069125 0.6612045421875 0.18699050156250002 0.66981081875 0.188757053125 0.6912843484375 0.18242977656249998 0.6954172390625 0.1790607875 0.70074345625 0.1667353203125 0.7008715390625 0.1602439359375
1 0.6355949390625 0.274131425 0.633252040625 0.2640656984375 0.6292472359375 0.26094330625 0.6241771843749999 0.2602860046875 0.6113099328125 0.268379828125 0.6039813109375001 0.2791441 0.5991236734375 0.2934827109375 0.5985270093749999 0.29796095 0.600869909375 0.3080266765625 0.6028723125 0.3095878734375 0.6064085390625 0.310697121875 0.6186791265625 0.3070815375 0.626476328125 0.2983304109375 0.6344016124999999 0.28308790156249997 0.6355949390625 0.274131425
1 0.5095684328125001 0.246729290625 0.5046264671875 0.23958060625000002 0.4970854328125 0.23534896249999998 0.4874139125 0.23604750624999998 0.48421818125 0.24344278749999998 0.483024853125 0.2523992640625 0.48630491249999996 0.26649128125 0.4921840390625 0.27766625624999997 0.494655021875 0.2812405984375 0.508671846875 0.2921689765625 0.51374189375 0.292826278125 0.5184714500000001 0.2849790484375 0.5187276171875 0.2719962796875 0.5095684328125001 0.246729290625
1 0.5220888218749999 0.38502025156249997 0.51288588125 0.38773194218749996 0.5046200984375 0.3944699203125 0.50142436875 0.40186520156250005 0.5042358484375 0.41394407187500004 0.5157816890625 0.421298109375 0.5259217890625 0.42261270937499995 0.5412600234375 0.4180932265625 0.547054821875 0.40778090625 0.54718290625 0.401289521875 0.5433061828125 0.39167574374999997 0.5337627453125 0.385882903125 0.5220888218749999 0.38502025156249997
1 0.3996796859375 0.45765931875000004 0.40087301249999996 0.44870284062500004 0.39712437343749996 0.43259768125000003 0.39324765156249997 0.4229839015625 0.385366121875 0.41024773124999997 0.3798274921875 0.407577284375 0.3716897953125 0.40782387968749995 0.369090728125 0.410740921875 0.366363578125 0.42014934843749996 0.36623549375 0.42664073281250003 0.3709212921875 0.4467721828125 0.37680041875 0.457947159375 0.386812434375 0.4657531421875 0.3903486609375 0.4668623921875 0.39754919843750003 0.46258950624999995 0.3996796859375 0.45765931875000004
1 0.5102804484375 0.545538296875 0.49839411250000004 0.52967973125 0.488850675 0.5238868906249999 0.48118155781249994 0.5261466328125 0.47491818124999996 0.5344458109375 0.4747900953125 0.5409371937499999 0.476664415625 0.548989775 0.49102173593750004 0.5684226828125001 0.4950265421875 0.5715450765625001 0.5020989953125 0.5737635734375 0.50870286875 0.5739689265625 0.5143695828125 0.5701479890625001 0.5155629109375 0.5611915109375001 0.5102804484375 0.545538296875
1 0.5103273859375 0.44011495937499995 0.5019772765625 0.42536564375 0.497503890625 0.42023010312500003 0.4939676640625 0.419120853125 0.4847647234375 0.42183254375 0.48216565625 0.4247495859375 0.4805037484375 0.43169291875000004 0.48084424531250003 0.44019744687499995 0.4841243046875 0.4542894640625 0.490472009375 0.4674775828125 0.5040202546875 0.476392815625 0.510155546875 0.47458502343750003 0.5127546140625 0.4716679828125 0.5140760249999999 0.45622012187500005 0.5103273859375 0.44011495937499995
1 0.62391146875 0.5056027453125 0.6045684265625 0.5069998328125 0.5941721578125 0.518668 0.59357549375 0.5231462390625 0.5963869734375 0.5352251109374999 0.605930409375 0.5410179484375 0.6160705125 0.54233255 0.6375440390625 0.5360052765625001 0.64014310625 0.533088234375 0.6407397687499999 0.5286099953125001 0.6374597125 0.5145179796875 0.6329863234374999 0.5093824390624999 0.62391146875 0.5056027453125
1 0.625707825 0.3372787140625 0.620041109375 0.341099653125 0.6168453796875 0.34849493125 0.6190601953125 0.3650520421875 0.6240021625 0.3722007265625 0.6324803546875 0.380458659375 0.6466252609375001 0.38489565468750003 0.6542943796875 0.3826359140625 0.6590239328124999 0.3747886859375 0.65527529375 0.3586835234375 0.6413865546874999 0.3412637609375 0.6323116984375 0.3374840671875 0.625707825 0.3372787140625
1 0.833623640625 0.33624935625 0.817944909375 0.332264309375 0.8056743203125001 0.3358798953125 0.7974085421875 0.3426178734375 0.7937442296875 0.34800000937500003 0.7926789859375 0.350465103125 0.7950218859375 0.36053082812500004 0.8030315 0.36677561718749996 0.818710228125 0.3707606625 0.8325146406249999 0.3666931296875 0.8392465984375 0.36040709843749996 0.8424423296875 0.35301181718749997 0.83963085 0.34093294531249996 0.833623640625 0.33624935625
1 0.4919115109375 0.29997935937500003 0.525149465625 0.29018564062499996 0.5109374375 0.229126946875 0.47769948281249996 0.23892066562499997 0.4919115109375 0.29997935937500003
1 0.6564649765625 0.19482992500000001 0.7081088125 0.1796128296875 0.6990511625 0.1406987328125 0.6474073265625 0.1559158296875 0.6564649765625 0.19482992500000001
1 0.6005396000000001 0.316008203125 0.6445143171875001 0.30305084843749996 0.6338916109375 0.257412846875 0.58991689375 0.27037020312500004 0.6005396000000001 0.316008203125
1 0.5079744749999999 0.430041428125 0.5519491921874999 0.417084071875 0.5428915437499999 0.378169975 0.49891682656249997 0.3911273296875 0.5079744749999999 0.430041428125
1 0.4898666546875 0.48128389687500006 0.5190093 0.47269688125 0.5052658515624999 0.4136513328125 0.47612320625000004 0.4222383484375 0.4898666546875 0.48128389687500006
1 0.3761950625 0.47175347187499994 0.4068715328125 0.4627145078125 0.3926595046875 0.40165581406250006 0.361983034375 0.410694778125 0.3761950625 0.47175347187499994
1 0.4827771765625 0.582328709375 0.519082775 0.5716310953125 0.5061171718749999 0.51592736875 0.46981157187499994 0.52662498125 0.4827771765625 0.582328709375
1 0.598297853125 0.55044121875 0.6448187187500001 0.5367336296875 0.63576106875 0.4978195328125 0.5892402046874999 0.511527121875 0.598297853125 0.55044121875
1 0.79687984375 0.37791374375000003 0.8480021796875 0.3628503109375 0.838785215625 0.32325174375 0.787662878125 0.3383151796875 0.79687984375 0.37791374375000003
0 0.6423634578125 0.275008921875 0.66894461875 0.2671766578125 0.6611333921875 0.233617528125 0.63455223125 0.24144979218749998 0.6423634578125 0.275008921875
0 0.5756256625 0.514086640625 0.597605353125 0.5076102234375 0.5896394968750001 0.47338675312499995 0.5676598046875 0.47986317187500005 0.5756256625 0.514086640625
0 0.5966040640625 0.4985904984375 0.6216514015625 0.49121018281250006 0.6136855437500001 0.4569867140625 0.58863820625 0.464367028125 0.5966040640625 0.4985904984375
0 0.5649139578125 0.550242521875 0.5899612953125 0.542862209375 0.582932596875 0.51266503125 0.5578852609375 0.5200453453125 0.5649139578125 0.550242521875
0 0.47869103125 0.609347284375 0.50220454375 0.60241891875 0.495021215625 0.5715574015625 0.4715077015625 0.57848576875 0.47869103125 0.609347284375
2 0.72532286875 0.2606107171875 0.747824059375 0.2539806359375 0.7409499921875 0.224447796875 0.7184488015625 0.23107787656249998 0.72532286875 0.2606107171875
2 0.550762040625 0.40022415625 0.5773432015625 0.39239189531249996 0.5701598703124999 0.361530378125 0.5435787125 0.369362640625 0.550762040625 0.40022415625
2 0.5798054921875 0.4052943125 0.60384050625 0.398212284375 0.5963432281250001 0.3660019609375 0.5723082140625 0.3730839890625 0.5798054921875 0.4052943125
2 0.6073550453125 0.40866419374999996 0.63445770625 0.40067826718750005 0.6269604281250001 0.3684679453125 0.59985776875 0.3764538703125 0.6073550453125 0.40866419374999996
2 0.71275066875 0.40844654062499997 0.7388256671875 0.40076341875 0.7310144421875 0.36720429062500004 0.7049394437500001 0.374887409375 0.71275066875 0.40844654062499997
2 0.7344820359375 0.43142888125 0.7600508734375 0.42389490468749996 0.752239646875 0.390335775 0.7266708093750001 0.3978697515625 0.7344820359375 0.43142888125
2 0.7885709546874999 0.46424860468749996 0.8141397921875001 0.456714628125 0.8066425140625 0.42450430624999996 0.7810736765625 0.43203828125 0.7885709546874999 0.46424860468749996
2 0.4524014703125 0.4729515015625 0.4764364828125 0.46586947343749996 0.46940778437499997 0.43567229531249996 0.4453727734375 0.44275432343750004 0.4524014703125 0.4729515015625
2 0.4872138203125 0.5121718140625 0.5127826578125 0.5046378359375 0.505753959375 0.4744406578125 0.48018512187500006 0.4819746359375 0.4872138203125 0.5121718140625
2 0.5246097234375 0.53200135 0.5496570625 0.5246210359375 0.5426283640625 0.4944238578125 0.5175810265624999 0.501804171875 0.5246097234375 0.53200135
0 0.6591146265625001 0.24138666718750001 0.6551098203125 0.2382642734375 0.65157359375 0.2371550234375 0.6439044765624999 0.239414765625 0.6381096796875 0.24972708593749998 0.637513015625 0.2542053265625 0.6403244953125 0.266284196875 0.642795478125 0.2698585375 0.648334109375 0.272528984375 0.659070871875 0.2693653484375 0.663800425 0.26151811875000003 0.6643970890625 0.25703988125 0.6620541906249999 0.2469741546875 0.6591146265625001 0.24138666718750001
0 0.590467275 0.47458415781249996 0.590807771875 0.4830886875 0.5982207203125001 0.4938117125 0.605293175 0.4960302109375 0.612962290625 0.4937704703125 0.6166266015625 0.488388334375 0.6178199296875 0.47943185625 0.6159456109375 0.47137927656249995 0.6074674171875001 0.46312134374999997 0.603931190625 0.46201209531250004 0.59472825 0.464723784375 0.590467275 0.47458415781249996
0 0.5703994859375 0.48695086875 0.5692061578125001 0.49590734531249997 0.5710804781250001 0.5039599265625 0.5760224453125 0.511108609375 0.5815610765625 0.51377905625 0.589230190625 0.511519315625 0.5918292593750001 0.5086022734375 0.595024990625 0.50120699375 0.5912763515624999 0.48510183281249997 0.5832667375 0.47885704375 0.5740637984375 0.48156873281249996 0.5703994859375 0.48695086875
0 0.560556125 0.522119478125 0.5599594625 0.5265977140625 0.5637081015625001 0.5427028765624999 0.5717177140625 0.548947665625 0.5809206546875 0.5462359765625 0.5835197234375 0.5433189328125 0.586246875 0.533910509375 0.5834353953125 0.5218316375 0.5809644109375001 0.518257296875 0.5749572015625 0.513573703125 0.5683533265625 0.5133683515625 0.560556125 0.522119478125
0 0.47436208906250005 0.588390025 0.47563974531250003 0.6009208453125 0.48411793750000004 0.609178778125 0.4907218109375 0.6093841296875 0.49591994531249994 0.6035500468749999 0.49805043437499996 0.5986198609375 0.498647096875 0.594141621875 0.4953670375 0.5800496046875 0.487357425 0.5738048171875 0.4796883078125 0.5760645578125 0.4770892390625 0.5789816 0.47436208906250005 0.588390025
2 0.7326100703125 0.22618453593750001 0.7249409515624999 0.22844427656250002 0.722341884375 0.23136131875000002 0.7180809109374999 0.24122169218749998 0.72136096875 0.25531370937500003 0.72583435625 0.26044924687500004 0.7278367593749999 0.2620104453125 0.7416411703125 0.2579429109375 0.7442402359375 0.25502586875 0.745433565625 0.24606939218749999 0.7426220859375 0.23399052031249998 0.740151103125 0.23041617812499998 0.7326100703125 0.22618453593750001
2 0.5466299968749999 0.37778908125 0.5460333328125 0.3822673171875 0.5483762328124999 0.39233304375 0.556854425 0.4005909765625 0.5737264828125 0.395619546875 0.5739826515625001 0.382636778125 0.5716397515625 0.372571053125 0.5651639625 0.36587431718749996 0.5600939109375 0.365217015625 0.5539586187500001 0.36702480937500004 0.549825728125 0.3703938 0.5466299968749999 0.37778908125
2 0.5874465671875 0.3700647171875 0.575175978125 0.373680303125 0.573514071875 0.380623634375 0.5733859890625 0.38711501875 0.5757288875000001 0.39718074375 0.5837385015625001 0.40342553125 0.58880855 0.4040828328125 0.5964776671875 0.4018230921875 0.6007386421875001 0.39196271718750003 0.600398146875 0.3834581890625 0.5949876 0.374296359375 0.5909827953125 0.371173965625 0.5874465671875 0.3700647171875
2 0.6158644640625 0.372447321875 0.6081953484375 0.3747070640625 0.6029972124999999 0.380541146875 0.6024005484375 0.3850193875 0.6061491875 0.4011245484375 0.6101539953125 0.4042469421875 0.6172264484375 0.4064654390625 0.6233617421875 0.4046576453125 0.6285598765625 0.3988235625 0.6288160453125 0.3858407953125 0.6254079015625 0.3782401625 0.6194006921875 0.373556571875 0.6158644640625 0.372447321875
2 0.7075939499999999 0.386291878125 0.7079344453124999 0.39479640625 0.7113425890625 0.4023970390625 0.71534739375 0.4055194328125 0.7224198484375 0.40773793124999996 0.7285551421875 0.40593013750000007 0.7358837625 0.395165865625 0.7326037046875 0.3810738515625 0.7241255109375 0.37281591875000003 0.714453990625 0.37351446250000003 0.70925585625 0.37934854375 0.7075939499999999 0.386291878125
2 0.7358837625 0.395165865625 0.7332846953125001 0.398082909375 0.729023721875 0.40794328125 0.7284270578125 0.412421521875 0.7327723609375 0.42404844375 0.7403133937499999 0.4282800875 0.7499849140625 0.42758154375 0.75258398125 0.4246645 0.7563763765625 0.41279098281250004 0.75450205625 0.4047384015625 0.7495600890625 0.39758971875000004 0.74201905625 0.3933580734375 0.7358837625 0.395165865625
2 0.7838133593750001 0.439125978125 0.7832166953125 0.4436042171875 0.7855595937500001 0.4536699421875 0.790501559375 0.460818628125 0.7955716109375001 0.46147592812499993 0.8063083734375001 0.458312290625 0.811037928125 0.4504650625 0.8072892906250001 0.4343599 0.8008135015625 0.427663165625 0.7911419796875 0.428361709375 0.7870090890625 0.43173069843749995 0.7838133593750001 0.439125978125
2 0.46056404375 0.4375682453125 0.4528949265625 0.4398279859375 0.44923061718749996 0.4452101203125 0.44803728906250007 0.45416660000000003 0.44991160781249995 0.4622191796875 0.4528511703125 0.46780666562500006 0.4603922046875 0.47203830937499996 0.47112896875 0.4688746703125 0.4737280359375 0.4659576296875 0.47432470000000004 0.461479390625 0.4705760625 0.4453742296875 0.4681050765625 0.44179988750000004 0.46056404375 0.4375682453125
2 0.5054259937500001 0.4824322515625 0.49741637968749997 0.4761874640625 0.48667961562500006 0.47935110156249994 0.48408054843750004 0.4822681421875 0.483483884375 0.48674638281249993 0.4833558015625 0.493237765625 0.4861672796875 0.5053166375 0.48863826406250005 0.5088909796875 0.49417689375 0.511561425 0.50644748125 0.5079458390625 0.5085779671874999 0.5030156531250001 0.5097712953125 0.494059175 0.507896975 0.4860065953125 0.5054259937500001 0.4824322515625
2 0.5202518921875 0.5038783046875001 0.519058565625 0.5128347828125001 0.5214014640625 0.522900509375 0.52587485 0.5280360468749999 0.5364835296875 0.5313637953125 0.54368406875 0.5270909078125 0.5459426390625 0.5156693375 0.543599740625 0.5056036109375001 0.5366553703125 0.49689372968749995 0.53311914375 0.49578448125 0.523916203125 0.49849617031250004 0.5202518921875 0.5038783046875001