1 0.7453125 0.3854166671875 0.765625 0.3854166671875 0.771875 0.38125 0.775 0.375 0.775 0.3625 0.7734375 0.3583333328125 0.7609375 0.35 0.7515625 0.3479166671875 0.740625 0.3479166671875 0.7375 0.35 0.7296875 0.3604166671875 0.728125 0.3645833328125 0.7296875 0.3729166671875 0.7375 0.38125 0.7453125 0.3854166671875
1 0.7359375 0.43541666718750005 0.75 0.43541666718750005 0.75625 0.4291666671875 0.75625 0.42291666718750004 0.7515625 0.41041666718750003 0.7484375 0.40625 0.7390625 0.4 0.7328125 0.39791666718749996 0.7234375 0.39791666718749996 0.71875 0.4 0.715625 0.40416666718750005 0.7140625 0.40833333281249995 0.7140625 0.41875 0.7234375 0.43125 0.7359375 0.43541666718750005
1 0.66875 0.47291666718750003 0.6734375 0.47083333281249995 0.6875 0.4583333328125 0.69375 0.44375 0.6953125 0.43333333281249997 0.6890625 0.4270833328125 0.678125 0.4270833328125 0.665625 0.43541666718750005 0.659375 0.4458333328125 0.65625 0.45416666718750004 0.6546875 0.46458333281249997 0.6578125 0.47083333281249995 0.6609375 0.47291666718750003 0.66875 0.47291666718750003
1 0.6859375 0.5208333328125 0.6984375 0.5208333328125 0.7015625 0.5166666671875 0.70625 0.49791666718750005 0.70625 0.4770833328125 0.7046875 0.47083333281249995 0.7 0.46458333281249997 0.69375 0.4604166671875 0.6890625 0.4604166671875 0.684375 0.46666666718750005 0.6796875 0.4791666671875 0.678125 0.49791666718750005 0.6796875 0.5083333328124999 0.6828125 0.5166666671875 0.6859375 0.5208333328125
1 0.5875 0.6354166671875 0.603125 0.6354166671875 0.609375 0.6333333328124999 0.615625 0.6291666671875 0.621875 0.6208333328125 0.6234375 0.6166666671875001 0.6234375 0.6104166671875 0.6203125 0.6041666671875 0.609375 0.6 0.5953125 0.6020833328124999 0.5828125 0.6104166671875 0.5796875 0.6145833328125 0.5796875 0.6291666671875 0.5828125 0.6333333328124999 0.5875 0.6354166671875
1 0.496875 0.6354166671875 0.5125 0.625 0.5171875 0.6166666671875001 0.5171875 0.6083333328125 0.5109375 0.6020833328124999 0.4953125 0.6020833328124999 0.4890625 0.6041666671875 0.4796875 0.6104166671875 0.475 0.6166666671875001 0.4734375 0.6208333328125 0.4734375 0.6291666671875 0.478125 0.6354166671875 0.496875 0.6354166671875
1 0.409375 0.46875 0.4140625 0.47083333281249995 0.4203125 0.46875 0.425 0.4625 0.428125 0.45 0.428125 0.425 0.425 0.4166666671875 0.4203125 0.41041666718750003 0.4109375 0.41041666718750003 0.4078125 0.4125 0.4046875 0.41875 0.4015625 0.4291666671875 0.4015625 0.45416666718750004 0.4046875 0.4625 0.409375 0.46875
1 0.41875 0.34375 0.4359375 0.35208333281250004 0.4390625 0.35208333281250004 0.4453125 0.3479166671875 0.4484375 0.34375 0.4484375 0.33125 0.446875 0.3270833328125 0.4421875 0.31875 0.434375 0.3104166671875 0.4234375 0.30625 0.415625 0.30625 0.4109375 0.3083333328125 0.4078125 0.3125 0.40625 0.3166666671875 0.40625 0.325 0.4078125 0.3291666671875 0.41875 0.34375
1 0.4578125 0.2958333328125 0.4703125 0.29375 0.4734375 0.2916666671875 0.4859375 0.275 0.4890625 0.2666666671875 0.4890625 0.25625 0.484375 0.25 0.471875 0.25 0.459375 0.25833333281250004 0.45 0.27291666718749996 0.4484375 0.2770833328125 0.4484375 0.2875 0.453125 0.29375 0.4578125 0.2958333328125
1 0.515625 0.3270833328125 0.51875 0.3291666671875 0.5265625 0.3291666671875 0.5328125 0.32083333281250004 0.534375 0.3125 0.534375 0.2875 0.5328125 0.28125 0.53125 0.2770833328125 0.525 0.26875 0.51875 0.26875 0.5109375 0.28125 0.509375 0.2854166671875 0.509375 0.3104166671875 0.5109375 0.31875 0.515625 0.3270833328125
1 0.4906171875 0.2493125 0.44791406250000004 0.2493125 0.44791406250000004 0.2972291671875 0.4906171875 0.2972291671875 0.4906171875 0.2493125
1 0.5364609375 0.26805208281250004 0.5072890625 0.26805208281250004 0.5072890625 0.3312395828125 0.5364609375 0.3312395828125 0.5364609375 0.26805208281250004
1 0.44948437500000005 0.30415625 0.407296875 0.30415625 0.407296875 0.35346875 0.44948437500000005 0.35346875 0.44948437500000005 0.30415625
1 0.4296875 0.40903124999999996 0.4015625 0.40903124999999996 0.4015625 0.47084374999999995 0.4296875 0.47084374999999995 0.4296875 0.40903124999999996
1 0.6953203125 0.425 0.6552109374999999 0.425 0.6552109374999999 0.475 0.6953203125 0.475 0.6953203125 0.425
1 0.7583359375 0.39721875 0.7135390625 0.39721875 0.7135390625 0.4374895828125 0.7583359375 0.4374895828125 0.7583359375 0.39721875
1 0.7765625 0.34653125 0.728125 0.34653125 0.728125 0.3868020828125 0.7765625 0.3868020828125 0.7765625 0.34653125
1 0.708328125 0.45834374999999994 0.678640625 0.45834374999999994 0.678640625 0.5236145828125001 0.708328125 0.5236145828125001 0.708328125 0.45834374999999994
1 0.6249921875 0.5979062500000001 0.5791640625000001 0.5979062500000001 0.5791640625000001 0.6368020828125001 0.6249921875 0.6368020828125001 0.6249921875 0.5979062500000001
1 0.5177031249999999 0.6 0.47239062499999995 0.6 0.47239062499999995 0.6375 0.5177031249999999 0.6375 0.5177031249999999 0.6
0 0.4320859375 0.2596145828125 0.4074453125 0.2596145828125 0.4074453125 0.2956770828125 0.4320859375 0.2956770828125 0.4320859375 0.2596145828125
0 0.6478359375 0.2459895828125 0.6231953125 0.2459895828125 0.6231953125 0.27884375 0.6478359375 0.27884375 0.6478359375 0.2459895828125
0 0.6298125 0.5007916671875 0.603375 0.5007916671875 0.603375 0.5384583328125 0.6298125 0.5384583328125 0.6298125 0.5007916671875
0 0.4537265625 0.5961458328125 0.4284921875 0.5961458328125 0.4284921875 0.6306041671875 0.4537265625 0.6306041671875 0.4537265625 0.5961458328125
0 0.8407500000000001 0.6129895828125 0.81190625 0.6129895828125 0.81190625 0.6498437499999999 0.8407500000000001 0.6498437499999999 0.8407500000000001 0.6129895828125
2 0.6093828125 0.2411979171875 0.5823359375 0.2411979171875 0.5823359375 0.27484375 0.6093828125 0.27484375 0.6093828125 0.2411979171875
2 0.8876250000000001 0.2371770828125 0.859375 0.2371770828125 0.859375 0.2732395828125 0.8876250000000001 0.2732395828125 0.8876250000000001 0.2371770828125
2 0.4645390625 0.4190625 0.4398984375 0.4190625 0.4398984375 0.4535208328125 0.4645390625 0.4535208328125 0.4645390625 0.4190625
2 0.5985625 0.46235416718750005 0.57271875 0.46235416718750005 0.57271875 0.49439583281250005 0.5985625 0.49439583281250005 0.5985625 0.46235416718750005
2 0.6286015625 0.45513541718750006 0.6033671875 0.45513541718750006 0.6033671875 0.4879895828125 0.6286015625 0.4879895828125 0.6286015625 0.45513541718750006
2 0.8419453125 0.35578125 0.8148984374999999 0.35578125 0.8148984374999999 0.3894270828125 0.8419453125 0.3894270828125 0.8419453125 0.35578125
2 0.7812578125 0.392625 0.7542109375 0.392625 0.7542109375 0.4230833328125 0.7812578125 0.4230833328125 0.7812578125 0.392625
2 0.709734375 0.5200208328125 0.683296875 0.5200208328125 0.683296875 0.5544791671875 0.709734375 0.5544791671875 0.709734375 0.5200208328125
2 0.7067265625 0.5817291671875 0.6820859375 0.5817291671875 0.6820859375 0.6161875 0.7067265625 0.6161875 0.7067265625 0.5817291671875
2 0.7740390625 0.6081770828125 0.7469921875 0.6081770828125 0.7469921875 0.6442395828125 0.7740390625 0.6442395828125 0.7740390625 0.6081770828125
0 0.4125 0.2916666671875 0.41875 0.2958333328125 0.4265625 0.29375 0.43125 0.2854166671875 0.43125 0.27291666718749996 0.428125 0.2645833328125 0.4203125 0.2604166671875 0.4125 0.2625 0.4078125 0.26875 0.4078125 0.2833333328125 0.409375 0.2875 0.4125 0.2916666671875
0 0.6390625 0.2791666671875 0.6421875 0.2770833328125 0.646875 0.2645833328125 0.6453125 0.25 0.640625 0.24583333281250003 0.628125 0.24583333281250003 0.625 0.25 0.621875 0.25833333281250004 0.6234375 0.27291666718749996 0.628125 0.2791666671875 0.6390625 0.2791666671875
0 0.8203125 0.65 0.8296875 0.6520833328125 0.8359375 0.64375 0.8375 0.6395833328125 0.8390625 0.6333333328124999 0.8375 0.6229166671875 0.8328125 0.6166666671875001 0.828125 0.6145833328125 0.8203125 0.6145833328125 0.8140625 0.6208333328125 0.8125 0.6270833328125 0.8125 0.6375 0.815625 0.6458333328125 0.8203125 0.65
0 0.4375 0.63125 0.446875 0.6291666671875 0.45 0.625 0.453125 0.6145833328125 0.45 0.6020833328124999 0.446875 0.5979166671875 0.434375 0.5979166671875 0.43125 0.6020833328124999 0.4296875 0.60625 0.4296875 0.6229166671875 0.43125 0.6270833328125 0.4375 0.63125
0 0.61875 0.5375 0.6265625 0.53125 0.6296875 0.5208333328125 0.6265625 0.5104166671875 0.6234375 0.50625 0.6203125 0.5041666671875 0.6109375 0.5041666671875 0.6046875 0.5104166671875 0.603125 0.5229166671875001 0.609375 0.5333333328125 0.615625 0.5375 0.61875 0.5375
2 0.4578125 0.45416666718750004 0.4625 0.4479166671875 0.4640625 0.44375 0.4640625 0.4291666671875 0.4609375 0.42291666718750004 0.45 0.41875 0.44375 0.42291666718750004 0.440625 0.4291666671875 0.4390625 0.43958333281249995 0.440625 0.44375 0.4484375 0.45416666718750004 0.4578125 0.45416666718750004
2 0.58125 0.49583333281249997 0.5921875 0.49583333281249997 0.5953125 0.49375 0.5984375 0.48541666718750004 0.5984375 0.47291666718750003 0.5921875 0.4625 0.58125 0.4625 0.575 0.46875 0.5734375 0.475 0.5734375 0.48541666718750004 0.578125 0.49375 0.58125 0.49583333281249997
2 0.6140625 0.4895833328125 0.6203125 0.4895833328125 0.6234375 0.4875 0.628125 0.4791666671875 0.628125 0.46458333281249997 0.625 0.4583333328125 0.61875 0.45416666718750004 0.6140625 0.45416666718750004 0.60625 0.4583333328125 0.603125 0.46458333281249997 0.603125 0.4770833328125 0.60625 0.48541666718750004 0.6140625 0.4895833328125
2 0.590625 0.2770833328125 0.5984375 0.2770833328125 0.60625 0.26875 0.6078125 0.2645833328125 0.6078125 0.2541666671875 0.603125 0.24375 0.6 0.2416666671875 0.590625 0.2416666671875 0.584375 0.25 0.5828125 0.2541666671875 0.5828125 0.2666666671875 0.5875 0.275 0.590625 0.2770833328125
2 0.690625 0.5541666671875001 0.7015625 0.5541666671875001 0.7078125 0.54375 0.7078125 0.53125 0.70625 0.5270833328125 0.7 0.5208333328125 0.684375 0.525 0.6828125 0.5291666671875 0.6828125 0.54375 0.684375 0.5479166671875 0.690625 0.5541666671875001
2 0.684375 0.6125 0.69375 0.6166666671875001 0.7015625 0.6145833328125 0.70625 0.60625 0.70625 0.59375 0.7046875 0.5895833328125 0.696875 0.58125 0.690625 0.58125 0.6875 0.5833333328125 0.68125 0.5916666671875 0.68125 0.6041666671875 0.6828125 0.6104166671875 0.684375 0.6125
2 0.7671875 0.64375 0.7734375 0.6333333328124999 0.7734375 0.6208333328125 0.771875 0.6166666671875001 0.765625 0.6104166671875 0.7546875 0.6104166671875 0.7515625 0.6125 0.7484375 0.61875 0.746875 0.6291666671875 0.7515625 0.6416666671875 0.7546875 0.64375 0.7671875 0.64375
2 0.7609375 0.4270833328125 0.771875 0.425 0.778125 0.41875 0.7796875 0.4145833328125 0.7796875 0.40208333281249997 0.7765625 0.39375 0.7734375 0.3895833328125 0.7625 0.3895833328125 0.7546875 0.39791666718749996 0.753125 0.40208333281249997 0.753125 0.41041666718750003 0.7578125 0.42291666718750004 0.7609375 0.4270833328125
2 0.825 0.3895833328125 0.834375 0.3895833328125 0.840625 0.38333333281250004 0.8421875 0.3791666671875 0.8421875 0.36666666718749996 0.840625 0.3583333328125 0.8375 0.3541666671875 0.8234375 0.3541666671875 0.8171875 0.3604166671875 0.8140625 0.36875 0.8140625 0.3770833328125 0.81875 0.3854166671875 0.825 0.3895833328125
2 0.871875 0.2770833328125 0.878125 0.275 0.884375 0.2666666671875 0.884375 0.2479166671875 0.8796875 0.23958333281250002 0.8765625 0.2375 0.8703125 0.2375 0.8671875 0.23958333281250002 0.8609375 0.2479166671875 0.859375 0.2604166671875 0.8609375 0.26875 0.865625 0.275 0.871875 0.2770833328125