1 0.24287556875 0.5737737703125 0.25871609218749997 0.585351365625 0.26957625625000003 0.5893809890624999 0.2759584 0.590549053125 0.2904593625 0.589629546875 0.2961717234375 0.584549059375 0.2951670515625 0.5751762359375 0.2903541390625 0.5691904 0.28363710625 0.5648980625 0.2600126546875 0.5585323109375 0.24758325937499998 0.5593204578125001 0.24187089843749998 0.5644009453125001 0.24287556875 0.5737737703125
1 0.38173270625 0.5460957828125 0.37809190937500003 0.5510449109375 0.37926402812500004 0.5619798734375 0.385981059375 0.5662722125 0.404625153125 0.565089990625 0.4146480921875 0.561308925 0.4281443828125 0.5510165953125 0.43318696250000005 0.539687559375 0.4240634734375 0.532402303125 0.4054193796875 0.5335845234375001 0.399372128125 0.5355407359375 0.39142075468750004 0.5391904421875 0.38173270625 0.5460957828125
1 0.365475846875 0.608464084375 0.3671502984375 0.624085459375 0.371795765625 0.62850915625 0.37610634374999996 0.629808578125 0.3843926078125 0.629283146875 0.39772145000000003 0.617428678125 0.402931478125 0.6076617796875 0.40108957968750003 0.590478265625 0.3943725453125 0.5861859265625 0.38194315 0.586974075 0.3720876578125 0.5923172765625 0.36687763125 0.602084175 0.365475846875 0.608464084375
1 0.4296943890625 0.6043919875 0.41759988437500006 0.6083044109375 0.41015084531249996 0.6166405296875 0.410988071875 0.62445121875 0.4220156828125 0.630042978125 0.4283978265625 0.63121104375 0.45325661562499997 0.629634746875 0.46327955468750004 0.625853684375 0.47072859375 0.6175175640624999 0.469891365625 0.609706875 0.4674849109375 0.6067139593750001 0.4609353234375 0.6039837578125 0.4524816125 0.6029470515625001 0.4296943890625 0.6043919875
1 0.37968036562499996 0.4880339765625 0.374135446875 0.4946766 0.3746377828125 0.4993630140625 0.37704424062499997 0.5023559296875 0.3858328390625 0.5065169109375 0.3942865484375 0.5075536171875 0.41069162812500004 0.5049406171874999 0.422786134375 0.5010281953125 0.4323067375 0.492560715625 0.4314695109375 0.48475002968750003 0.42906305624999996 0.4817571125 0.4225134671875 0.4790269109375 0.395583109375 0.4807345625 0.37968036562499996 0.4880339765625
1 0.28229299218750004 0.3966984796875 0.2698635984375 0.397486628125 0.2660553546875 0.40087361718750003 0.2644861265625 0.4056913890625 0.2663280234375 0.42287489999999994 0.275786403125 0.43328443281249995 0.284742446875 0.4390075515625 0.2911245890625 0.44017561406250005 0.2994108546875 0.4396501828125 0.3033865390625 0.4378253296875 0.30669244687499997 0.42975192656249994 0.3051854390625 0.4156926875 0.30020508125 0.4081447171875 0.28660356875000004 0.39799790156250003 0.28229299218750004 0.3966984796875
1 0.5096821265625 0.319369534375 0.49030602968750003 0.3331802140625 0.48509600312499995 0.3429471125 0.486100675 0.3523199375 0.49281770937499997 0.3566122765625 0.5033429843749999 0.357517625 0.5173416093750001 0.35191170625 0.52114985 0.348524715625 0.5285988875000001 0.34018859687499997 0.5357130328124999 0.328728203125 0.535210696875 0.3240417890625 0.52832621875 0.3181873125 0.5219440765625001 0.31701924843749996 0.5096821265625 0.319369534375
1 0.43841621249999996 0.471727496875 0.44306167968750004 0.47615119375 0.46080632499999996 0.48603529375 0.46942747812499996 0.4886341359375 0.4839284390625 0.48771463125 0.487904125 0.48588977812499995 0.4912100328125 0.477816375 0.48589478281250004 0.4671441265625 0.472460715625 0.45855945 0.45952898593749997 0.454661184375 0.44693214374999995 0.45388719375 0.4372440953125 0.460792534375 0.43841621249999996 0.471727496875
1 0.58781785 0.3867616921875 0.57746001875 0.3874184828125 0.5714127671875 0.38937469375 0.5676045249999999 0.3927616859375 0.5686091953125 0.40213451093749997 0.5777326859375 0.40941976562500004 0.5885928515625001 0.413449390625 0.59497499375 0.414617453125 0.6156906531249999 0.413303875 0.6217379046875 0.4113476625 0.62745026875 0.4062671765625 0.6269479328124999 0.4015807640625 0.624541475 0.39858784687500004 0.6090358421875 0.3901345265625 0.58781785 0.3867616921875
1 0.5886166265624999 0.5109587078125 0.5848083859375001 0.5143456984375 0.5856456125 0.5221563859375 0.59286498125 0.5311351390625 0.610609625 0.5410192375 0.6233739109374999 0.543355365625 0.629588609375 0.542961290625 0.6392766562500001 0.536055953125 0.6386068765624999 0.5298074015625 0.6315549515625001 0.5223907890625 0.6225989078125 0.51666766875 0.60949973125 0.5112072671875 0.5967354453125 0.5088711375 0.5886166265624999 0.5109587078125
1 0.2969330046875 0.589219053125 0.293269303125 0.5550394843750001 0.23889069843750002 0.5584876296875 0.2425544 0.592667196875 0.2969330046875 0.589219053125
1 0.40677747656249996 0.6289489234375 0.40185793593749997 0.583053321875 0.36042661875 0.5856804796875 0.365346159375 0.63157608125 0.40677747656249996 0.6289489234375
1 0.4738789578125 0.6286180453125 0.47084317656249997 0.6002964921875 0.406748928125 0.6043607046874999 0.4097847109375 0.632682259375 0.4738789578125 0.6286180453125
1 0.436341590625 0.564156190625 0.43246858125000004 0.5280239484375 0.37419543437499997 0.5317190468749999 0.3780684421875 0.5678512875 0.436341590625 0.564156190625
1 0.435779678125 0.5042383921875 0.4327974796875 0.476416721875 0.3700083171875 0.4803981796875 0.3729905171875 0.5082198484375 0.435779678125 0.5042383921875
1 0.4946707984375 0.48821302656250004 0.4906420671875 0.45062799531250003 0.4343161875 0.45419961718749996 0.438344921875 0.49178464687499995 0.4946707984375 0.48821302656250004
1 0.6405147328125 0.541379859375 0.63669530625 0.5057475015625 0.581011615625 0.5092784015625 0.5848310421875 0.5449107609375 0.6405147328125 0.541379859375
1 0.6267947953124999 0.413480503125 0.6234458890625 0.38223775312499997 0.5651727421875 0.38593285 0.5685216468750001 0.4171756015625 0.6267947953124999 0.413480503125
1 0.5372248296875 0.3562577859375 0.5328293921875 0.3152516734375 0.4790929734375 0.318659096875 0.48348841093750006 0.359665209375 0.5372248296875 0.3562577859375
2 0.25827883906250004 0.441275390625 0.2556616703125 0.41685918125 0.2232830953125 0.4189123046875 0.2259002640625 0.4433285140625 0.25827883906250004 0.441275390625
2 0.292506190625 0.462696365625 0.289942603125 0.43878003750000005 0.25627965937499997 0.4409146046875 0.25884324687500004 0.46483092968750006 0.292506190625 0.462696365625
2 0.3502970296875 0.38776244531250004 0.347470553125 0.3613935640625 0.310575965625 0.3637330484375 0.3134024421875 0.39010193125 0.3502970296875 0.38776244531250004
2 0.36584253125 0.2712814234375 0.3629641484375 0.2444282796875 0.329301203125 0.2465628453125 0.3321795875 0.2734159890625 0.36584253125 0.2712814234375
2 0.23074383125 0.184491875 0.22776163125 0.15667020468749998 0.1927936 0.1588875265625 0.1957758 0.186709196875 0.23074383125 0.184491875
2 0.48904883281249995 0.5755664703125001 0.48632784687499997 0.550181734375 0.4533070859375 0.5522755796875 0.4560280703125 0.577660315625 0.48904883281249995 0.5755664703125001
2 0.6133668140624999 0.49494354375 0.6109070437499999 0.47199574218749996 0.5778862828125 0.47408958593749995 0.580346053125 0.4970373875 0.6133668140624999 0.49494354375
2 0.48490767031250004 0.360550321875 0.48218668593749997 0.33516558750000003 0.44980811093749995 0.3372187109375 0.4525290953125 0.362603446875 0.48490767031250004 0.360550321875
2 0.5894433578125 0.3386895828125 0.5867742796875001 0.31378911249999997 0.5505218765625 0.316087875 0.5531909546875 0.340988346875 0.5894433578125 0.3386895828125
2 0.60952659375 0.270574009375 0.6067537015625 0.24470501093750002 0.573732940625 0.24679885625 0.576505834375 0.2726678546875 0.60952659375 0.270574009375
0 0.290099390625 0.33702069687499997 0.2873264984375 0.311151696875 0.24912682187500002 0.3135739375 0.25189971718750004 0.3394429359375 0.290099390625 0.33702069687499997
0 0.297759053125 0.6334082796875 0.2950899765625 0.60850780625 0.2601219453125 0.610725128125 0.2627910234375 0.6356256015625 0.297759053125 0.6334082796875
0 0.4509114796875 0.426607065625 0.44819049531250005 0.4012223296875 0.41516973437500004 0.40331617499999994 0.4178907203125 0.4287009109375 0.4509114796875 0.426607065625
0 0.4266058078125 0.2910118921875 0.4238329140625 0.26514289375 0.3914543390625 0.26719601718749997 0.3942272328125 0.2930650171875 0.4266058078125 0.2910118921875
0 0.6039462375 0.206547121875 0.6012252515625 0.1811623859375 0.569509578125 0.1831734765625 0.5722305624999999 0.2085582125 0.6039462375 0.206547121875
0 0.27012159375 0.63338355625 0.27443216875 0.6346829765625001 0.28686156406249996 0.6338948296875 0.292741371875 0.63037648125 0.2963821671875 0.6254273515625 0.295377496875 0.6160545265625 0.286421453125 0.610331409375 0.27399205625 0.61111955625 0.26430400781249996 0.6180248953125 0.26306966875 0.6259669421875 0.2656435703125 0.630521996875 0.27012159375 0.63338355625
0 0.2635006765625 0.3381254 0.2698828203125 0.3392934640625 0.278169084375 0.3387680328125 0.2842163359375 0.3368118203125 0.2878571328125 0.3318626921875 0.2868524609375 0.3224898671875 0.28444600468750003 0.3194969484375 0.2734183953125 0.3139051890625 0.2609889984375 0.31469333593750004 0.2533725171875 0.3214673171875 0.2543771875 0.33084014375000004 0.2635006765625 0.3381254
0 0.40242003750000005 0.29157040312500004 0.41294531093750003 0.2924757515625 0.42089668593749996 0.28882604375 0.4247049265625 0.285439053125 0.425771821875 0.2759348703125 0.4209589078125 0.26994903593749997 0.412170309375 0.265788053125 0.399908359375 0.2681383390625 0.395932671875 0.2699631921875 0.392291875 0.274912321875 0.39346399375 0.285847284375 0.40242003750000005 0.29157040312500004
0 0.44184656406249995 0.42590007500000004 0.44946304687499994 0.41912609375 0.4506973859375 0.41118404843749995 0.445884475 0.4051982140625 0.43933488593750003 0.40246801249999997 0.424833925 0.4033875171875 0.4189541171875 0.4069058671875 0.4154807671875 0.41341713125 0.4183895578125 0.4210964625 0.42734560312500003 0.42681958125 0.44184656406249995 0.42590007500000004
0 0.5790869187500001 0.208021221875 0.5875406296875 0.20905792656250002 0.5977310124999999 0.206839 0.607251615625 0.1983715234375 0.6064143890625 0.1905608359375 0.5972909 0.1832755796875 0.5929803234375 0.1819761578125 0.5826224921875001 0.182632946875 0.5729344453125 0.1895382859375 0.5711977687500001 0.1927939203125 0.572202440625 0.2021667453125 0.5790869187500001 0.208021221875
2 0.22472925937500002 0.423939921875 0.22299258437499997 0.4271955546875 0.22399725781250002 0.43656837968750006 0.22640371250000002 0.4395612984375 0.23519231093749998 0.4437222796875 0.2436460203125 0.44475898437500005 0.2538364046875 0.4425400578125 0.2576446453125 0.43915306562499995 0.2592138765625 0.4343352953125 0.2582092046875 0.42496247187499997 0.24925315937499998 0.41923935312499994 0.23872788437499998 0.41833400468750004 0.2306090671875 0.42042157343750003 0.22472925937500002 0.423939921875
2 0.2619552234375 0.4404524875 0.25641030625 0.4470951109375 0.257414978125 0.4564679375 0.259821434375 0.45946085468750003 0.2686100328125 0.46362183593750006 0.27499217656249997 0.4647899 0.2851825609375 0.46257097187499996 0.28915824843750004 0.46074611875000004 0.2927990421875 0.455796990625 0.2938659375 0.44629280624999995 0.29145947968749997 0.44329989062499997 0.2783603046875 0.43783948749999996 0.2659309078125 0.43862763437499996 0.2619552234375 0.4404524875
2 0.32098296406250004 0.3879541296875 0.32529354062500004 0.3892535515625 0.3397945015625 0.38833404531250004 0.345674309375 0.384815696875 0.3474109828125 0.3815600625 0.346071421875 0.36906296250000004 0.3391869421875 0.3632084875 0.32054285 0.3643907078125 0.31466304218749996 0.3679090578125 0.3129263671875 0.3711646890625 0.314098484375 0.38209965156250003 0.32098296406250004 0.3879541296875
2 0.3297047875 0.2552896375 0.3305420140625 0.263100325 0.339665503125 0.27038558125 0.3460476453125 0.27155364375 0.35433390781249996 0.2710282140625 0.3640219578125 0.26412287343749996 0.3654237421875 0.257742965625 0.36251495 0.250063634375 0.3557979171875 0.24577129687500002 0.349415775 0.2446032328125 0.3411295125 0.24512866406249997 0.33317813749999997 0.2487783703125 0.3297047875 0.2552896375
2 0.1917233234375 0.1743919875 0.1965362359375 0.1803778203125 0.205324834375 0.1845388015625 0.21377854375 0.1855755078125 0.2218973640625 0.1834879375 0.229681290625 0.17827609375 0.22817428281250002 0.16421685625 0.22145725 0.1599245171875 0.2171466734375 0.1586250953125 0.2047172765625 0.1594132421875 0.19486178437499999 0.1647564453125 0.1913884328125 0.17126771093749998 0.1917233234375 0.1743919875
2 0.4697578171875 0.33605593125 0.46561468437500003 0.336318646875 0.45749586718749996 0.338406215625 0.45178350468749995 0.3434867015625 0.450716609375 0.352990884375 0.4532905125 0.357545940625 0.4600075453125 0.36183827812499997 0.464318121875 0.3631377 0.47260438593750004 0.36261226875 0.47865163906249997 0.3606560578125 0.48245987812499996 0.35726906718749996 0.48419655468749995 0.354013434375 0.4828569921875 0.3415163328125 0.4804505359375 0.338523415625 0.4697578171875 0.33605593125
2 0.5522855625 0.32767733906249996 0.5529553421875 0.3339258890625 0.5577682546875 0.3399117234375 0.5663894093749999 0.3425105671875 0.574675671875 0.3419851359375 0.580722925 0.3400289234375 0.584363721875 0.3350797953125 0.58576550625 0.3286998875 0.58268926875 0.3194584203125 0.5761396796875 0.31672821875 0.56163871875 0.31764772343750003 0.5576630328125 0.31947257812499996 0.5522855625 0.32767733906249996
2 0.579737478125 0.27246293593750004 0.5840480546875 0.2737623578125 0.5964774484375 0.272974209375 0.604428821875 0.269324503125 0.6082370640625 0.2659375125 0.6098062921875 0.2611197421875 0.6068975015625 0.2534404109375 0.5958698906250001 0.24784864999999998 0.5813689296875 0.24876815468750002 0.5737524484375001 0.2555421390625 0.5750920093749999 0.2680392390625 0.579737478125 0.27246293593750004
2 0.5871096203125 0.49689947031250004 0.601778025 0.4975421015625 0.6095619546875 0.4923302578125 0.6130353046875 0.48581899218749997 0.6123655234375 0.479570440625 0.6054810453125 0.47371596406250005 0.599098903125 0.4725479 0.588741071875 0.473204690625 0.579053025 0.48011003125 0.5773163484375 0.48336566249999996 0.5779861281249999 0.4896142140625 0.5871096203125 0.49689947031250004
2 0.46179177187500003 0.55360128125 0.45607941093750004 0.5586817671875 0.45451017968749996 0.5634995390624999 0.4551799609375 0.5697480890625 0.46206443906250005 0.575602565625 0.46637501718749996 0.5769019875 0.480875978125 0.57598248125 0.4865883390625 0.5709019953125 0.48832501562499997 0.5676463625 0.4871528984375 0.5567113984375001 0.48250743125 0.552287703125 0.4761252890625 0.5511196390624999 0.46783902343749995 0.5516450703125 0.46179177187500003 0.55360128125