1 0.7217364078124999 0.421476709375 0.713424696875 0.409780115625 0.7029220453125 0.40306039218749995 0.6965978500000001 0.400608759375 0.681735921875 0.40226256875 0.6774218484375 0.407475696875 0.677195828125 0.4232777296875 0.6813516859375001 0.42912602812499995 0.6960553984375 0.43853364062500005 0.704502725 0.4407490125 0.7129952562499999 0.43980397968749996 0.7216007953125 0.4309579296875 0.7217364078124999 0.421476709375
1 0.6486458140625 0.49271763125 0.678369671875 0.48941001249999994 0.6890305375 0.48506831562499997 0.697590875 0.47938267031250004 0.6997592109374999 0.47598600625 0.6998722234375 0.46808498906249996 0.6872238359375 0.4631817265625 0.6787539078125 0.46254655624999996 0.6574999781249999 0.46648934531249997 0.6511079796875 0.4687783234375 0.6425476421874999 0.47446396718750006 0.6382109671875 0.48125729687499996 0.6380979578125 0.48915831406250004 0.64229901875 0.49184620468749995 0.6486458140625 0.49271763125
1 0.5777024234375 0.41383923593749994 0.59044121875 0.41242168437500004 0.5947100859375001 0.4103689640625 0.605506565625 0.39654604375 0.6076975046875 0.39156917343750003 0.607946128125 0.3741869375 0.603790271875 0.3683386390625 0.5974434765625001 0.3674672125 0.5889283453124999 0.36999245 0.5781996703125001 0.3790747578125 0.5716946593750001 0.3892647546875 0.56948111875 0.3958218265625 0.5693455046875 0.405303046875 0.573478759375 0.4127315484375 0.5777024234375 0.41383923593749994
1 0.557916165625 0.4633716625 0.5791474921875001 0.461009078125 0.587662625 0.458483840625 0.5962229609375 0.452798196875 0.596381175 0.44173677187499993 0.594303246875 0.438812625 0.5816322578124999 0.435489565625 0.5752854625 0.43461813749999995 0.551931003125 0.43721698125 0.5433932687499999 0.441322421875 0.5391018 0.4449553453125 0.5368430546875 0.45467282343750004 0.5389209828125 0.457596971875 0.5494462375 0.4627364921875 0.557916165625 0.4633716625
1 0.57006730625 0.5030393984375 0.5785598375000001 0.5020943640625 0.587097571875 0.497988925 0.5978488484375 0.48732641250000003 0.6043538578125001 0.477136415625 0.6045346734375 0.46449478906249997 0.5982330828125 0.4604629546875 0.5918862875 0.4595915265625 0.5812254203125 0.46393322656249997 0.5705193484375 0.4714353328125 0.564059540625 0.47846492031250004 0.5596776640625001 0.4884186578125 0.5595194484375 0.49948008125000004 0.561619978125 0.5008240265625 0.57006730625 0.5030393984375
1 0.507954009375 0.5478157765625 0.5249164671875 0.5475059140625 0.537677865625 0.5445081593750001 0.554753334375 0.5362972781249999 0.5633814765625 0.5258710234375 0.561348753125 0.51978646875 0.55714769375 0.5170985796875 0.548700365625 0.5148832062500001 0.5380847046875 0.5160644984375 0.5274464390625 0.5188259937499999 0.5189087031249999 0.5229314359375 0.506056896875 0.5322500031249999 0.5016976203125 0.5406235374999999 0.5037529484375 0.5451278890625 0.507954009375 0.5478157765625
1 0.5590010671875 0.3875218984375 0.559159284375 0.376460475 0.5465334984375 0.3699770078125 0.5359404375000001 0.3695780984375 0.523201640625 0.37099565 0.5082945078125001 0.3758098640625 0.4997115703125 0.3830757125 0.49955335468750006 0.3941371359375 0.505854946875 0.3981689703125 0.52067166875 0.39967556875 0.5397798640625 0.3975492421875 0.5525638625 0.392971284375 0.5590010671875 0.3875218984375
1 0.3326154828125 0.5057972984375 0.341130615625 0.5032720609375 0.35393721875 0.4971139 0.366834228125 0.4846349265625 0.36902516875 0.4796580578125 0.3691155765625 0.4733372421875 0.36706025000000003 0.46883289218749996 0.36285918906250003 0.466145003125 0.345874128125 0.46803507031249997 0.33089918906250004 0.477589896875 0.3201253109375 0.4898326125 0.317934371875 0.4948094796875 0.31782136250000004 0.502710496875 0.32836921874999997 0.506269815625 0.3326154828125 0.5057972984375
1 0.3416715984375 0.6136500421875 0.34589526249999997 0.6147577265625 0.350141528125 0.614285209375 0.35867926250000004 0.6101797703125 0.3608476 0.6067831046875 0.36312894687499997 0.5954854234375 0.35490764218750004 0.5774680156249999 0.3444049890625 0.570748290625 0.3337893265625 0.5719295843750001 0.32952045937499996 0.573982303125 0.3252063875 0.57919543125 0.324980365625 0.5949974640625 0.327013090625 0.6010820203125 0.3332694765625 0.6082742609375 0.3416715984375 0.6136500421875
1 0.6915590421875 0.6046912578125 0.6980188468749999 0.59766166875 0.696031328125 0.5884167046875 0.691875471875 0.5825684078125 0.6771491562499999 0.574740996875 0.6602545046875 0.5703102515625 0.6560082390625 0.57078276875 0.6496162390625 0.573071746875 0.6453021671875 0.578284875 0.6451891562500001 0.586185890625 0.6493450125 0.5920341890625 0.67035031875 0.6054736390625 0.6766971125000001 0.6063450671874999 0.6915590421875 0.6046912578125
0 0.677189671875 0.360723075 0.6768208046875 0.38651199375 0.7120860375 0.3825877390625 0.7124549046875 0.3567988203125 0.677189671875 0.360723075
0 0.52985681875 0.637815228125 0.5295015140625 0.662656025 0.5641510390625 0.6588002875 0.5645063453125 0.6339594890625 0.52985681875 0.637815228125
0 0.675481459375 0.6113080671875 0.6750791406250001 0.6394356890624999 0.70531255 0.6360713671875 0.7057148671875 0.607943746875 0.675481459375 0.6113080671875
0 0.5488494562499999 0.672666996875 0.5485343828125 0.69469503125 0.5768782031249999 0.6915409796875001 0.5771932765625001 0.6695129468750001 0.5488494562499999 0.672666996875
0 0.309182821875 0.8102639421875001 0.308780503125 0.8383915625 0.3427930890625 0.834606703125 0.3431954078125 0.80647908125 0.309182821875 0.8102639421875001
2 0.693929215625 0.5530974203125 0.6935135609375 0.5821573609375 0.72374696875 0.578793040625 0.7241626218749999 0.5497330984375 0.693929215625 0.5530974203125
2 0.654414278125 0.7222367828125 0.6540388562499999 0.7484839609375 0.6911936796875 0.7443494375 0.6915690999999999 0.7181022593749999 0.654414278125 0.7222367828125
2 0.6895550046875 0.8151964453125 0.689166021875 0.8423917453125 0.7206520765625 0.8388880328124999 0.7210410609375 0.8116927328125 0.6895550046875 0.8151964453125
2 0.6022517406250001 0.8071308515625001 0.6018763171875 0.83337803125 0.633999315625 0.8298034390625 0.6343747375000001 0.8035562625000001 0.6022517406250001 0.8071308515625001
2 0.5539874359375 0.7521234890625 0.5535984515625 0.779318790625 0.590137565625 0.7752527812500001 0.5905265484375 0.7480574796874999 0.5539874359375 0.7521234890625
2 0.630215871875 0.6111861015625 0.629813553125 0.6393137234374999 0.66193655 0.63573913125 0.66233886875 0.6076115109375 0.630215871875 0.6111861015625
2 0.533437884375 0.6060444015625001 0.5330891328125 0.6304269421875001 0.56584906875 0.626781471875 0.5661978203125 0.602398934375 0.533437884375 0.6060444015625001
2 0.5008584546875 0.42293459999999994 0.5005499359375001 0.444504375 0.53392558125 0.44079039218749994 0.5342340984375 0.419220615625 0.5008584546875 0.42293459999999994
2 0.3469586078125 0.674536334375 0.34660985625 0.6989188734375 0.37873285156250003 0.6953442843750001 0.379081603125 0.6709617453125001 0.3469586078125 0.674536334375
2 0.3158075375 0.7435399421875 0.315432115625 0.769787121875 0.34691817343750003 0.7662834078125 0.3472935953125 0.7400362296874999 0.3158075375 0.7435399421875
1 0.679119390625 0.4021671984375 0.678495796875 0.4457650109375 0.7250985578125 0.4405791359375 0.7257221515625 0.396981325 0.679119390625 0.4021671984375
1 0.6366930828124999 0.46585442343750005 0.636283984375 0.4944561046875 0.701166915625 0.48723604531250003 0.7015760156249999 0.4586343640625 0.6366930828124999 0.46585442343750005
1 0.6458514140625 0.572488859375 0.6453150640625 0.6099870875 0.698860471875 0.6040286484374999 0.6993968203125001 0.5665304203125 0.6458514140625 0.572488859375
1 0.5568543734375 0.46350559375 0.556250896875 0.5056970234375 0.6060171234375 0.5001591265625 0.6066206015625 0.45796769531250003 0.5568543734375 0.46350559375
1 0.5370880453125 0.439026446875 0.5366857281249999 0.46715406875000004 0.5977894859374999 0.4603545484375 0.5981918046875 0.43222692812499997 0.5370880453125 0.439026446875
1 0.5695330000000001 0.3684826046875 0.56886239375 0.415367240625 0.6110702703124999 0.4106704203125 0.611740875 0.363785784375 0.5695330000000001 0.3684826046875
1 0.49840954687499994 0.3740700078125 0.498007228125 0.402197628125 0.560363634375 0.3952587171875 0.560765953125 0.367131096875 0.49840954687499994 0.3740700078125
1 0.504505115625 0.5184759171875 0.5040291140625001 0.5517550015625 0.5632432828125 0.545165753125 0.5637192843750001 0.51188666875 0.504505115625 0.5184759171875
1 0.32386897812500004 0.574145771875 0.3232521671875 0.6172695234375001 0.362933515625 0.6128538531250001 0.363550328125 0.5697301015625 0.32386897812500004 0.574145771875
1 0.3171901625 0.47051701250000005 0.3166336984375 0.50942161875 0.3707948109375 0.503394665625 0.371351275 0.4644900578125 0.3171901625 0.47051701250000005
2 0.7110288703125 0.5772816749999999 0.7216897375 0.5729399765625 0.72598120625 0.5693070515625 0.7261394218749999 0.5582456296875 0.71986043125 0.552633590625 0.7135136359375001 0.5517621625 0.7028979734374999 0.5529434546875 0.6965059734375 0.5552324343749999 0.6922145046875 0.5588653578125 0.690023565625 0.5638422265624999 0.689910553125 0.5717432437500001 0.6919884828125 0.5746673906249999 0.704659471875 0.5779904499999999 0.7110288703125 0.5772816749999999
2 0.66384530625 0.6156636343749999 0.6554431843749999 0.6102878546875 0.6405812578125001 0.6119416640625001 0.6320209203125 0.6176273078125 0.6298525828125 0.6210239734375 0.6297395734375 0.6289249906250001 0.6381190921875 0.6358809734374999 0.6423427546875 0.636988659375 0.65508155 0.6355711078125 0.6636418875000001 0.6298854656249999 0.6658328250000001 0.624908596875 0.66384530625 0.6156636343749999
2 0.685346390625 0.7426414703125 0.6896604625 0.73742834375 0.6918740031249999 0.730871271875 0.6877407484375 0.7234427718750001 0.6835396874999999 0.72075488125 0.6750923609374999 0.718539509375 0.66659983125 0.7194845421875 0.660185228125 0.7233537234375 0.653725421875 0.7303833125 0.653589809375 0.739864534375 0.6556677390625001 0.7427886828125 0.668316125 0.7476919453125 0.67680865625 0.7467469109375 0.685346390625 0.7426414703125
2 0.7243749859374999 0.82980435625 0.724487996875 0.8219033390625 0.7182090078125001 0.8162913015625 0.70976168125 0.8140759296875 0.7012691515625 0.8150209625 0.690608284375 0.8193626609375 0.6862942125 0.8245757890625001 0.6861586 0.8340570078124999 0.6966612515625 0.8407767328125001 0.703008046875 0.8416481609375 0.7136463109375 0.838886665625 0.7200609140625 0.835017484375 0.7243749859374999 0.82980435625
2 0.6355650515625 0.8144439578125 0.6314091921875 0.8085956624999999 0.6250850015625 0.8061440296875 0.6144919390625 0.8057451203125 0.6017079375 0.8103230765625 0.5995396015625001 0.8137197421875 0.5993813875 0.824781165625 0.605660378125 0.830393203125 0.6183539671875 0.8321360609375 0.6268691015625001 0.8296108234374999 0.6333063046875 0.8241614374999999 0.6354746421875 0.820764771875 0.6355650515625 0.8144439578125
2 0.5853331359375 0.7695476515624999 0.5875240734375 0.764570784375 0.587614484375 0.7582499703125001 0.5855591578125 0.7537456171875 0.5792575656250001 0.749713784375 0.575033903125 0.748606096875 0.5665413734375 0.74955113125 0.56227250625 0.7516038515625 0.5536895671875001 0.7588696984375 0.551430821875 0.768587178125 0.5576872078124999 0.77577941875 0.561910871875 0.77688710625 0.5767727984375 0.775233296875 0.5853331359375 0.7695476515624999
2 0.3788030828125 0.6852471515625 0.37891609531250003 0.677346134375 0.3726371046875 0.6717340968750001 0.3684134421875 0.6706264109375 0.35355151406249996 0.6722802203125 0.3471369125 0.6761494031249999 0.3449459734375 0.6811262703125001 0.34476515625 0.6937678968750001 0.348966215625 0.6964557874999999 0.35318987968750004 0.697563475 0.3638055421875 0.6963821828125 0.374466409375 0.6920404828125 0.3788030828125 0.6852471515625
2 0.34808473281249996 0.7580837203125 0.348242946875 0.747022296875 0.344064490625 0.7427542046875 0.3356171640625 0.7405388312500001 0.32712463281250004 0.741483865625 0.3164411625 0.74740576875 0.3121270921875 0.7526188953124999 0.31199147968749996 0.762100115625 0.31406940781250003 0.7650242625 0.3267403953125 0.768347321875 0.3352329265625 0.7674022875000001 0.3437706625 0.7632968484375 0.34808473281249996 0.7580837203125
2 0.5619575421875 0.6254238390625 0.5641258812500001 0.6220271734375 0.5642840953125 0.61096575 0.56222876875 0.6064613953125 0.5580277078125 0.60377350625 0.5516809109375 0.602902078125 0.5410652484375 0.6040833703125 0.5346506484375 0.607952553125 0.530313971875 0.6147458859375 0.5301557578125 0.6258073078125 0.5322336875 0.6287314578125 0.5385578796875 0.6311830875 0.553419809375 0.6295292781249999 0.5619575421875 0.6254238390625
2 0.5221619421875 0.44368500624999996 0.5285539421875 0.44139602812499995 0.5328454109375 0.437763103125 0.535036353125 0.43278623437499997 0.5351267609375 0.426465421875 0.5330714328124999 0.42196106875000006 0.528870371875 0.4192731796875 0.5246467078125 0.41816549375 0.50978478125 0.419819303125 0.5055159140625001 0.42187202343749997 0.5011792390625 0.428665353125 0.5010210234375 0.439726778125 0.5073226171874999 0.44375861250000004 0.5136694109375 0.444630040625 0.5221619421875 0.44368500624999996
0 0.7118214109375 0.3736716953125 0.711957025 0.364190475 0.7056780359375 0.3585784359375 0.6950849765625 0.358179525 0.6865698421875 0.3607047625 0.6801326375000001 0.3661541484375 0.6779643015625 0.3695508140625 0.6778286875 0.379032034375 0.682007146875 0.3833001265625 0.6862308109375 0.3844078140625 0.69896960625 0.3829902640625 0.707507340625 0.378884821875 0.7118214109375 0.3736716953125
0 0.5551135 0.659316884375 0.561550703125 0.6538674999999999 0.56380945 0.6441500203125 0.5617541234375001 0.63964566875 0.5575530625 0.636957778125 0.55122886875 0.6345061484375 0.538490071875 0.6359236984375001 0.5320528703125 0.641373084375 0.5298619296875 0.6463499515625 0.52974891875 0.65425096875 0.5381284390625 0.6612069515625 0.542352103125 0.6623146390625 0.5487215 0.6616058640625 0.5551135 0.659316884375
0 0.552764346875 0.6753551765625 0.5462593359375 0.6855451734375 0.54621413125 0.6887055796875 0.5503925890625 0.6929736734375 0.5546162531250001 0.6940813593749999 0.5609856515625 0.6933725828124999 0.5695459890625 0.6876869390625 0.576096203125 0.6743365375 0.57191774375 0.67006844375 0.5613246828125 0.669669534375 0.552764346875 0.6753551765625
0 0.342956984375 0.8201841703125 0.343024790625 0.8154435609374999 0.3367684046875 0.80825131875 0.3304216078125 0.8073798906249999 0.3176828109375 0.808797440625 0.3134139453125 0.8108501625000001 0.304808403125 0.8196962125 0.3046953921875 0.8275972296875 0.315198046875 0.834316953125 0.3215448421875 0.8351883828125001 0.3321831078125 0.832426884375 0.3407660453125 0.8251610375 0.342956984375 0.8201841703125
0 0.6999611640625 0.6100670375 0.6936143671874999 0.6091956078125 0.6851218375 0.6101406421875 0.6744157656249999 0.61764275 0.6742349484375 0.6302843765625 0.6826370703125 0.6356601562499999 0.69323013125 0.6360590671875 0.7038909984374999 0.6317173671874999 0.7103282046875 0.6262679828125 0.7104412140624999 0.618366965625 0.70628535625 0.61251866875 0.6999611640625 0.6100670375