1 0.2573819859375 0.46427302187499997 0.2503176421875 0.4653799671875 0.2383035609375 0.46952404531249997 0.220799340625 0.4818783984375 0.21971854375 0.492224671875 0.22606235468749997 0.49801524375 0.239830775 0.49925011406250003 0.265973546875 0.4928921453125 0.27339815624999997 0.48833644375 0.2787081609375 0.48185055 0.2797889578125 0.47150427656250005 0.2734451453125 0.46571370312499993 0.2573819859375 0.46427302187499997
1 0.37931631875 0.49435501718749997 0.371891709375 0.498910721875 0.3706307796875 0.510981375 0.37467985625 0.5165661375 0.38543301093750004 0.524492709375 0.394251690625 0.528764715625 0.4009557703125 0.5311065296875 0.4216084015625 0.532958834375 0.4316880125 0.525160184375 0.42606473125 0.5124720968750001 0.4110823703125 0.5006851390625 0.3999689515625 0.49620732343749996 0.37931631875 0.49435501718749997
1 0.368163734375 0.423733359375 0.363394128125 0.42504611406250004 0.35826425624999997 0.429807628125 0.35646292968750004 0.4470514203125 0.358037134375 0.45415474843750003 0.363840546875 0.4651184578125 0.374773834375 0.471320653125 0.38854225468750003 0.4725555234375 0.3959668640625 0.467999821875 0.397948325 0.44903164999999995 0.39214491093750004 0.438067940625 0.3773426828125 0.4245566046875 0.368163734375 0.423733359375
1 0.45360940000000005 0.42617525 0.42607255625 0.42370551093750003 0.4190082109375 0.4248124546875 0.4068139984375 0.4306809140625 0.4059133328125 0.4393028109375 0.41419161562499995 0.4487479515625 0.42759977187500003 0.45343158125 0.452841878125 0.4556955078125 0.46220095937499994 0.4547943734375 0.469445434375 0.4519630515625 0.47210043749999997 0.44872010625 0.4730011015625 0.4400982078125 0.46472281718749997 0.43065306718749996 0.45360940000000005 0.42617525
1 0.4068923265625 0.5629686015625001 0.388714565625 0.559597728125 0.379355484375 0.5604988625 0.3696361375 0.5648487531249999 0.36698113593750004 0.5680917 0.36644073593750004 0.5732648375 0.37260441875 0.5807797890625 0.3902417828125 0.5893238000000001 0.420073359375 0.59199935 0.42731783749999996 0.5891680265625 0.42997284062499996 0.5859250796875 0.43087350312500006 0.5773031843750001 0.4203004828125 0.5676522296875001 0.4068923265625 0.5629686015625001
1 0.288278715625 0.634135465625 0.283869375 0.6319994640625 0.274690425 0.6311762187500001 0.26762608125 0.6322831625 0.2577266046875 0.6383574328125 0.2472867265625 0.649604840625 0.24530526406250003 0.6685730109375 0.2470596046875 0.673951959375 0.2512888109375 0.6778123421875 0.26505723593749997 0.6790472109375 0.269826840625 0.6777344546874999 0.2848561921875 0.6668986703125 0.2903463296875 0.6586883968749999 0.291967525 0.643168984375 0.288278715625 0.634135465625
1 0.5255294562499999 0.73547875 0.5100066953125 0.72886493125 0.4983528796875 0.7295602531250001 0.49092826875 0.7341159562499999 0.489847471875 0.7444622296875 0.49565088749999997 0.7554259390625 0.51715719375 0.7712790890625 0.5307454828125 0.7742383375 0.5378098265625 0.7731313921875 0.5454145687499999 0.7668513124999999 0.545954965625 0.7616781734375 0.5380369468749999 0.7487842734375 0.5297586640625 0.7393391312500001 0.5255294562499999 0.73547875
1 0.4719986359375 0.582732171875 0.46245942187500005 0.585357684375 0.442840596875 0.5957818453125 0.4377107234375 0.600543359375 0.43644979531250006 0.6126140125 0.44720294843749997 0.6205405890625 0.461151503125 0.6200510796875001 0.4754603234375 0.616112809375 0.49030954062500004 0.6070014046875001 0.49615994375000005 0.595342375 0.492471134375 0.58630885625 0.4880617921875 0.584172853125 0.4719986359375 0.582732171875
1 0.6409476671875 0.6727279703125 0.634243590625 0.6703861546875001 0.611296221875 0.6683280375 0.604231878125 0.669434984375 0.5922177937499999 0.6735790625 0.58213818125 0.6813777125 0.581057384375 0.6917239875 0.58528659375 0.6955843703125 0.591990671875 0.6979261828125 0.6034643562500001 0.6989552406249999 0.6269521234375001 0.6958402203125 0.6440960796875 0.6869346265625 0.6467510812499999 0.683691678125 0.6472914796875 0.6785185421875 0.6409476671875 0.6727279703125
1 0.6491946109375 0.5272626828125 0.6423104000000001 0.5266452484374999 0.6281817125 0.5288591375 0.6085628875 0.5392832984375 0.60059788125 0.5490121390625 0.5996972171875 0.5576340359375 0.6039264249999999 0.561494415625 0.6129252390625 0.5640420421875 0.6270539265624999 0.5618281515625 0.6415428796875 0.5561655062499999 0.65144235625 0.5500912375 0.6592272343750001 0.542086775 0.6599477640625 0.5351892578124999 0.6491946109375 0.5272626828125
1 0.220379353125 0.4609543078125 0.2164380484375 0.4986837265625 0.276674890625 0.5040862796875001 0.280616196875 0.46635686249999997 0.220379353125 0.4609543078125
1 0.35624065781250003 0.4214630265625 0.3509483578125 0.47212528750000005 0.39684309375 0.47624151875000004 0.4021353953125 0.4255792578125 0.35624065781250003 0.4214630265625
1 0.40545324843749997 0.421534196875 0.402187440625 0.45279719218750003 0.47318660156250003 0.45916500156250006 0.47645240937500005 0.4279020078125 0.40545324843749997 0.421534196875
1 0.370547603125 0.4923762984375 0.3663811328125 0.5322611890625 0.43093208125000004 0.5380506703125 0.435098553125 0.4981657796875 0.370547603125 0.4923762984375
1 0.36512662812499996 0.55823929375 0.3619184625 0.5889504875 0.4314719375 0.5951886359375 0.434680103125 0.5644774453125 0.36512662812499996 0.55823929375
1 0.43756352343750005 0.5783383343749999 0.43322952968750006 0.6198268984374999 0.49562342499999995 0.6254229171875 0.4999574203125 0.5839343515625 0.43756352343750005 0.5783383343749999
1 0.5996183078125 0.5237996609375 0.5955094796875 0.5631327484375 0.6571920062500001 0.5686649640625 0.6613008359375 0.529331875 0.5996183078125 0.5237996609375
1 0.581990040625 0.6647249109375 0.5783873859375 0.6992124953125 0.6429383343749999 0.705001975 0.6465409906249999 0.6705143921875 0.581990040625 0.6647249109375
1 0.48801015625 0.7259086906250001 0.48328166875 0.77117364375 0.5428071437499999 0.7765123968750001 0.5475356296875 0.73124744375 0.48801015625 0.7259086906250001
2 0.20244278906250002 0.625784265625 0.1996273140625 0.6527363140625 0.2354940515625 0.65595315 0.2383095265625 0.6290011015625 0.20244278906250002 0.625784265625
2 0.23885446406250002 0.6029419515625001 0.23609663281249998 0.6293421968749999 0.27338610625 0.6326866359375 0.2761439390625 0.6062863890625 0.23885446406250002 0.6029419515625001
2 0.2995338546875 0.687256540625 0.2964932140625 0.7163640625000001 0.33736247812500003 0.72002956875 0.34040312031250003 0.6909220453125 0.2995338546875 0.687256540625
2 0.320726859375 0.8169734999999999 0.31763037656250004 0.8466155796875 0.35491985000000004 0.84996001875 0.3580163328125 0.8203179390625 0.320726859375 0.8169734999999999
2 0.1699526671875 0.9089794234375 0.1667445015625 0.9396906140624999 0.20547966093749997 0.9431647156249999 0.20868782656249998 0.912453521875 0.1699526671875 0.9089794234375
2 0.456855675 0.483790925 0.45392851562500003 0.5118120875 0.49050662031250003 0.5150927234375 0.493433778125 0.4870715609375 0.456855675 0.483790925
2 0.5948140109375 0.5766639515625 0.592167859375 0.60199508125 0.6287459656250001 0.60527571875 0.6313921171875 0.5799445875 0.5948140109375 0.5766639515625
2 0.45371225624999995 0.72175343125 0.4507850984375 0.74977459375 0.4866518359375 0.752991428125 0.48957899375 0.724970265625 0.45371225624999995 0.72175343125
2 0.56527030625 0.7486159921875 0.5623989890625001 0.7761025953125 0.6025568859375 0.7797042984375 0.6054282015625 0.7522176953125 0.56527030625 0.7486159921875
2 0.591324346875 0.8249254796875001 0.58834135 0.853481196875 0.6249194546875 0.8567618343750001 0.6279024546875001 0.828206115625 0.591324346875 0.8249254796875001
0 0.23159104843749997 0.7415420109374999 0.22860804843750002 0.7700977296875 0.2709229984375 0.7738928953124999 0.273905996875 0.7453371765625 0.23159104843749997 0.7415420109374999
0 0.2426455421875 0.41399008125 0.23977422499999998 0.441476684375 0.278509384375 0.4449507828125 0.2813807015625 0.4174641796875 0.2426455421875 0.41399008125
0 0.4151248390625 0.64757464375 0.41219768281249997 0.6755958046874999 0.44877578749999997 0.6788764406250001 0.4517029453125 0.6508552796875 0.4151248390625 0.64757464375
0 0.3893786890625 0.7970314609375 0.386395690625 0.8255871796875001 0.422262428125 0.8288040156250001 0.42524542656250003 0.800248296875 0.3893786890625 0.7970314609375
0 0.5868075609375001 0.8957691765625 0.583880403125 0.9237903375000001 0.6190128234375 0.9269413125 0.6219399812499999 0.898920153125 0.5868075609375001 0.8957691765625
0 0.2507718875 0.41668572656249997 0.245822146875 0.41972285937500003 0.2429870125 0.42469018593749996 0.24438108593750002 0.43351789375000005 0.25513423749999997 0.44144447031249995 0.2689026609375 0.4426793375 0.2788021390625 0.43660506874999994 0.2798829359375 0.4262587921875 0.2758338609375 0.42067403125 0.269309915625 0.4166078390625 0.25554149375 0.41537296875 0.2507718875 0.41668572656249997
0 0.2444437671875 0.74333875 0.23436415625 0.7511374 0.23328335937500003 0.761483675 0.241741775 0.7692044375 0.2555101984375 0.7704393078125 0.2677044125 0.7645708484375 0.270359415625 0.7613279015625001 0.2714402125 0.750981628125 0.2673911375 0.745396865625 0.2606870578125 0.743055053125 0.25150811093750003 0.74223180625 0.2444437671875 0.74333875
0 0.3984574265625 0.79892485 0.3885579484375 0.804999121875 0.38729701875 0.8170697765625 0.39134609375 0.8226545359375 0.3957554359375 0.8247905375 0.409343725 0.8277497890625 0.41906307031249995 0.823399896875 0.424373075 0.8169140031250001 0.42315913437499997 0.806361915625 0.41892992656250005 0.802501534375 0.41011124375 0.7982295296874999 0.3984574265625 0.79892485
0 0.4125077828125 0.664423275 0.4163767265625 0.671732415625 0.422900671875 0.6757986093749999 0.4389638296875 0.677239290625 0.44620830624999996 0.6744079671875001 0.4515183109375 0.6679220734375 0.4501242375 0.659094365625 0.44166582187500003 0.6513736015625 0.42560266249999995 0.6499329203124999 0.41570318593750005 0.656007190625 0.4125077828125 0.664423275
0 0.5944029046875 0.8965635265625 0.5867981624999999 0.9028436078125001 0.585717365625 0.9131898828124999 0.5876518359375 0.916844453125 0.5984049890625001 0.9247710265625001 0.6098786734375 0.9258000859375001 0.61464828125 0.9244873296874999 0.6247278921875 0.9166886796875 0.6256285562499999 0.908066784375 0.6150555359375 0.89841583125 0.6037619859375 0.89566239375 0.5944029046875 0.8965635265625
2 0.2333851625 0.627471609375 0.222091609375 0.624718171875 0.21273252812500001 0.6256193031249999 0.203013184375 0.6299691953125001 0.20035818125 0.6332121421875 0.199277384375 0.643558415625 0.20121185625 0.6472129875 0.20773580156250002 0.6512791796874999 0.216734615625 0.65382680625 0.22838843281250001 0.653131484375 0.2382879125 0.6470572140625 0.23936870937500002 0.6367109390625 0.23761436875 0.631331990625 0.2333851625 0.627471609375
2 0.2680333375 0.6062116625 0.2567397859375 0.603458225 0.24967544218749999 0.6045651703125 0.2399560953125 0.6089150609375 0.2373010921875 0.6121580078125 0.236220296875 0.62250428125 0.2423839765625 0.630019234375 0.2467933171875 0.6321552359375 0.2605617375 0.63339010625 0.275050690625 0.6277274578125 0.2777056953125 0.6244845125 0.276491753125 0.613932425 0.272442678125 0.608347665625 0.2680333375 0.6062116625
2 0.3079367046875 0.6898551484375 0.3003319625 0.6961352296875 0.2990710328125 0.708205884375 0.3010055046875 0.711860453125 0.3075294484375 0.7159266468750001 0.3281820828125 0.7177789531250001 0.3357868234375 0.7114988703125 0.3372278859375 0.6977038359375001 0.3352934140625 0.6940492671875 0.32876946875 0.6899830734375 0.31270631249999997 0.688542390625 0.3079367046875 0.6898551484375
2 0.33609227656249996 0.8194394375 0.32902793125 0.82054638125 0.3189483203125 0.8283450312499999 0.31804765625 0.8369669265624999 0.3219166 0.8442760671875 0.33073528125 0.848548071875 0.3399142296875 0.8493713187499999 0.346978571875 0.8482643734374999 0.35440318125000003 0.8437086718750001 0.35759858125 0.8352925859375 0.356024378125 0.8281892578125 0.3452712234375 0.8202626828125 0.33609227656249996 0.8194394375
2 0.18989483125 0.910759303125 0.18053575156249999 0.9116604359375 0.17081640468749998 0.9160103265625 0.1655064 0.9224962203124999 0.1651461359375 0.9259449796875 0.1690150765625 0.9332541187500001 0.1799483625 0.9394563140625 0.193716784375 0.9406911843750001 0.198486390625 0.9393784296875 0.205911 0.9348227250000001 0.2075321953125 0.9193033125 0.198893646875 0.9133069296875 0.18989483125 0.910759303125
2 0.48264998593749997 0.7246708109375 0.4759459078125 0.7223289984375 0.466766959375 0.721505753125 0.46199735468750003 0.72281850625 0.45457274375 0.7273742125 0.451737609375 0.7323415375 0.45295155 0.7428936234375 0.45929536249999997 0.7486841953125001 0.46829417656250005 0.751231821875 0.4728836515625 0.75164344375 0.4847176015625 0.7492237453125 0.487372603125 0.7459807984375 0.48881366562500006 0.7321857640625 0.4868791953125 0.7285311937500001 0.48264998593749997 0.7246708109375
2 0.579882609375 0.7473157453125 0.570343396875 0.7499412578125 0.5650333921875 0.75642715 0.5643128625 0.763324665625 0.5702964078125 0.772563996875 0.57470575 0.7746999999999999 0.5907689078125 0.77614068125 0.598013384375 0.7733093578125 0.6013889171875 0.76316889375 0.5998147125 0.7560655671875 0.5957656375 0.7504808046875 0.5890615578125 0.7481389921875 0.579882609375 0.7473157453125
2 0.5949041375 0.8252465453125 0.589774265625 0.8300080578125 0.588333203125 0.8438030921875 0.5967916203125 0.85152385625 0.612854778125 0.8529645374999999 0.62504899375 0.8470960796875 0.6282443953125 0.8386799937499999 0.6264900546875001 0.83330104375 0.6222608468749999 0.8294406625 0.6134421640625 0.825168659375 0.59967374375 0.8239337890625 0.5949041375 0.8252465453125
2 0.6023052296875 0.5770138296875 0.5922256171875 0.584812478125 0.5915050859375001 0.5917099953125 0.5934395593749999 0.5953645671875 0.6041927125 0.6032911390625 0.615666396875 0.604320196875 0.622730740625 0.6032132531250001 0.63033548125 0.5969331718750001 0.6310560140625 0.5900356546875 0.6271870703125 0.582726515625 0.6185485203125001 0.5767301312499999 0.6023052296875 0.5770138296875
2 0.4843808078125 0.48637274843749995 0.4683176484375 0.4849320671875 0.46354804375 0.4862448234375 0.4559433015625 0.49252490625 0.4552227703125 0.49942242343750004 0.456977109375 0.504801371875 0.46332092031250005 0.5105919437499999 0.470024996875 0.512933759375 0.47920394687499995 0.5137570046875 0.486268290625 0.5126500593750001 0.4913981625 0.5078885453125 0.49265909218750004 0.49581789218749994 0.4907246203125 0.49216332031250004 0.4843808078125 0.48637274843749995