1 0.2479274765625 0.3485869359375 0.23957839062500003 0.35066797968749996 0.23173560937499998 0.3558166546875 0.22256501874999998 0.3660870359375 0.2196562421875 0.3747966328125 0.22218777812499999 0.390134784375 0.22712178125000002 0.39369570781249996 0.23388990468749998 0.3952025546875 0.240151721875 0.393641771875 0.24799449999999998 0.3884930984375 0.2569119375 0.3766889015625 0.260895371875 0.36132378125 0.2601359109375 0.35672233750000004 0.25235517343749997 0.3490802296875 0.2479274765625 0.3485869359375
1 0.31093780937500004 0.4670221859375 0.30442284062499997 0.46704915312499995 0.294239634375 0.47118427343749997 0.2832349265625 0.48350873125 0.2787451875 0.49580621875 0.280770415625 0.5080767390625 0.28804484375 0.5126512187500001 0.2945598125 0.5126242484375 0.3029089 0.51054320625 0.306830290625 0.50796886875 0.31416676250000003 0.49975256406249996 0.3173286921875 0.49257678125000004 0.3197311609375 0.4807995546875 0.3179590859375 0.470062846875 0.31093780937500004 0.4670221859375
1 0.3261220421875 0.5063541484375 0.322706959375 0.5119961171875 0.32422588281250003 0.521199009375 0.336434315625 0.5293344078125 0.35648552968749997 0.532321134375 0.36508776875 0.53177390625 0.3731837015625 0.528159046875 0.37868605624999996 0.52199681875 0.37691398125000003 0.5112601125 0.374320403125 0.5087127453125 0.3602778515625 0.50263141875 0.34699476093750004 0.5011515375 0.3363052484375 0.5022190296875 0.3261220421875 0.5063541484375
1 0.403294034375 0.5525922171875 0.39418548750000004 0.550071815625 0.383749128125 0.5526731218750001 0.38008089218749996 0.556781275 0.37717211562499997 0.565490871875 0.3763506109375 0.5736802078125 0.3781226859375 0.5844169124999999 0.381222571875 0.5900319125 0.38875015625 0.5961402062500001 0.393177853125 0.5966334984375 0.4015269390625 0.5945524546875001 0.40544832968750005 0.59197811875 0.41069752968750006 0.5842820734374999 0.4131 0.5725048453125 0.40848119374999997 0.55768695625 0.403294034375 0.5525922171875
1 0.37437746562499996 0.44322501875000003 0.3667878390625 0.4499075078125 0.3700788359375 0.4698471046875 0.3807063046875 0.4815703953125 0.3874744265625 0.48307724375000005 0.391902125 0.4835705375 0.4002512125 0.48148949375 0.40600672031249996 0.47686107812499995 0.4089154953125 0.46815148281249996 0.40714342031250006 0.457414775 0.40379038125 0.4502659609375 0.3986032234375 0.4451712234375 0.384813825 0.44062371406249995 0.37437746562499996 0.44322501875000003
1 0.35091116875 0.4458802609375 0.35742613749999996 0.4458532921875 0.3866479421875 0.4385696375 0.39189714375 0.43087359375 0.3903782234375 0.42167070312500005 0.37892925 0.41813674843750004 0.367986584375 0.41767042187500003 0.3429393234375 0.42391355468749997 0.3335155796875 0.4326501203125 0.3321877671875 0.4377718265625 0.34205577656249997 0.44489367343749997 0.35091116875 0.4458802609375
1 0.44945222500000004 0.38458946250000003 0.45830761875 0.38557604843750004 0.4643162796875 0.38248145 0.469818634375 0.3763192203125 0.47772345937500005 0.3583797640625 0.4736109578125 0.3466295046875 0.46399610312500006 0.3410414734375 0.45355974374999997 0.343642778125 0.44780423750000004 0.348271190625 0.43939310625 0.3631430171875 0.44243094843749997 0.3815487984375 0.44945222500000004 0.38458946250000003
1 0.4636759265625 0.299601496875 0.4565926078125 0.309351615625 0.45343067656249997 0.3165273984375 0.4526091734375 0.3247167359375 0.45621536718750005 0.33339936406250004 0.46557706874999993 0.33745358125 0.471838884375 0.33589279843750003 0.48518401562499996 0.324581896875 0.48859909999999995 0.3189399296875 0.49283568593749993 0.3051086265625 0.4910636109375 0.29437191875 0.48378918281249994 0.2897974421875 0.47126555156250005 0.2929190078125 0.4636759265625 0.299601496875
1 0.389856975 0.26051224375 0.3786611546875 0.258512103125 0.37214618593750004 0.25853907187499997 0.36379709843749997 0.260620115625 0.356207471875 0.2673026046875 0.3572200859375 0.273437865625 0.3650008234375 0.2810799734375 0.3837242265625 0.28918840625 0.39049234843749997 0.290695253125 0.399347740625 0.2916818390625 0.40352228593749995 0.2906413171875 0.40927779218750004 0.2860129046875 0.41218656875 0.2773033078125 0.40908668125 0.2716883078125 0.4015590984375 0.265580015625 0.389856975 0.26051224375
1 0.521188884375 0.4768959171875 0.5385844765625001 0.4901260578125 0.5430121734375 0.49061934999999995 0.5516144140625 0.4900721203125 0.5597103484375 0.4864572625 0.561544465625 0.4844031859375 0.5611002015625 0.468544771875 0.5434514578125 0.45378081875 0.5343429093750001 0.45126041875 0.525993821875 0.4533414609375 0.5184041953125 0.4600239515625 0.5173295375 0.46667947343750005 0.521188884375 0.4768959171875
1 0.2670497046875 0.3870251703125 0.25982723124999996 0.3432654234375 0.2144081984375 0.3545863046875 0.2216306703125 0.39834605 0.2670497046875 0.3870251703125
1 0.32688446875 0.505509378125 0.31951263750000003 0.46084468125000005 0.27286211250000003 0.4724725140625 0.2802339453125 0.5171372109375 0.32688446875 0.505509378125
1 0.38233720781249997 0.527857671875 0.3762311453125 0.49086205156249996 0.3209810609375 0.5046333609375 0.3270871265625 0.5416289812499999 0.38233720781249997 0.527857671875
1 0.393596696875 0.4372208921875 0.38927789687500003 0.4110540078125 0.3303333421875 0.425746178125 0.3346521421875 0.45191306249999996 0.393596696875 0.4372208921875
1 0.4120719078125 0.47957314687499997 0.40462666093750005 0.43446364375 0.3659495171875 0.4441040796875 0.3733947625 0.48921358125000003 0.4120719078125 0.47957314687499997
1 0.4176688609375 0.5909042875 0.4102236140625 0.5457947859375001 0.37154646874999997 0.5554352234375 0.3789917140625 0.600544725 0.4176688609375 0.5909042875
1 0.5660204109375 0.4867688125 0.5588713546874999 0.4434538734375 0.5146629390624999 0.454473 0.521811996875 0.497787940625 0.5660204109375 0.4867688125
1 0.4820757484375 0.3808653984375 0.47477986406249995 0.336660846875 0.4342659203125 0.3467591125 0.4415618046875 0.3909636640625 0.4820757484375 0.3808653984375
1 0.4978927859375 0.32949457187500003 0.49081967656250003 0.2866397765625 0.44600595312499997 0.29780978125 0.45307906249999996 0.3406645765625 0.4978927859375 0.32949457187500003
1 0.41377936562500006 0.2884679578125 0.4071518046875 0.2483126796875 0.35373852031249997 0.2616261578125 0.36036608124999997 0.3017814359375 0.41377936562500006 0.2884679578125
2 0.3004081625 0.449637403125 0.296610859375 0.426630175 0.2640702921875 0.43474104531249996 0.267867596875 0.457748271875 0.3004081625 0.449637403125
2 0.3321728109375 0.5840289859375 0.328003371875 0.5587670515625 0.29546280625 0.5668779203125001 0.2996322453125 0.5921398546875001 0.3321728109375 0.5840289859375
2 0.36410608125 0.49481846875 0.3602353640625 0.47136643593749994 0.329531596875 0.47901947500000003 0.333402315625 0.5024715078125 0.36410608125 0.49481846875
2 0.3826710984375 0.40986625312499997 0.3788003796875 0.3864142203125 0.34381770624999997 0.3951337953125 0.3476884234375 0.418585828125 0.3826710984375 0.40986625312499997
2 0.29121406875 0.30492508906250004 0.286745909375 0.27785325 0.2548315234375 0.2858080421875 0.259299684375 0.3128798796875 0.29121406875 0.30492508906250004
2 0.1777934015625 0.18699013125 0.17345434843750002 0.160700540625 0.14139385625 0.1686917484375 0.14573290781249998 0.194981340625 0.1777934015625 0.18699013125
2 0.46861910625 0.4772158484375 0.464550928125 0.45256743750000006 0.43025705312499996 0.4611153265625 0.4343252296875 0.48576373593750005 0.46861910625 0.4772158484375
2 0.5075402671875 0.3791253609375 0.5032898203125 0.3533726078125 0.47346270625000003 0.36080713593749997 0.477713153125 0.38655989218750003 0.5075402671875 0.3791253609375
2 0.5422770859375 0.335670296875 0.5381177734375 0.3104697140625 0.507560115625 0.3180863375 0.5117194296875 0.34328691718750004 0.5422770859375 0.335670296875
2 0.5629823640625 0.2118746328125 0.5590053203124999 0.187778396875 0.5284476625 0.19539501718750002 0.5324247046874999 0.219491253125 0.5629823640625 0.2118746328125
0 0.3330600765625 0.431733646875 0.3289007640625 0.40653306406249995 0.29684027031250004 0.41452427187499996 0.3009995828125 0.43972485624999996 0.3330600765625 0.431733646875
0 0.44186429218749995 0.4091889125 0.43734296875 0.3817949734375 0.40081571406250005 0.3908995421875 0.40533703593750003 0.4182934796875 0.44186429218749995 0.4091889125
0 0.5970209765625001 0.4840082 0.5932236734375 0.461000971875 0.5596812171875001 0.46936156562500003 0.5634785203125 0.49236879375 0.5970209765625001 0.4840082
0 0.5101384265625 0.34312206875 0.5058879765625 0.3173693125 0.471594103125 0.3259172015625 0.47584455156249994 0.3516699578125 0.5101384265625 0.34312206875
0 0.5599366015625 0.1464816109375 0.5555064125 0.1196398453125 0.5219639578125 0.128000440625 0.5263941437499999 0.1548422046875 0.5599366015625 0.1464816109375
2 0.1610016015625 0.16425157343750002 0.1547397875 0.16581235625 0.1448097359375 0.171481290625 0.1411415 0.17558944375000002 0.13823272343749998 0.18429904218749998 0.1408263015625 0.1868464109375 0.1525284296875 0.1919141796875 0.1569561265625 0.192407475 0.16530521250000002 0.19032643124999998 0.1734011453125 0.186711571875 0.1789035 0.18054934218750002 0.180484465625 0.1769614515625 0.177131425 0.1698126359375 0.1698569953125 0.165238159375 0.1610016015625 0.16425157343750002
2 0.26360805468750004 0.2855926453125 0.259686665625 0.28816698125 0.2544374640625 0.2958630265625 0.2582968109375 0.306079471875 0.2676585109375 0.3101336859375 0.276260753125 0.3095864578125 0.2843566859375 0.3059715984375 0.289859040625 0.2998093703125 0.29144000625 0.296221478125 0.289921084375 0.28701858750000003 0.2870743515625 0.2829374046875 0.2823935 0.2809102953125 0.273791259375 0.281457525 0.26360805468750004 0.2855926453125
2 0.2636229984375 0.44368347343750003 0.26488876562499997 0.4513525484375 0.26748234531250004 0.45389991875 0.27450362031250003 0.45694058125000003 0.2912017921875 0.45277849375 0.2951231828125 0.45020415468749997 0.3003723828125 0.44250811093750003 0.29935976875 0.43637285156249994 0.2939194578125 0.42974429687500004 0.2894917609375 0.4292510046875 0.2707063171875 0.43393335312500003 0.2667849265625 0.43650769062499994 0.2636229984375 0.44368347343750003
2 0.3511593421875 0.39471713125 0.3456569875 0.4008793609375 0.3445823296875 0.40753488281249994 0.350022640625 0.414163434375 0.35470349218749997 0.4161905453125 0.3591311890625 0.4166838359375 0.3737420921875 0.41304200937499996 0.379244446875 0.40687978124999996 0.3808254109375 0.403291890625 0.3790533359375 0.39255518437500003 0.372032059375 0.389514521875 0.3676043625 0.389021228125 0.357168003125 0.391622534375 0.3511593421875 0.39471713125
2 0.48215115468749997 0.35887305625 0.476395646875 0.3635014703125 0.471652753125 0.3742651453125 0.47500579375 0.3814139578125 0.47968664375000003 0.38344106718750004 0.48620161093750003 0.3834141 0.4966379703125 0.3808127953125 0.5042275953125 0.3741303046875 0.5073895265624999 0.366954521875 0.506630065625 0.3623530765625 0.5037833328125 0.3582718921875 0.4991024828125 0.35624478437499996 0.494674784375 0.355751490625 0.48215115468749997 0.35887305625
2 0.5073225031249999 0.3270483609375 0.5090945765625 0.3377850671875 0.5163690062499999 0.3423595453125 0.5270585203125 0.341292053125 0.5388226890625 0.3335690421875 0.54198461875 0.32639325937499997 0.5409720046875 0.32025800000000004 0.538125271875 0.316176815625 0.533444421875 0.31414970625 0.5290167234375 0.3136564140625 0.5164930937500001 0.31677798125 0.5086503125 0.32192665625 0.5073225031249999 0.3270483609375
2 0.529828265625 0.2000731921875 0.52850045625 0.2051948984375 0.5295130703125001 0.21133015937500002 0.5323598015625 0.2154113421875 0.5370406515624999 0.217438453125 0.5414683484375 0.21793174531249998 0.55607925 0.21428991718749998 0.5615816046875 0.20812768906249998 0.5647435359374999 0.20095190624999998 0.5637309203124999 0.1948166453125 0.5564564921875 0.1902421703125 0.5520287953125 0.18974887499999998 0.5374178921875 0.193390703125 0.529828265625 0.2000731921875
0 0.30612789218750003 0.4378797 0.3126428609375 0.4378527296875 0.3230792203125 0.43525142499999997 0.3325029640625 0.426514859375 0.330730890625 0.4157781546875 0.3257968859375 0.41221723125 0.3148542203125 0.41175090625 0.3106796765625 0.41279142812499997 0.29891550625 0.42051443906249997 0.2957535765625 0.427690221875 0.2988534625 0.43330522031249996 0.30612789218750003 0.4378797
0 0.41162818124999995 0.39242034375 0.4042917078125 0.4006366484375 0.40271074218749997 0.404224540625 0.4034702046875 0.4088259859375 0.41099778750000004 0.41493427812499994 0.41542548437500004 0.4154275703125 0.43003638437499997 0.41178574531249995 0.433957775 0.40921140625 0.4376260109375 0.40510325468749997 0.4389538234375 0.399981546875 0.43768805468750005 0.392312471875 0.428326353125 0.38825825625 0.42181138437500004 0.388285225 0.41162818124999995 0.39242034375
0 0.4975835609375 0.34704189375 0.5070073046875 0.338305328125 0.5044757703125 0.3229671765625 0.495620375 0.321980590625 0.48518401562499996 0.324581896875 0.47550712031250003 0.331784646875 0.47259834375 0.34049424375 0.47803865468750006 0.3471227984375 0.48271950468749997 0.34914990625 0.48714720156249997 0.3496431984375 0.4975835609375 0.34704189375
0 0.5496213453125 0.1488291609375 0.559045090625 0.1400925953125 0.5619538656249999 0.131382996875 0.561447559375 0.1283153671875 0.5458240421875 0.125821934375 0.5333004109374999 0.12894350000000002 0.5293790203125 0.13151783749999998 0.5241298203125 0.13921387968750001 0.525648740625 0.148416771875 0.5350104421874999 0.15247098750000002 0.5496213453125 0.1488291609375
0 0.5612913125000001 0.48286937031250005 0.5617976203125 0.485937 0.5688188953125 0.48897766249999997 0.5732465921875 0.48947095625000003 0.589944765625 0.4853088671875 0.5951939671875001 0.4776128234375 0.5939281984375 0.46994374843750003 0.5910814656250001 0.4658625640625 0.5801388000000001 0.4653962390625 0.571789715625 0.46747728437499997 0.565781053125 0.47057188281249995 0.5623659703125 0.4762138484375 0.5612913125000001 0.48286937031250005
2 0.33092697968749996 0.48279969375 0.3277650515625 0.48997547656249996 0.32903081875 0.4976445515625 0.331624396875 0.5001919218750001 0.3383925203125 0.5016987671875001 0.34699476093750004 0.5011515375 0.3574311203125 0.49855023281250005 0.3592652375 0.496496159375 0.3642612828125 0.48726630000000004 0.3629955171875 0.479597225 0.3580615125 0.47603629999999997 0.34920611875 0.475049715625 0.34085703125 0.47713075937499994 0.33092697968749996 0.48279969375
2 0.2979178328125 0.5724700078125 0.29659002343749996 0.5775917140625 0.297855790625 0.5852607890625 0.30044936875 0.5878081578125001 0.3095579171875 0.590328559375 0.3160728859375 0.5903015921875 0.32600293593749996 0.5846326578125 0.3296711734375 0.5805245046875 0.33099898437499997 0.5754027984375 0.3294800625 0.5661999062499999 0.324546059375 0.5626389828125 0.3201183609375 0.5621456890625 0.30759473125 0.5652672562500001 0.2979178328125 0.5724700078125
2 0.45863277656249996 0.479712965625 0.46230101250000005 0.47560481406250005 0.46546294218749995 0.46842903125 0.46419717499999996 0.46075995625 0.45692274531250004 0.456185478125 0.44022457031249995 0.4603475671875 0.4308008265625 0.46908413125 0.432319746875 0.47828702187500005 0.4419346015625 0.4838750546875 0.45262411562500005 0.48280756562500005 0.45863277656249996 0.479712965625