1 0.7375 0.2791666671875 0.73125 0.25 0.7171875 0.23333333281250002 0.7046875 0.2416666671875 0.7046875 0.2708333328125 0.7203125 0.28958333281250004 0.73125 0.28958333281250004 0.7375 0.2791666671875
1 0.6828125 0.34375 0.6859375 0.3458333328125 0.69375 0.3458333328125 0.6984375 0.3416666671875 0.7015625 0.3333333328125 0.7015625 0.32083333281250004 0.6984375 0.3020833328125 0.696875 0.2979166671875 0.690625 0.28958333281250004 0.68125 0.28958333281250004 0.6765625 0.29375 0.6734375 0.3 0.6734375 0.325 0.675 0.33125 0.6828125 0.34375
1 0.5640625 0.375 0.575 0.3875 0.58125 0.3895833328125 0.5859375 0.3895833328125 0.5890625 0.3875 0.5921875 0.38125 0.5921875 0.3645833328125 0.5828125 0.3458333328125 0.5765625 0.3395833328125 0.571875 0.3375 0.565625 0.3375 0.5609375 0.3395833328125 0.5578125 0.34375 0.55625 0.3479166671875 0.55625 0.35625 0.559375 0.36666666718749996 0.5640625 0.375
1 0.4265625 0.3895833328125 0.440625 0.3958333328125 0.45 0.3958333328125 0.4578125 0.3875 0.4578125 0.38125 0.4546875 0.3708333328125 0.446875 0.3625 0.4375 0.35625 0.421875 0.35625 0.415625 0.3604166671875 0.4140625 0.3645833328125 0.4140625 0.3708333328125 0.4171875 0.3791666671875 0.4265625 0.3895833328125
1 0.4171875 0.4291666671875 0.4265625 0.43541666718750005 0.4453125 0.4375 0.45 0.43541666718750005 0.453125 0.43125 0.453125 0.4166666671875 0.45 0.41041666718750003 0.4453125 0.40625 0.4296875 0.4 0.4171875 0.4 0.4109375 0.40625 0.409375 0.41041666718750003 0.409375 0.4166666671875 0.4109375 0.42083333281249996 0.4171875 0.4291666671875
1 0.5375 0.5145833328125 0.5453125 0.5145833328125 0.55 0.5104166671875 0.5546875 0.49375 0.5546875 0.475 0.553125 0.46666666718750005 0.5484375 0.4583333328125 0.5453125 0.45625 0.540625 0.45625 0.5375 0.4583333328125 0.53125 0.46875 0.5296875 0.475 0.5296875 0.5041666671875 0.534375 0.5125 0.5375 0.5145833328125
1 0.6265625 0.5375 0.63125 0.5416666671875 0.6375 0.5416666671875 0.640625 0.5395833328124999 0.6453125 0.5229166671875001 0.64375 0.49583333281249997 0.640625 0.4875 0.6359375 0.48125 0.6296875 0.48125 0.6265625 0.48333333281249996 0.6203125 0.4916666671875 0.61875 0.49583333281249997 0.61875 0.5145833328125 0.621875 0.5291666671875 0.6265625 0.5375
1 0.7 0.5333333328125 0.70625 0.5354166671875 0.71875 0.5354166671875 0.7234375 0.5333333328125 0.7265625 0.53125 0.7328125 0.5208333328125 0.73125 0.5125 0.725 0.5041666671875 0.71875 0.5020833328125 0.6984375 0.5020833328125 0.690625 0.50625 0.6875 0.5104166671875 0.6859375 0.5166666671875 0.6875 0.5229166671875001 0.690625 0.5270833328125 0.7 0.5333333328125
1 0.75625 0.55 0.7671875 0.55 0.771875 0.5416666671875 0.7703125 0.525 0.7671875 0.5145833328125 0.759375 0.5041666671875 0.753125 0.5 0.74375 0.5 0.7390625 0.5020833328125 0.7359375 0.50625 0.7375 0.5270833328125 0.7453125 0.5416666671875 0.75625 0.55
1 0.4921875 0.5958333328125 0.5015625 0.5895833328125 0.5109375 0.58125 0.515625 0.575 0.5171875 0.5708333328124999 0.5171875 0.5604166671875 0.5125 0.5541666671875001 0.496875 0.5541666671875001 0.4875 0.5604166671875 0.4765625 0.5729166671875 0.475 0.5791666671875 0.4765625 0.5895833328125 0.4828125 0.59375 0.4921875 0.5958333328125
1 0.703125 0.2890729171875 0.67265625 0.2890729171875 0.67265625 0.3479270828125 0.703125 0.3479270828125 0.703125 0.2890729171875
1 0.740234375 0.23282291718749998 0.704296875 0.23282291718749998 0.704296875 0.29167708281250004 0.740234375 0.29167708281250004 0.740234375 0.23282291718749998
1 0.5937578125 0.33490625 0.5558671875 0.33490625 0.5558671875 0.39271875 0.5937578125 0.39271875 0.5937578125 0.33490625
1 0.4593828125 0.3546875 0.4136796875 0.3546875 0.4136796875 0.3973958328125 0.4593828125 0.3973958328125 0.4593828125 0.3546875
1 0.45430468749999997 0.396875 0.4086015625 0.396875 0.4086015625 0.4375 0.45430468749999997 0.4375 0.45430468749999997 0.396875
1 0.555859375 0.4557291671875 0.528515625 0.4557291671875 0.528515625 0.5151041671875001 0.555859375 0.5151041671875001 0.555859375 0.4557291671875
1 0.6464921875 0.48020833281249997 0.6171953125 0.48020833281249997 0.6171953125 0.5427083328125 0.6464921875 0.5427083328125 0.6464921875 0.48020833281249997
1 0.73359375 0.5010416671875 0.6859375 0.5010416671875 0.6859375 0.5354166671875 0.73359375 0.5354166671875 0.73359375 0.5010416671875
1 0.7730546875 0.4994895828125 0.7359453125 0.4994895828125 0.7359453125 0.5510520828125001 0.7730546875 0.5510520828125001 0.7730546875 0.4994895828125
1 0.5183671875 0.5520937499999999 0.4750078125 0.5520937499999999 0.4750078125 0.5953229171875 0.5183671875 0.5953229171875 0.5183671875 0.5520937499999999
2 0.4617265625 0.32396875 0.4363359375 0.32396875 0.4363359375 0.3546979171875 0.4617265625 0.3546979171875 0.4617265625 0.32396875
2 0.619921875 0.33751041718749997 0.594921875 0.33751041718749997 0.594921875 0.3703229171875 0.619921875 0.3703229171875 0.619921875 0.33751041718749997
2 0.693359375 0.4036458328125 0.667578125 0.4036458328125 0.667578125 0.43385416718750003 0.693359375 0.43385416718750003 0.693359375 0.4036458328125
2 0.7691484375 0.35417708281250004 0.7429765625 0.35417708281250004 0.7429765625 0.38803125 0.7691484375 0.38803125 0.7691484375 0.35417708281250004
2 0.7812578125 0.3948020828125 0.7558671875 0.3948020828125 0.7558671875 0.42761458281250003 0.7812578125 0.42761458281250003 0.7812578125 0.3948020828125
2 0.7773515625 0.4302083328125 0.7519609375 0.4302083328125 0.7519609375 0.4625 0.7773515625 0.4625 0.7773515625 0.4302083328125
2 0.5050859375 0.471875 0.47969531249999997 0.471875 0.47969531249999997 0.5041666671875 0.5050859375 0.5041666671875 0.5050859375 0.471875
2 0.59609375 0.5744791671875 0.57109375 0.5744791671875 0.57109375 0.6067708328125 0.59609375 0.6067708328125 0.59609375 0.5744791671875
2 0.6550859375 0.565625 0.6296953125 0.565625 0.6296953125 0.5979166671875 0.6550859375 0.5979166671875 0.6550859375 0.565625
2 0.7433671875 0.5453125 0.7164140625 0.5453125 0.7164140625 0.5765625 0.7433671875 0.5765625 0.7433671875 0.5453125
0 0.757421875 0.4078125 0.730078125 0.4078125 0.730078125 0.44322916718750005 0.757421875 0.44322916718750005 0.757421875 0.4078125
0 0.5871171875 0.4203125 0.5609453125 0.4203125 0.5609453125 0.45677083281249997 0.5871171875 0.45677083281249997 0.5871171875 0.4203125
0 0.6679765625 0.5323020828125 0.6418046875 0.5323020828125 0.6418046875 0.5671979171875 0.6679765625 0.5671979171875 0.6679765625 0.5323020828125
0 0.5796875 0.5520937499999999 0.5546875 0.5520937499999999 0.5546875 0.5828229171875 0.5796875 0.5828229171875 0.5796875 0.5520937499999999
0 0.49453125 0.5932395828125 0.46875 0.5932395828125 0.46875 0.6250104171875 0.49453125 0.6250104171875 0.49453125 0.5932395828125
2 0.4484375 0.3604166671875 0.4546875 0.3604166671875 0.4609375 0.3541666671875 0.4609375 0.33541666718749996 0.4546875 0.325 0.4515625 0.3229166671875 0.44375 0.3229166671875 0.440625 0.325 0.4375 0.33125 0.4359375 0.33541666718749996 0.4359375 0.3479166671875 0.4390625 0.3541666671875 0.4484375 0.3604166671875
2 0.6046875 0.3729166671875 0.6109375 0.3729166671875 0.61875 0.3645833328125 0.6203125 0.3604166671875 0.6203125 0.35208333281250004 0.6171875 0.3416666671875 0.6109375 0.3375 0.603125 0.3375 0.5984375 0.3395833328125 0.5953125 0.3458333328125 0.59375 0.35 0.59375 0.3625 0.6 0.3708333328125 0.6046875 0.3729166671875
2 0.6765625 0.43541666718750005 0.684375 0.43541666718750005 0.6875 0.43333333281249997 0.6921875 0.425 0.6921875 0.4125 0.690625 0.40833333281249995 0.684375 0.40208333281249997 0.6765625 0.40208333281249997 0.6703125 0.40625 0.6671875 0.4125 0.665625 0.42291666718750004 0.6671875 0.4291666671875 0.671875 0.43333333281249997 0.6765625 0.43541666718750005
2 0.753125 0.3895833328125 0.7625 0.3895833328125 0.765625 0.3854166671875 0.76875 0.375 0.76875 0.36666666718749996 0.7640625 0.35625 0.759375 0.3541666671875 0.7515625 0.3541666671875 0.74375 0.3625 0.7421875 0.36666666718749996 0.7421875 0.3770833328125 0.746875 0.3854166671875 0.753125 0.3895833328125
2 0.7703125 0.4291666671875 0.7765625 0.42291666718750004 0.7796875 0.41041666718750003 0.778125 0.40208333281249997 0.775 0.3958333328125 0.771875 0.39375 0.7609375 0.39375 0.7546875 0.4 0.753125 0.40416666718750005 0.753125 0.4125 0.759375 0.4291666671875 0.7703125 0.4291666671875
2 0.7609375 0.46458333281249997 0.7671875 0.46458333281249997 0.775 0.4583333328125 0.7765625 0.45416666718750004 0.7765625 0.43958333281249995 0.7734375 0.43333333281249997 0.7671875 0.4291666671875 0.7609375 0.4291666671875 0.753125 0.4375 0.75 0.44375 0.75 0.45416666718750004 0.7515625 0.4583333328125 0.7609375 0.46458333281249997
2 0.7265625 0.5791666671875 0.734375 0.5791666671875 0.740625 0.5708333328124999 0.7421875 0.5666666671875 0.7421875 0.55625 0.7359375 0.54375 0.725 0.54375 0.7171875 0.5520833328125 0.715625 0.55625 0.715625 0.5645833328125 0.7171875 0.56875 0.7265625 0.5791666671875
2 0.6359375 0.5979166671875 0.6484375 0.5979166671875 0.6515625 0.59375 0.653125 0.5895833328125 0.653125 0.5770833328125 0.65 0.56875 0.6421875 0.5625 0.6359375 0.5645833328125 0.6296875 0.5708333328124999 0.628125 0.5770833328125 0.628125 0.5875 0.6328125 0.5958333328125 0.6359375 0.5979166671875
2 0.58125 0.6083333328125 0.5875 0.6083333328125 0.590625 0.60625 0.5953125 0.5979166671875 0.5953125 0.5895833328125 0.59375 0.5833333328125 0.5875 0.5729166671875 0.58125 0.5729166671875 0.578125 0.575 0.571875 0.5854166671875001 0.5703125 0.59375 0.571875 0.6 0.5765625 0.60625 0.58125 0.6083333328125
2 0.4890625 0.5083333328124999 0.496875 0.50625 0.503125 0.49583333281249997 0.503125 0.48125 0.496875 0.47291666718750003 0.4859375 0.47291666718750003 0.48125 0.4770833328125 0.4796875 0.48125 0.478125 0.4875 0.4796875 0.49791666718750005 0.48125 0.5020833328125 0.4890625 0.5083333328124999
0 0.56875 0.45416666718750004 0.578125 0.45416666718750004 0.584375 0.44375 0.584375 0.4291666671875 0.578125 0.42083333281249996 0.56875 0.42083333281249996 0.5625 0.4270833328125 0.5609375 0.43125 0.5609375 0.44375 0.5625 0.4479166671875 0.56875 0.45416666718750004
0 0.6515625 0.56875 0.6546875 0.56875 0.6625 0.5625 0.665625 0.5541666671875001 0.665625 0.54375 0.659375 0.5333333328125 0.6484375 0.5333333328125 0.6453125 0.5354166671875 0.6421875 0.5416666671875 0.640625 0.5520833328125 0.64375 0.5604166671875 0.646875 0.5645833328125 0.6515625 0.56875
0 0.5640625 0.5854166671875001 0.56875 0.5854166671875001 0.571875 0.5833333328125 0.578125 0.575 0.578125 0.5625 0.5734375 0.5541666671875001 0.5671875 0.55 0.5640625 0.55 0.559375 0.5520833328125 0.55625 0.55625 0.5546875 0.5604166671875 0.5546875 0.5729166671875 0.5578125 0.58125 0.5640625 0.5854166671875001
0 0.4875 0.625 0.4921875 0.6166666671875001 0.4921875 0.6 0.4859375 0.59375 0.4765625 0.59375 0.471875 0.6 0.4703125 0.6041666671875 0.4703125 0.61875 0.475 0.625 0.4875 0.625
0 0.7390625 0.44166666718750003 0.7484375 0.44166666718750003 0.7546875 0.43125 0.7546875 0.42083333281249996 0.7515625 0.4125 0.746875 0.40833333281249995 0.7390625 0.40833333281249995 0.73125 0.4166666671875 0.7296875 0.42291666718750004 0.7296875 0.43125 0.734375 0.43958333281249995 0.7390625 0.44166666718750003