1 0.4703602765625 0.533000134375 0.47833603281250003 0.536946775 0.4915893640625 0.5347313828125 0.49952552656250004 0.52988489375 0.5100806765625 0.5175608234375 0.5148689640625 0.500920878125 0.5139695703125 0.4975513203125 0.5002269484374999 0.489288803125 0.48697361875 0.49150419687499997 0.4737598796875 0.502512721875 0.46631300781249996 0.5178371187499999 0.4703602765625 0.533000134375
1 0.3530770515625 0.6036434453124999 0.357084725 0.6100133296875 0.37393562812500003 0.6212761734375001 0.3836705734375 0.6231688015625 0.393815625 0.6179530828125 0.3968843125 0.612160278125 0.39459623593750004 0.59494325 0.3795045265625 0.5816263968750001 0.3715287703125 0.5776797546875 0.3666612984375 0.576733440625 0.353407965625 0.578948834375 0.3485800859375 0.58679565 0.3530770515625 0.6036434453124999
1 0.38261280625 0.5846267234375 0.39369684375 0.5915736921875 0.40654007343750004 0.59646665 0.413616434375 0.59704373125 0.440123096875 0.5926129437500001 0.44715986562500004 0.584396896875 0.44401199062499996 0.572603440625 0.43603623437500005 0.5686568000000001 0.41435745312499994 0.565240771875 0.3966863453125 0.56819463125 0.3883004859375 0.5713563374999999 0.3790548296875 0.57994161875 0.38261280625 0.5846267234375
1 0.5085590484375 0.5723736125000001 0.48205238437500003 0.5768044 0.4763251140625 0.5812816562500001 0.475915009375 0.5883900078125001 0.48037238125000004 0.5964446718749999 0.491006721875 0.6017068609375 0.5029505578125 0.6032302578125 0.5100269171875 0.603807340625 0.5321158031250001 0.6001150171875 0.540051965625 0.5952685296875 0.541361459375 0.5915297390625 0.5386632812500001 0.5814210625 0.532896415625 0.5771051875000001 0.5178442984375 0.5725814640625 0.5085590484375 0.5723736125000001
1 0.29550173750000003 0.4830313171875 0.297750221875 0.491455215625 0.31059345 0.49634817187499997 0.31766981250000004 0.49692525468750004 0.32871425468750004 0.49507909375 0.34106819375 0.4894941390625 0.350763546875 0.48259364062500004 0.358660115625 0.468954021875 0.3546524390625 0.46258413750000005 0.3444677953125 0.45900672656249997 0.3245878 0.4623298171875 0.30032961875 0.47518450156250003 0.29550173750000003 0.4830313171875
1 0.2800678515625 0.295536646875 0.2695126984375 0.30786071875 0.2668937078125 0.31533829999999996 0.27004158125 0.32713175625 0.275358753125 0.329762853125 0.280226225 0.3307091671875 0.29568844375 0.328124540625 0.3115607671875 0.3184315640625 0.31900763906249996 0.30310716718749997 0.316309459375 0.292998490625 0.31320117812500003 0.2899981625 0.3030165359375 0.2864207546875 0.2857951234375 0.29105939062499997 0.2800678515625 0.295536646875
1 0.19941090781249998 0.252700671875 0.195442828125 0.2551239171875 0.1906149484375 0.26297073125 0.1969106984375 0.28655764375000004 0.208894128125 0.296874171875 0.21952846718750002 0.302136359375 0.23057291093750001 0.30029019843750004 0.235850484375 0.294128165625 0.23671028593750001 0.2887045921875 0.23131392812499998 0.2684872390625 0.227306253125 0.262117353125 0.21843110625 0.25480115312499996 0.2082464625 0.25122374375 0.19941090781249998 0.252700671875
1 0.374150665625 0.2762901 0.3799175328125 0.280605975 0.4033951 0.29076111875 0.413130046875 0.29265374843749997 0.4303514609375 0.2880151109375 0.43517933906249995 0.280168296875 0.430272271875 0.2704288515625 0.41607995468750003 0.26048155624999997 0.40102783750000004 0.2559578328125 0.3824573359375 0.25554213125 0.37407147812499997 0.258703840625 0.37055309375 0.2628118640625 0.374150665625 0.2762901
1 0.5839017234375 0.3186664203125 0.5794839484375001 0.31940488437500003 0.5715477859375 0.324251371875 0.5676192984374999 0.335467746875 0.5716665671875 0.35063076249999997 0.5792322203125 0.36168575468749997 0.5876576703125 0.367317175 0.596942921875 0.36752502656249997 0.6048790828125 0.3626785375 0.6092572656249999 0.3531469421875 0.60966736875 0.34603859375 0.6056201 0.3308755765625 0.6020621234375 0.326190471875 0.593186975 0.318874271875 0.5839017234375 0.3186664203125
1 0.594799053125 0.48052016562500005 0.6041238984375 0.48952114687500003 0.62273399375 0.4987299765625 0.6298103562499999 0.49930705781249995 0.6430636875 0.4970916640625 0.6465820718749999 0.492983640625 0.645643084375 0.48082095156250004 0.63586854375 0.4701351921875 0.61725845 0.46092636249999996 0.6026560296875 0.4580874171875 0.596479059375 0.46087989531250007 0.5912014828125 0.4670419296875 0.594799053125 0.48052016562500005
1 0.40083952187499994 0.620624475 0.3877668453125 0.5716479343749999 0.3447597859375 0.5788368875 0.3578324609375 0.627813428125 0.40083952187499994 0.620624475
1 0.4493549921875 0.5912809578125 0.44158423750000003 0.5621679687500001 0.3767533578125 0.5730049359375 0.38452411249999996 0.6021179265625001 0.4493549921875 0.5912809578125
1 0.5459014328125 0.5997641921875 0.5372672609375 0.567416425 0.47243638125 0.5782533921875 0.481070553125 0.610601159375 0.5459014328125 0.5997641921875
1 0.5237738453125 0.5310410546875 0.51181191875 0.4862259203125 0.459704240625 0.4949361109375 0.471666165625 0.5397512453125 0.5237738453125 0.5310410546875
1 0.3657219765625 0.491348103125 0.35597705468749996 0.45483893281250004 0.2899312875 0.465878978125 0.29967620781250004 0.50238815 0.3657219765625 0.491348103125
1 0.6516607624999999 0.4956722 0.6395729203125 0.45038532499999995 0.586868840625 0.4591952078125 0.59895668125 0.50448208125 0.6516607624999999 0.4956722
1 0.614811571875 0.36474934062500003 0.6013656484375 0.314374434375 0.562599653125 0.32085446093750003 0.5760455765625 0.37122936875 0.614811571875 0.36474934062500003
1 0.43743708437500006 0.28819465625 0.42645999375 0.2470691890625 0.36708506875 0.2569941546875 0.378062159375 0.298119621875 0.43743708437500006 0.28819465625
1 0.32638820625 0.325095984375 0.315042365625 0.282589 0.25931210625 0.29190472968750003 0.2706579484375 0.334411715625 0.32638820625 0.325095984375
1 0.241872703125 0.297714975 0.22805802968750002 0.2459585453125 0.18505096875 0.25314749999999997 0.19886564375 0.3049039265625 0.241872703125 0.297714975
0 0.2668832234375 0.33215637187499997 0.25985446875 0.30582326875 0.22411465156250002 0.311797446875 0.2311434078125 0.3381305515625 0.2668832234375 0.33215637187499997
0 0.5088216796875 0.3636348859375 0.5015455906249999 0.336375153125 0.4700468390625 0.34164040625 0.477322928125 0.3689001375 0.5088216796875 0.3636348859375
0 0.510077775 0.3161262734375 0.5025543531250001 0.2879399125 0.4704371125 0.2933085515625 0.4779605328125 0.3214949109375 0.510077775 0.3161262734375
0 0.62201409375 0.40119950781249997 0.6148594234375 0.374394665625 0.57850111875 0.38047222812500003 0.5856557890625 0.407277071875 0.62201409375 0.40119950781249997
0 0.6833113453124999 0.49810774531249996 0.676898675 0.4740827890625 0.6478076109375001 0.478945578125 0.654220284375 0.502970534375 0.6833113453124999 0.49810774531249996
2 0.439874428125 0.5059681921875 0.432845671875 0.47963508906249996 0.39770225625 0.4855095734375 0.4047310125 0.5118426781250001 0.439874428125 0.5059681921875
2 0.46809976718749996 0.5572517109375 0.4610710125 0.530918609375 0.4241163078125 0.537095865625 0.4311450625 0.56342896875 0.46809976718749996 0.5572517109375
2 0.539685328125 0.46033288125 0.53216190625 0.4321465203125 0.4988518671875 0.43771454218750006 0.5063752874999999 0.465900903125 0.539685328125 0.46033288125
2 0.548697096875 0.522536671875 0.541542425 0.4957318296875 0.5100436734375 0.5009970828125 0.51719834375 0.5278019234375 0.548697096875 0.522536671875
2 0.37564347656249997 0.32700870625 0.3682414734375 0.2992772359375 0.3343129453125 0.30494864375 0.34171494999999996 0.332680115625 0.37564347656249997 0.32700870625
2 0.372875265625 0.27630969843750003 0.36473576093750004 0.2458151890625 0.3277810546875 0.251992446875 0.3359205609375 0.2824869546875 0.372875265625 0.27630969843750003
2 0.298485603125 0.21342744374999997 0.2914568484375 0.18709434062500002 0.2617693875 0.192056821875 0.2687981421875 0.2183899265625 0.298485603125 0.21342744374999997
2 0.344377434375 0.1198355390625 0.3373486796875 0.09350243593749999 0.298582684375 0.09998246250000001 0.305611440625 0.1263155671875 0.344377434375 0.1198355390625
2 0.5257087968749999 0.1566227203125 0.5180639578124999 0.12798146875 0.48353902968750007 0.1337525703125 0.49118386875000003 0.162393821875 0.5257087968749999 0.1566227203125
2 0.474146753125 0.30958397187500003 0.4666233328125 0.2813976109375 0.4339096921875 0.2868659421875 0.4414331140625 0.3150523015625 0.474146753125 0.30958397187500003
0 0.260346228125 0.3340322578125 0.2656238046875 0.3278702203125 0.2620262328125 0.3143919859375 0.25625936718750003 0.3100761125 0.24652442031250002 0.30818348281249996 0.233720784375 0.3120836546875 0.22799351250000002 0.3165609125 0.2271337125 0.32198448125 0.23204078125 0.3317239265625 0.2426751203125 0.33698611562499997 0.260346228125 0.3340322578125
0 0.4848722484375 0.3193803921875 0.498575275 0.3188497796875 0.5060617421875 0.3123185125 0.5086807328125 0.3048409296875 0.5068819484375 0.29810180937499997 0.503773665625 0.295101484375 0.49093043593749996 0.29020852812500003 0.4820948828125 0.29168545625000003 0.4781268015625 0.2941087015625 0.4715397296875 0.3040095265625 0.4742379078125 0.31411820625 0.4848722484375 0.3193803921875
0 0.48376072187499997 0.367084834375 0.49525486093750004 0.3669234515625 0.5071591015625 0.35965371875 0.5080189015625 0.3542301484375 0.5057704203125 0.3458062515625 0.49734496874999995 0.3401748296875 0.49247749374999994 0.3392285140625 0.48143305156249994 0.3410746765625 0.47218739374999996 0.34965995625 0.47087789999999996 0.353398746875 0.4726766859375 0.360137865625 0.48376072187499997 0.367084834375
0 0.5793510015625001 0.38806514375 0.582498875 0.3998586 0.5882657421874999 0.4041744734375 0.593133215625 0.4051207875 0.6108043249999999 0.4021669296875 0.6147724046875 0.3997436875 0.6191505890625 0.39021209218749997 0.6178015 0.385157753125 0.61469321875 0.38215742656249996 0.6067174625 0.3782107859375 0.5947736265625 0.3766873890625 0.5846285765625 0.38190310781250003 0.5793510015625001 0.38806514375
0 0.657666109375 0.49993060937499995 0.6625335812500001 0.500876925 0.6757869125 0.49866153124999996 0.683273378125 0.4921302625 0.6836834796875 0.48502191093749997 0.6743586359375 0.47602093125 0.6694911609374999 0.4750746171875 0.6540289421875001 0.4776592421875 0.6483016703125 0.4821365 0.6469921734375 0.485875290625 0.649690353125 0.4959839671875 0.657666109375 0.49993060937499995
2 0.41146130468750003 0.511166446875 0.41632877968750004 0.5121127609375 0.42737322187500004 0.5102666 0.436618878125 0.5016813203125 0.437928375 0.4979425296875 0.4352301953125 0.4878338515625 0.42725444062499995 0.483887209375 0.422386965625 0.4829408953125 0.4091336359375 0.48515628906249997 0.399887978125 0.49374156874999997 0.4034855515625 0.5072198046875 0.41146130468750003 0.511166446875
2 0.4386552265625 0.5611792171875 0.44573158749999997 0.5617562984375 0.45456714218750005 0.5602793703125 0.46205360781250004 0.5537481015625 0.46512229375 0.5479553 0.4628738125 0.5395314015625 0.4544483625 0.53389998125 0.44958088749999997 0.532953665625 0.43632755625 0.535169059375 0.4270819 0.5437543390624999 0.42757118906249997 0.5542322484375 0.4386552265625 0.5611792171875
2 0.518955825 0.5248770234375 0.5238232984375 0.5258233375 0.5370766312499999 0.52360794375 0.5445630968749999 0.5170766765625 0.5458725906249999 0.513337884375 0.5431744125 0.5032292093749999 0.532540071875 0.4979670203125 0.5192867421875 0.5001824140625 0.514009165625 0.5063444484375 0.5113901734375 0.5138220312499999 0.51363865625 0.522245928125 0.518955825 0.5248770234375
2 0.500478678125 0.447007934375 0.50317685625 0.4571166125 0.5116023078125 0.46274803281250004 0.51646978125 0.4636943484375 0.5275142234375 0.4618481859375 0.5350006890625 0.45531691875 0.53761968125 0.44783933593749997 0.5362705921875001 0.44278499687500006 0.530054028125 0.43678434218750006 0.5181101921875 0.4352609453125 0.5053065578125 0.4391611203125 0.503547365625 0.4412151296875 0.500478678125 0.447007934375
2 0.34011794375000004 0.27845902499999997 0.34985289062499997 0.2803516546875 0.36310622187499997 0.2781362609375 0.3683837984375 0.2719742265625 0.3687939015625 0.26486587500000003 0.3660957234375 0.2547572 0.35325249375 0.2498642421875 0.3422080515625 0.25171040312500004 0.3360310828125 0.25450288125 0.33120320312499996 0.26234969375 0.33390138125 0.272458371875 0.34011794375000004 0.27845902499999997
2 0.34964075625 0.33142565468749996 0.3611348953125 0.33126427187499996 0.36731186562499996 0.3284717953125 0.37083025 0.3243637734375 0.37344924062499996 0.3168861890625 0.371200759375 0.3084622921875 0.36498419531250004 0.3024616390625 0.357907834375 0.30188455625 0.344654503125 0.30409995 0.33540884531250004 0.3126852296875 0.3385567203125 0.3244786859375 0.34964075625 0.33142565468749996
2 0.4339094375 0.29270021874999996 0.43304963750000003 0.2981237875 0.435298121875 0.306547684375 0.44417326875 0.3138638859375 0.4490407421875 0.3148102015625 0.456117103125 0.3153872828125 0.4645029625 0.312225575 0.4680213453125 0.3081175515625 0.47194983125 0.296901178125 0.47060074218750003 0.29184683749999996 0.45996640156249996 0.2865846515625 0.4550989296875 0.285638334375 0.4418455984375 0.2878537296875 0.4339094375 0.29270021874999996
2 0.2633103015625 0.20682041718750002 0.2699765609375 0.21450585000000003 0.2752937296875 0.21713694375 0.280161203125 0.218083259375 0.2934145359375 0.21586786562500002 0.300901 0.20933659843750002 0.3022104953125 0.20559780625 0.30086140625 0.20054346875 0.29374544999999996 0.19117325624999998 0.2840105046875 0.1892806265625 0.27075717187500004 0.1914960203125 0.26327070625000004 0.1980272875 0.2633103015625 0.20682041718750002
2 0.3106897078125 0.12498271093749999 0.320424653125 0.12687533906249998 0.3292602078125 0.12539841093749998 0.3371963703125 0.12055192343750001 0.340714753125 0.1164438984375 0.3366674859375 0.1012808828125 0.3238242578125 0.0963879265625 0.310570925 0.09860332031249999 0.3066028453125 0.10102656406249999 0.3017749640625 0.1088733796875 0.304023446875 0.11729727812499999 0.3106897078125 0.12498271093749999
2 0.48583956875 0.1414637875 0.48587915937500004 0.15025691562500001 0.492995115625 0.15962712968749998 0.5005211734375 0.161888990625 0.51598339375 0.15930436406249998 0.5230201640625001 0.15108831875 0.5238799625 0.145664746875 0.5220811765625 0.138925628125 0.5189728953125 0.1359253015625 0.5061296671875 0.13103234531250002 0.4972941125 0.13250927343750002 0.4911171421875 0.1353017515625 0.48583956875 0.1414637875