2 0.3087811015625 0.352292875 0.2779820890625 0.357557275 0.284181440625 0.3971276390625 0.314980453125 0.3918632390625 0.3087811015625 0.352292875
1 0.25122385468749997 0.3606683125 0.1991900015625 0.3695623296875 0.206274975 0.4147856046875 0.258308828125 0.40589158750000004 0.25122385468749997 0.3606683125
1 0.2536105546875 0.40379250781250003 0.2559453828125 0.39642827812500003 0.2548826375 0.3896447875 0.252475353125 0.3854128296875 0.2422101734375 0.3755588578125 0.227557128125 0.371098321875 0.21701015625000003 0.37057937500000004 0.2088704703125 0.37429238593749997 0.20582714375000002 0.37713429062500003 0.204836853125 0.3819469875 0.206608096875 0.39325280625 0.21687327656250002 0.4031067765625 0.23357935625 0.40953810625 0.250567228125 0.40663441093749997 0.2536105546875 0.40379250781250003
1 0.4508848484375 0.3465423234375 0.4045079578125 0.3544694109375 0.41168857968749994 0.4003031984375 0.4580654703125 0.3923761109375 0.4508848484375 0.3465423234375
1 0.3907678875 0.4201891671875 0.34072161562500003 0.4287434515625 0.3462762359375 0.4641984984375 0.39632250625 0.45564421250000003 0.3907678875 0.4201891671875
1 0.5459756062500001 0.4118505265625 0.5175039328125 0.4167171203125 0.5278444515625 0.4827204890625 0.5563161265625001 0.47785389531250005 0.5459756062500001 0.4118505265625
1 0.4192816171875 0.45171986875 0.3775084390625 0.4588600546875 0.3863150609375 0.515072584375 0.428088240625 0.5079323984374999 0.4192816171875 0.45171986875
1 0.39263735 0.4450370078125 0.39086610624999996 0.433731190625 0.3826539625 0.4258480140625 0.3734515296875 0.4227775328125 0.3564636578125 0.42568122812500003 0.35172154375 0.42881350156250003 0.3446446015625 0.43931000468750003 0.344717059375 0.45090619062500004 0.351230415625 0.45907973750000003 0.35498223906250004 0.4607601625 0.3638304234375 0.4615694796875 0.3842158703125 0.45808504531249994 0.3872591953125 0.4552431421875 0.39263735 0.4450370078125
1 0.45399499531250004 0.357932715625 0.4491804265625 0.3494688015625 0.43827920468750003 0.346688690625 0.43148405624999997 0.3478501703125 0.417611965625 0.3595081484375 0.4105350234375 0.3700046515625 0.409544734375 0.37481735 0.41237872343750004 0.392906659375 0.41648479531250004 0.3968482484375 0.4270317671875 0.39736719374999996 0.4443014328125 0.3851284734375 0.45371320312499996 0.367267740625 0.45399499531250004 0.357932715625
1 0.5503427734375 0.42736766875 0.547226990625 0.41861338281249993 0.5393690953125 0.4129913703125 0.5308751593750001 0.41444321562499997 0.5237982171875 0.42493972031249994 0.5221718875 0.436826278125 0.52713136875 0.46848256875 0.5298929015625 0.474975690625 0.5377507984375 0.4805977046875 0.5475892734375 0.4765943234375 0.552613178125 0.46412702499999997 0.5538852609375 0.4499793046875 0.5503427734375 0.42736766875
1 0.42697537656250006 0.49721056093750005 0.42555838125 0.4881659046875 0.420389565625 0.47744082499999996 0.4056640625 0.4613841015625 0.39440859375000004 0.45634282812500004 0.3876134453125 0.45750430625 0.381881040625 0.465449275 0.3843607828125 0.48127742187500006 0.3895296015625 0.4920025 0.403900853125 0.5057980609375 0.4114045 0.5091589109375 0.42159722187500004 0.50741669375 0.42598508749999997 0.50202325625 0.42697537656250006 0.49721056093750005
1 0.2839149671875 0.4636206578125 0.2824979703125 0.454576003125 0.274285828125 0.44669282499999996 0.2613315703125 0.441941921875 0.247741271875 0.4442648765625 0.2396015828125 0.4479778890625 0.23556796875 0.4556324890625 0.23564042500000001 0.46722867656249994 0.23804770937500003 0.47146063437499997 0.24625985468749997 0.4793438109375 0.266009259375 0.48293323906249996 0.275847734375 0.47892985781249997 0.282924678125 0.4684333546875 0.2839149671875 0.4636206578125
1 0.2965954625 0.5334263625 0.2954602609375 0.515046684375 0.2919902296875 0.5040312359375 0.2823610921875 0.487103403125 0.2765562328125 0.48345218437500004 0.2714598703125 0.48432329375 0.265727465625 0.4922682625 0.2637468875 0.5018936578125001 0.2687063703125 0.53354995 0.27111365468750004 0.53778190625 0.281378834375 0.547635878125 0.2898727703125 0.5461840296875 0.29291609531249996 0.5433421265625 0.2965954625 0.5334263625
1 0.2887456 0.5835241265625 0.28902739375 0.5741891031249999 0.2859116109375 0.56543481875 0.2715403609375 0.551639259375 0.256533065625 0.544917559375 0.24634034374999997 0.5466597765625 0.2406079390625 0.554604746875 0.23961765000000002 0.55941744375 0.24103464375 0.5684620984375 0.2520083234375 0.5828383968749999 0.2653168265625 0.5898504640625 0.2779168359375 0.5923402062500001 0.2860565234375 0.5886271953125 0.2887456 0.5835241265625
1 0.12096826875 0.45896872968749997 0.121958559375 0.45415603437499996 0.1208958125 0.4473725421875 0.11813427968750001 0.4408794203125 0.1065245625 0.433576984375 0.093924553125 0.43108724218749994 0.07184031874999999 0.434862046875 0.066107915625 0.44280701718750004 0.0658261234375 0.4521420390625 0.06858765624999999 0.45863516249999997 0.0805516234375 0.4681987625 0.09145284375 0.47097887343749995 0.1036986046875 0.47120744999999997 0.1135370796875 0.4672040703125 0.12096826875 0.45896872968749997
1 0.16813170625 0.6041403625 0.17251956875000002 0.598746928125 0.17350985937500002 0.5939342296875 0.17138436562499998 0.5803672468750001 0.16621555 0.56964216875 0.1528345875 0.5510339125 0.14533094062500002 0.5476730625 0.1398803296875 0.54628300625 0.13513821718750002 0.5494152796875 0.132449140625 0.554518346875 0.1318130984375 0.5615922062500001 0.13323009531250002 0.5706368625 0.1363458765625 0.579391146875 0.14597501562499998 0.5963189796874999 0.15793898125 0.6058825796875 0.16813170625 0.6041403625
1 0.2797450578125 0.43667018124999996 0.2306161296875 0.44506766875 0.237031571875 0.48601734218750003 0.2861605015625 0.47761985625000003 0.2797450578125 0.43667018124999996
1 0.2906676 0.4793337015625 0.259443890625 0.48467069374999994 0.269593115625 0.5494530359375001 0.300816825 0.54411604375 0.2906676 0.4793337015625
1 0.28479351875000003 0.5380903953125 0.236123265625 0.5464094828125 0.2441647125 0.5977378984375 0.2928349640625 0.5894188125000001 0.28479351875000003 0.5380903953125
1 0.16659698125 0.5419601765625 0.12757583749999998 0.5486299625 0.1375337671875 0.6121912765624999 0.1765549109375 0.6055214890625 0.16659698125 0.5419601765625
1 0.1186151375 0.42529978437500005 0.060771432812500005 0.4351868671875 0.067569465625 0.478578596875 0.12541317031250002 0.46869151562500005 0.1186151375 0.42529978437500005
2 0.4518464890625 0.30747762343749996 0.42612685 0.31187381875 0.431490175 0.3461078375 0.4572098140625 0.3417116421875 0.4518464890625 0.30747762343749996
2 0.493038040625 0.33871031875 0.467318403125 0.3431065125 0.472777375 0.3779510453125 0.4984970140625 0.3735548515625 0.493038040625 0.33871031875
2 0.5061507749999999 0.3772615171875 0.478137771875 0.382049709375 0.48397933281250005 0.4193363 0.5119923359375 0.41454810625 0.5061507749999999 0.3772615171875
2 0.515783646875 0.41764963593750004 0.48914666562500003 0.422202628125 0.494509990625 0.45643664843750004 0.5211469734375 0.451883653125 0.515783646875 0.41764963593750004
2 0.51950235 0.51364376875 0.49378271093750004 0.5180399625 0.4990468453125 0.5516408562499999 0.5247664859375 0.547244659375 0.51950235 0.51364376875
2 0.2639978796875 0.62507575625 0.23644355 0.62978555 0.2419025234375 0.66463008125 0.2694568515625 0.6599202890625 0.2639978796875 0.62507575625
2 0.24139018281250002 0.5649419703125 0.2147532 0.5694949640625 0.2203078203125 0.6049500125 0.24694480312499997 0.6003970187500001 0.24139018281250002 0.5649419703125
2 0.19332159531249998 0.43575915 0.16530859375 0.44054734218749997 0.17057272968749998 0.47414823437500003 0.19858573125 0.469360040625 0.19332159531249998 0.43575915
2 0.14254791875 0.635178228125 0.11453491874999999 0.639966421875 0.12018518593750001 0.6760319828125 0.1481981875 0.6712437890625 0.14254791875 0.635178228125
0 0.1885589171875 0.306046428125 0.1587112234375 0.3111482203125 0.16464843125 0.34904532499999996 0.1944961234375 0.34394353125 0.1885589171875 0.306046428125
0 0.3671900125 0.533839028125 0.33958471874999996 0.5385575328125001 0.3456742546875 0.5774269359375 0.373279546875 0.5727084312499999 0.3671900125 0.533839028125
0 0.34428627500000003 0.592894628125 0.3172076078125 0.5975231187500001 0.3229641484375 0.634267028125 0.35004281718749997 0.6296385375 0.34428627500000003 0.592894628125
0 0.458391521875 0.569757415625 0.4307862296875 0.5744759203124999 0.43665258749999997 0.6119207921875 0.4642578796875 0.6072022875 0.458391521875 0.569757415625
0 0.509375446875 0.63070590625 0.48069991874999995 0.63560734375 0.48623682500000004 0.67094933125 0.5149123531249999 0.66604789375 0.509375446875 0.63070590625
2 0.30810862656250004 0.3619732828125 0.2981976953125 0.35438047500000003 0.2897037609375 0.355832321875 0.286660434375 0.3586742265625 0.28298106875 0.3685899890625 0.2854608078125 0.38441813593749996 0.2878680921875 0.38865009375000004 0.2957259890625 0.3942721078125 0.30726325 0.38997835625 0.31228715625 0.377511059375 0.31087016093750003 0.3684664046875 0.30810862656250004 0.3619732828125
2 0.19366187343750002 0.444221678125 0.183750940625 0.4366288703125 0.1735582171875 0.43837108750000003 0.1681800640625 0.44857722187500004 0.167544021875 0.45565108125 0.1737755859375 0.473159653125 0.1812792328125 0.4765205015625 0.18807438125 0.47535902343750003 0.195859821875 0.46938484999999996 0.19819465 0.46202061875 0.1960691578125 0.448453634375 0.19366187343750002 0.444221678125
2 0.2437961765625 0.57495521875 0.2372828203125 0.5667816734375 0.2236925234375 0.5691046281250001 0.21831436875 0.5793107609375 0.21838682656250002 0.59090695 0.22150260624999998 0.5996612359375 0.2256086796875 0.6036028250000001 0.2348111125 0.6066733046875 0.244295340625 0.6004087593749999 0.2479747078125 0.5904929953125 0.24620346406250002 0.5791871765625001 0.2437961765625 0.57495521875
2 0.2690766828125 0.6472506671875 0.2673054390625 0.6359448484375 0.26489815625 0.631712890625 0.258739046875 0.6258005078125 0.2532884375 0.6244104515625 0.2434499609375 0.6284138328125 0.24076088593749997 0.6335168999999999 0.23913455312499998 0.6454034562500001 0.2401973 0.652186946875 0.242604584375 0.65641890625 0.25251551562499996 0.6640117140624999 0.2576118765625 0.66314060625 0.26539731718750004 0.6571664312500001 0.2690766828125 0.6472506671875
2 0.14839033125 0.6562707140625 0.14527455 0.647516428125 0.1404599796875 0.6390525125 0.13670815625 0.6373720875 0.1278599734375 0.636562771875 0.121419071875 0.6399854125 0.11738545625 0.6476400124999999 0.12057369531249999 0.6679904875 0.122980978125 0.6722224453125001 0.130484625 0.67558329375 0.1372797734375 0.6744218171874999 0.14506521249999998 0.6684476421875 0.14839033125 0.6562707140625
2 0.5015851359375 0.5169617015625 0.49656123125 0.529428996875 0.49904097187499996 0.54525714375 0.507253115625 0.5531403203124999 0.5174458390625001 0.551398103125 0.5245227796874999 0.5409016015625 0.52551306875 0.5360889046875 0.5213345421875 0.5205511281249999 0.511777859375 0.515219484375 0.5015851359375 0.5169617015625
2 0.4968994140625 0.4202506078125 0.49187550937499996 0.4327179046875 0.4940010015625 0.4462848859375 0.50391193125 0.45387769375 0.517856478125 0.45381590312500003 0.5208998046875 0.45097399843749997 0.519410353125 0.43033315625 0.514595784375 0.42186923906249996 0.5067378890625001 0.41624722812500003 0.4968994140625 0.4202506078125
2 0.49937112343749995 0.3803589765625 0.49222172343750004 0.37925929062499997 0.48613507343749995 0.384943096875 0.4821014578125 0.392597696875 0.48493544843749997 0.41068700625 0.4935018390625 0.420831346875 0.5067378890625001 0.41624722812500003 0.509354509375 0.399547971875 0.507937515625 0.3905033171875 0.50347719375 0.384300565625 0.49937112343749995 0.3803589765625
2 0.4916501078125 0.34220956406249997 0.48414646093749997 0.3388487140625 0.47565252343750003 0.3403005609375 0.47126466093749997 0.3456939984375 0.4696383296875 0.3575805546875 0.471055325 0.3666252109375 0.4796217171875 0.37676955 0.48677111406250007 0.3778692359375 0.4915132265625 0.3747369640625 0.4982359203125 0.3619792984375 0.496110428125 0.3484123140625 0.4916501078125 0.34220956406249997
2 0.4527148796875 0.3163606609375 0.44280394999999995 0.3087678546875 0.4343100140625 0.3102197 0.43126668749999997 0.3130616046875 0.428577609375 0.3181646703125 0.4279415703125 0.32523853125 0.43042131093749997 0.3410666765625 0.44167677968749997 0.346107953125 0.4518695015625 0.3443657359375 0.45590311874999995 0.3367111359375 0.456539159375 0.3296372734375 0.4527148796875 0.3163606609375
0 0.35987729687500003 0.53654004375 0.351383359375 0.5379918921875 0.348340034375 0.5408337953125 0.3446606671875 0.5507495578125 0.347140409375 0.5665777046875 0.3570513390625 0.574170509375 0.365545275 0.5727186640624999 0.3726222171875 0.5622221609375 0.372549759375 0.550625971875 0.3697882265625 0.54413285 0.35987729687500003 0.53654004375
0 0.45983198437499995 0.58446304375 0.45501741406249996 0.575999128125 0.4492125546875 0.572347909375 0.44241740625 0.5735093874999999 0.43534046562500006 0.5840058890625001 0.43435017656249997 0.5888185859374999 0.4361214203125 0.6001244046875 0.4446878109375 0.6102687453125 0.450138421875 0.6116588015625 0.45657932343749996 0.608236159375 0.4596226484375 0.6053942546875 0.46195747656249997 0.5980300265625 0.45983198437499995 0.58446304375
0 0.3460132375 0.6039178015625 0.34360595312500003 0.59968584375 0.33949988124999997 0.5957442562499999 0.330651696875 0.5949349390625 0.3245650453125 0.60061874375 0.32187596875 0.6057218109375 0.32230267343749996 0.6195791625 0.32711724375 0.6280430765625 0.3312233140625 0.631984665625 0.3383727125 0.633084353125 0.343114825 0.6299520796875 0.3484929796875 0.6197459484375 0.3460132375 0.6039178015625
0 0.509177303125 0.64335829375 0.502663946875 0.635184746875 0.49211697499999996 0.6346658 0.4890736484375 0.6375077015625 0.48504003281249997 0.645162303125 0.48751977343749997 0.6609904484375 0.489927059375 0.6652224062500001 0.499837990625 0.6728152125 0.5049343515625 0.6719441046875 0.5079776765624999 0.669102203125 0.5130015828125 0.65663490625 0.509177303125 0.64335829375
0 0.1922288140625 0.32373746875 0.18741424375 0.315273553125 0.1775033125 0.307680746875 0.1707081640625 0.3088422234375 0.1676648375 0.3116841265625 0.1649757609375 0.3167871921875 0.1633494296875 0.3286737515625 0.16887249531249998 0.34165999375 0.1767303921875 0.34728200781249996 0.1886219015625 0.345249421875 0.1926555171875 0.337594821875 0.193291559375 0.330520959375 0.1922288140625 0.32373746875