1 0.534474615625 0.4610755375 0.520633025 0.45749569062499995 0.505830509375 0.464534140625 0.494642303125 0.476854090625 0.49164364687499995 0.48911873593750005 0.49837249375 0.501725840625 0.501448403125 0.5025213625 0.5172891 0.4979247796875 0.52951548125 0.48804670000000006 0.53459049375 0.480665790625 0.53758915 0.46840114374999997 0.534474615625 0.4610755375
1 0.624595909375 0.3800620859375 0.6235191046875 0.3710901328125 0.6142141249999999 0.3556433984375 0.60856208125 0.3520082484375 0.5931825374999999 0.3480306390625 0.585531390625 0.35257191875 0.582532734375 0.3648365640625 0.5830711375 0.3693225390625 0.5861856734375 0.3766481453125 0.5975283828125 0.390448534375 0.6134077046875 0.3923820359375 0.6190211203125 0.389487103125 0.624595909375 0.3800620859375
1 0.5981440390625 0.407994678125 0.5981054125 0.4014645953125 0.594452475 0.3896530125 0.58876180625 0.3794877765625 0.58464771875 0.37625038593750004 0.57599701875 0.38487988125 0.5724599625 0.39265855156249996 0.5684617546874999 0.40901141250000006 0.5701155875 0.428999428125 0.573230121875 0.43632503125 0.5839958046875 0.439109359375 0.5921467265625 0.43252397187499997 0.5981440390625 0.407994678125
1 0.5875738546875 0.524795975 0.5926488703125 0.5174150671875 0.5976466296875 0.4969739890625 0.5976080031250001 0.49044390625 0.597030975 0.4794278453125 0.592878259375 0.46966036874999995 0.5856882640625 0.46562745781250003 0.5790366687499999 0.46608052187500004 0.5744614328125001 0.4714173234375 0.5684641218750001 0.49594661718750005 0.5680029703125 0.504520809375 0.5711561328125 0.518376496875 0.5747704453125 0.5236579953125 0.583998171875 0.5260445625 0.5875738546875 0.524795975
1 0.511632321875 0.32041922343749996 0.5115936953125 0.3138891390625 0.5079407578125 0.30207755625 0.500250984375 0.30008875156250003 0.4925998390625 0.30463003125 0.47891275312500003 0.3271705203125 0.47441476875 0.3455674890625 0.477029528125 0.354937203125 0.4826815703125 0.35857235625 0.4959461328125 0.3511361421875 0.503058875 0.3421088875 0.5091334421875 0.3306397625 0.511632321875 0.32041922343749996
1 0.35591501875 0.3018797296875 0.35941345 0.2875709734375 0.3588750484375 0.283084996875 0.35679869218750004 0.278201259375 0.34603300937500003 0.27541693437500003 0.3388816390625 0.2779141046875 0.32665525624999997 0.2877921859375 0.32208001875000003 0.2931289875 0.31654385625 0.3090840890625 0.31915861562500003 0.318453803125 0.3217347484375 0.32129343125 0.3309624765625 0.32367999687500004 0.34576499374999997 0.316641546875 0.35591501875 0.3018797296875
1 0.33457441875 0.24202629375 0.3370733 0.2318057546875 0.3329205875 0.2220382796875 0.324154009375 0.211077521875 0.302622646875 0.20550886875000002 0.2949715 0.2100501484375 0.29243399375 0.21374060312499998 0.29043488906250003 0.22191703437500002 0.2930496484375 0.2312867484375 0.2992400921875 0.239407875 0.304892134375 0.243043028125 0.3233475890625 0.24781615937499998 0.328461228125 0.24696533281250002 0.33457441875 0.24202629375
1 0.31458574375000004 0.41072580625 0.313508940625 0.40175385468749997 0.3057032890625 0.380174796875 0.3020889765625 0.374893296875 0.28978534218749996 0.371711209375 0.2857098796875 0.3750039046875 0.28217282187500003 0.382782575 0.281250521875 0.399930959375 0.2844036828125 0.41378665000000003 0.2926704859375 0.4267915140625 0.30139843593750004 0.4312221890625 0.3090495828125 0.42668090937500003 0.31458574375000004 0.41072580625
1 0.3571148046875 0.59124754375 0.36630390468749996 0.587104025 0.37137891875 0.5797231140625 0.3718400671875 0.571148921875 0.3671875765625 0.56342555625 0.3574214484375 0.5565530140625 0.3435798578125 0.5529731640625 0.332852803125 0.5567189234375001 0.3277777890625 0.5640998328125 0.3267782359375 0.568188046875 0.3263170890625 0.576762240625 0.3325075328125 0.58488336875 0.3366216203125 0.588120759375 0.3504632109375 0.5917006078125 0.3571148046875 0.59124754375
1 0.491839146875 0.6087043624999999 0.491800521875 0.6021742765625 0.4845332703125 0.5850811953124999 0.47680487187500004 0.5765623062499999 0.46450123593750003 0.5733802203125 0.45838804375000003 0.578319259375 0.4553507609375 0.584053821875 0.45696596874999995 0.5975117515624999 0.4642332171875 0.6146048328125 0.47349957187499997 0.6235214828125 0.484765028125 0.6242617015625 0.488840490625 0.620969009375 0.491839146875 0.6087043624999999
1 0.6307453015625 0.35614806718750003 0.5860369640624999 0.34458515625 0.5763063265625 0.384383934375 0.6210146625 0.39594684375 0.6307453015625 0.35614806718750003
1 0.6049231374999999 0.3810704078125 0.578347284375 0.3741970984375 0.5636788578124999 0.43419166093749995 0.5902547109375 0.44106497187500004 0.6049231374999999 0.3810704078125
1 0.606018271875 0.4701573265625 0.5764895453125 0.46252031562499996 0.56182111875 0.522514878125 0.5913498453125 0.5301518890625 0.606018271875 0.4701573265625
1 0.5406723671875 0.46221118906249997 0.4997627765625 0.451630746875 0.4879730609375 0.49985124843750006 0.52888265 0.510431690625 0.5406723671875 0.46221118906249997
1 0.5179908796875 0.3037422703125 0.48466340625 0.29512279218750004 0.4697201015625 0.3562416140625 0.5030475765625 0.36486109375 0.5179908796875 0.3037422703125
1 0.498836396875 0.5801521546874999 0.457496178125 0.5694603390624999 0.445571521875 0.61823275 0.486911740625 0.6289245640625001 0.498836396875 0.5801521546874999
1 0.3763038484375 0.560382484375 0.3303190078125 0.5484894328125 0.3215479390625 0.5843635234375 0.367532778125 0.5962565750000001 0.3763038484375 0.560382484375
1 0.32215116093749996 0.378278084375 0.284609690625 0.3685687390625 0.27117571093750004 0.42351435625 0.3087171796875 0.4332237015625 0.32215116093749996 0.378278084375
1 0.36353778124999997 0.27869450625000003 0.3247351890625 0.26865899843749996 0.312125840625 0.3202318359375 0.3509284328125 0.33026734375 0.36353778124999997 0.27869450625000003
1 0.34110892187499997 0.2126915296875 0.2938629578125 0.2004723125 0.28413231875 0.240271090625 0.33137828125 0.25249030625 0.34110892187499997 0.2126915296875
0 0.36978910468750004 0.242157865625 0.345750875 0.2359408625 0.3376644984375 0.2690145234375 0.3617027296875 0.275231528125 0.36978910468750004 0.242157865625
0 0.38109571249999996 0.46922119999999995 0.35621160937499996 0.462785428125 0.349084803125 0.49193440624999996 0.37396890625 0.4983701765625 0.38109571249999996 0.46922119999999995
0 0.3368844765625 0.4703054375 0.311154496875 0.46365089531250003 0.303887753125 0.49337222187499996 0.32961773125 0.5000267625 0.3368844765625 0.4703054375
0 0.40921088437500003 0.568882359375 0.38474202812499997 0.5625539828125 0.3765157140625 0.5961999953125 0.4009845703125 0.602528371875 0.40921088437500003 0.568882359375
0 0.49353092031249995 0.6312124234375001 0.471599690625 0.6255403515625 0.4650176390625 0.652461253125 0.48694887031249995 0.6581333234375 0.49353092031249995 0.6312124234375001
2 0.519390934375 0.4006778296875 0.49535270468750003 0.394460828125 0.4874012671875 0.42698258125 0.511439496875 0.43319958437499995 0.519390934375 0.4006778296875
2 0.565589875 0.42453629531250003 0.5415516453125 0.41831929062500006 0.5331903921875 0.4525172140625 0.557228621875 0.4587342171875 0.565589875 0.42453629531250003
2 0.46942013749999995 0.49504204218750003 0.443690159375 0.4883875015625 0.4361535359375 0.519212646875 0.46188351406250006 0.5258671890625 0.46942013749999995 0.49504204218750003
2 0.5263285390625 0.5043920421875 0.50185968125 0.498063665625 0.49473287499999996 0.52721264375 0.51920173125 0.5335410203125 0.5263285390625 0.5043920421875
2 0.35691353124999997 0.34434471875 0.33159879999999997 0.3377975734375 0.3239222390625 0.3691950671875 0.349236971875 0.3757422125 0.35691353124999997 0.34434471875
2 0.31055843125 0.3395171421875 0.2827214546875 0.33231766875 0.2743602015625 0.36651559218749996 0.302197178125 0.3737150640625 0.31055843125 0.3395171421875
2 0.25557431406250003 0.2781889265625 0.231536084375 0.2719719234375 0.22481909375 0.29944473125000004 0.2488573234375 0.30566173281250003 0.25557431406250003 0.2781889265625
2 0.1671948328125 0.313153725 0.1431566015625 0.3069367203125 0.134385534375 0.3428108109375 0.1584237640625 0.349027815625 0.1671948328125 0.313153725
2 0.187721425 0.48418157656250005 0.16157619843749998 0.477419640625 0.1537647 0.5093690453125 0.179909925 0.51613098125 0.187721425 0.48418157656250005
2 0.33345798125 0.43663403437500004 0.307728003125 0.42997949375 0.30032631875 0.46025273125000005 0.3260562984375 0.466907271875 0.33345798125 0.43663403437500004
0 0.355028978125 0.23862299375 0.3499153390625 0.2394738171875 0.3453401015625 0.24481061875000001 0.34080349062500004 0.25667750625 0.3418802953125 0.2656494578125 0.34549460625 0.2709309578125 0.35779824374999997 0.27411304531249997 0.363911434375 0.269174003125 0.3679096421875 0.252821140625 0.3637569296875 0.24305366718750002 0.355028978125 0.23862299375
0 0.334427015625 0.47671156562499994 0.330274303125 0.46694409062500003 0.321046575 0.464557525 0.3113576984375 0.4707451515625 0.3088201921875 0.47443560625 0.30682108750000003 0.4826120359375 0.3104740265625 0.49442361874999996 0.3130501578125 0.49726324999999993 0.3192019765625 0.49885429375 0.326353346875 0.49635712187500003 0.3329663140625 0.4893739734375 0.334427015625 0.47671156562499994
0 0.3789504453125 0.4751864640625 0.373259775 0.465021228125 0.3671079578125 0.46343018437500005 0.3635322734375 0.4646787703125 0.354881575 0.4733082640625 0.35238269375 0.48352880468750004 0.352921096875 0.48801477968749996 0.3575735859375 0.4957381484375 0.365263359375 0.49772695312500004 0.370377 0.4968761265625 0.37798951875000003 0.4858047640625 0.3789504453125 0.4751864640625
0 0.40667462031249996 0.5758114484375 0.40613621718750004 0.571325471875 0.4025219046875 0.5660439734375 0.3917562234375 0.563259646875 0.38564303125 0.5681986875 0.3800682421875 0.5776237046875 0.380645271875 0.588639765625 0.38375980625 0.595965371875 0.386335940625 0.5988050015625 0.3909498046875 0.599998284375 0.4001389046875 0.5958547656250001 0.40267641093749995 0.5921643109375 0.40667462031249996 0.5758114484375
0 0.4904556984375 0.6344269359375 0.48734116250000004 0.62710133125 0.4781134359375 0.6247147671875 0.47453775 0.6259633515624999 0.4699625125 0.6313001515625001 0.46646408125 0.64560890625 0.467002484375 0.650094884375 0.4747308828125 0.658613771875 0.48138247500000003 0.6581607093749999 0.48799544531250005 0.6511775609375 0.4909941015625 0.6389129140625001 0.4904556984375 0.6344269359375
2 0.518286284375 0.40690136250000003 0.5151717484375 0.39957575625 0.5028681109375001 0.39639366875 0.4942174125 0.40502316406250005 0.49121875625 0.417287809375 0.491757159375 0.42177378593750003 0.4948716953125 0.4290993921875 0.504099421875 0.4314859578125 0.50767510625 0.4302373734375 0.5163258046875 0.42160787656250004 0.518824684375 0.41138733906249997 0.518286284375 0.40690136250000003
2 0.562964215625 0.4314965984375 0.5572735484375 0.4213313625 0.5475460453125 0.42098890468750005 0.538895346875 0.42961839843750005 0.535896690625 0.44188304531249994 0.53643509375 0.446369021875 0.54108758125 0.4540923890625 0.54877735625 0.45608119374999995 0.5543907703125 0.4531862609375 0.5610037390625 0.4462031125 0.56300284375 0.4380266828125 0.562964215625 0.4314965984375
2 0.5234795437499999 0.5060459078124999 0.5214031859375 0.5011621703125 0.5137134125 0.4991733671875 0.5065620421875 0.5016705375 0.5004488515625 0.5066095796875 0.4974501953125 0.5188742265624999 0.5016029093750001 0.5286417 0.5108306359375 0.531028265625 0.5144063203125 0.5297796796875 0.5210192874999999 0.52279653125 0.5240179453125 0.510531884375 0.5234795437499999 0.5060459078124999
2 0.466652478125 0.5043889218750001 0.46611407656250003 0.499902946875 0.46146158593750003 0.492179578125 0.4522338578125 0.4897930125 0.44662044375 0.492687946875 0.44458271250000003 0.49433429218749997 0.4400461015625 0.506201178125 0.44062313125 0.5172172390625 0.44577539687499995 0.5228964984375 0.45038925937499996 0.52408978125 0.45754062968750003 0.5215926093750001 0.46415359843750004 0.5146094625 0.466652478125 0.5043889218750001
2 0.306509709375 0.343436159375 0.3013574421875 0.33775689999999997 0.292129715625 0.33537033437499997 0.28447856875 0.3399116140625 0.2814412890625 0.345646178125 0.2789424078125 0.355866715625 0.28259534531249997 0.367678296875 0.291823071875 0.3700648625 0.2984746671875 0.36961179843749997 0.30458785625 0.3646727609375 0.3075865125 0.3524081140625 0.306509709375 0.343436159375
2 0.35518585156250004 0.351678534375 0.349495184375 0.3415132984375 0.3387295015625 0.338728971875 0.33007880156249997 0.34735846718749996 0.32708014687500003 0.3596231140625 0.32711877500000003 0.366153196875 0.3322710390625 0.37183245781249996 0.3399608125 0.37382126250000003 0.34711218125 0.371324090625 0.35118764375 0.3680313953125 0.35422492499999997 0.36229683437500004 0.35518585156250004 0.351678534375
2 0.329197496875 0.4579721375 0.33273455625000004 0.45019346718750003 0.3326959296875 0.4436633828125 0.33215752656249997 0.4391774078125 0.3259670828125 0.43105627812499997 0.3182773109375 0.429067475 0.313163671875 0.42991830000000003 0.30808865625 0.437299209375 0.30509 0.449563853125 0.3056284046875 0.45404982968749996 0.3097811171875 0.46381730625 0.31439497968749996 0.4650105875 0.3251220375 0.46126482968750004 0.329197496875 0.4579721375
2 0.2544872734375 0.288687675 0.253948871875 0.28420169687499997 0.2518725125 0.2793179609375 0.24518229374999997 0.273240940625 0.23699274531249997 0.27329624375 0.23037977812500002 0.28027939062499996 0.22738112031250002 0.2925440375 0.22845792656250002 0.3015159921875 0.2366861015625 0.307990771875 0.24129996562499997 0.3091840546875 0.2448756484375 0.3079354703125 0.25148861718750004 0.300952321875 0.2544872734375 0.288687675
2 0.16559492343749999 0.31785821406250003 0.1589047015625 0.31178119375 0.15121492812499998 0.3097923890625 0.14356378281249998 0.31433366875 0.1410262765625 0.3180241234375 0.1380276203125 0.33028876875 0.1416805578125 0.34210035156249996 0.15552215 0.3456802 0.1595976109375 0.34238750625000003 0.1646726234375 0.335006596875 0.1666717265625 0.3268301671875 0.16559492343749999 0.31785821406250003
2 0.1865926171875 0.49281129687499997 0.1850160375 0.48588345000000005 0.1767878625 0.4794086703125 0.16859831249999999 0.479463971875 0.162485121875 0.48440301249999995 0.15944783906249999 0.490137575 0.157448734375 0.4983140078125 0.161101671875 0.510125590625 0.16367780468749998 0.51296521875 0.16982962343750002 0.5145562625 0.1749432625 0.5137054375 0.1830941859375 0.5071200499999999 0.1865926171875 0.49281129687499997