1 0.3324060875 0.644727696875 0.3234634640625 0.6418907140625 0.316979340625 0.6421964140624999 0.31079234375000003 0.6457466921874999 0.3069152859375 0.650817359375 0.308400921875 0.667040259375 0.31346648906249996 0.6749479093749999 0.3250161796875 0.6825498609375 0.3339588046875 0.68538684375 0.3426043015625 0.684979246875 0.3467784875 0.683153159375 0.3523712265625 0.6731137203124999 0.3519255359375 0.66824685 0.344104340625 0.6539519390625 0.3324060875 0.644727696875
1 0.3588314796875 0.5066211546875 0.35436016718749996 0.5052026625 0.34571467031249997 0.5056102609375001 0.33937911249999997 0.50753825 0.3334892421875 0.51433310625 0.3346777515625 0.5273114265625 0.342201821875 0.5383617578125001 0.3560614484375 0.5474841015624999 0.3670168828125 0.54859689375 0.37335244218749997 0.5466689062500001 0.3793908734375 0.5414963375 0.37835092812500004 0.530140309375 0.372988234375 0.518988078125 0.36807123124999996 0.5127027156249999 0.3588314796875 0.5066211546875
1 0.4180943703125 0.466353403125 0.409300309375 0.46513871093750003 0.4008033765625 0.4671685984375 0.3820938265625 0.47619714375 0.3723269 0.48806267031250006 0.37321828125 0.49779640937499997 0.37798672031249997 0.5024594796875 0.38894215625 0.503572271875 0.3996004625 0.5014404859375 0.41212301875 0.4959622203125 0.42419988281250004 0.485617084375 0.426064128125 0.4822706046875 0.42502418437499995 0.4709145765625 0.4180943703125 0.466353403125
1 0.44010112812499996 0.3985148265625 0.43302275 0.3923313640625 0.4285514375 0.3909128734375 0.4199059421875 0.3913204703125 0.41573175625000003 0.393146559375 0.4099904515625 0.40156370625 0.40842332968750006 0.40815476562499997 0.4094632765625 0.4195107953125 0.41236747031250004 0.42752034375000003 0.41743303750000005 0.435427996875 0.42205291093749997 0.438468778125 0.43285978125 0.43795927968750004 0.44105958906250003 0.4326848140625 0.444788084375 0.42599185312500004 0.4454638203125 0.40966705625 0.44010112812499996 0.3985148265625
1 0.45639044999999995 0.5052802609375 0.44774495312499996 0.5056878578124999 0.4435707671875 0.507513946875 0.437383771875 0.5110642265625 0.430075346875 0.5260724328124999 0.43200667499999995 0.5471622015625 0.44109786250000005 0.5516214734375 0.45190473437499995 0.5511119765625 0.46413016249999994 0.54238913125 0.46785865624999995 0.535696171875 0.4692772109375 0.5274828234375 0.46823726718750003 0.51612679375 0.4631717015625 0.5082191421875 0.45639044999999995 0.5052802609375
1 0.4176198734375 0.5559869468749999 0.409271503125 0.559639125 0.4015173890625 0.5697804609375 0.404124453125 0.57454543125 0.415525578125 0.58052509375 0.44146207187500003 0.5793023015625 0.4519718140625 0.575548225 0.46218443125 0.56854956875 0.4612930484375 0.5588158296875 0.4542146734375 0.55263236875 0.42395543281250003 0.554058959375 0.4176198734375 0.5559869468749999
1 0.5291055515624999 0.5882046437499999 0.5230671203124999 0.5933772140625 0.524849884375 0.6128446921874999 0.5368452640625 0.6253135125 0.5436265140625001 0.62825239375 0.5544333859374999 0.6277428984375 0.5623360640625 0.6192238515625 0.5633089296875 0.6061436328124999 0.551016421875 0.5904302312499999 0.5440866093750001 0.585869059375 0.537453921875 0.5845524656250001 0.5291055515624999 0.5882046437499999
1 0.563376009375 0.6305798828125 0.5568918859374999 0.6308855796875 0.5488406453125 0.6377823375 0.5475706515625001 0.647617975 0.5504748453125 0.655627525 0.555391846875 0.6619128859375001 0.5647801625 0.6696167375 0.57387135 0.6740760125 0.5868395984375 0.673464615625 0.592729465625 0.6666697546875 0.5916895203125 0.6553137265625 0.5840168890624999 0.6426411062499999 0.579248446875 0.6379780359375 0.563376009375 0.6305798828125
1 0.520498328125 0.707548903125 0.5154327609375 0.6996412515625 0.5086515109375 0.6967023703125 0.5043287624999999 0.6969061703125 0.4959803921875 0.7005583484375 0.489793396875 0.704108625 0.47369091250000006 0.7179021390625 0.468098171875 0.727941578125 0.46869242499999997 0.7344307375 0.4777836125 0.738890009375 0.4864291109375 0.7384824109375 0.49276467031250004 0.7365544234375 0.50312585 0.73117805625 0.513189903125 0.7225571109375 0.518931209375 0.7141399609375 0.520498328125 0.707548903125
1 0.60121693125 0.4512027953125 0.592719996875 0.4532326828125 0.5885458125 0.455058771875 0.5750503921875 0.4736172578125 0.5739289656250001 0.485075184375 0.5766845921875 0.49146244531249994 0.5857757796875 0.4959217171875 0.5944212765625 0.49551411874999995 0.6026210843750001 0.490239653125 0.615967940625 0.47005887812499997 0.6123209296875001 0.4539378765625 0.610010990625 0.4524174875 0.60121693125 0.4512027953125
1 0.3042622890625 0.6427063546875 0.308500809375 0.6889902859375 0.3555323140625 0.6867729546875 0.35129379374999997 0.640489025 0.3042622890625 0.6427063546875
1 0.3306378859375 0.5053597828124999 0.33496405937499996 0.552600865625 0.383270775 0.5503234140625 0.3789446015625 0.50308233125 0.3306378859375 0.5053597828124999
1 0.3698519953125 0.46660749843750005 0.37343535 0.5057371296875 0.43064692656250003 0.503039853125 0.42706357187500005 0.46391022031249995 0.3698519953125 0.46660749843750005
1 0.4002743421875 0.5547843890624999 0.4028088375 0.5824606546875 0.4638460484375 0.579583015625 0.461311553125 0.5519067484375 0.4002743421875 0.5547843890624999
1 0.4283156375 0.5055529734374999 0.43268489375 0.55326451875 0.4727351578125 0.5513763234375 0.4683659015625 0.503664778125 0.4283156375 0.5055529734374999
1 0.4051196484375 0.391634696875 0.4094889046875 0.4393462421875 0.44953917031249996 0.43745804687499995 0.4451699140625 0.3897465015625 0.4051196484375 0.391634696875
1 0.5702825375 0.4523679453125 0.574477975 0.4981814125 0.6202558812500001 0.4960231828125 0.6160604453125 0.4502097140625 0.5702825375 0.4523679453125
1 0.5198014609375 0.584146440625 0.5240830640625 0.6309008359375 0.5660353406249999 0.62892296875 0.5617537359375 0.5821685734375001 0.5198014609375 0.584146440625
1 0.5439255328125 0.6313991296875 0.5480764015624999 0.6767259078125 0.594481109375 0.674538128125 0.590330240625 0.6292113484375 0.5439255328125 0.6313991296875
1 0.46386459999999996 0.698422846875 0.46775399687499997 0.7408943984375 0.5230635640625 0.7382867921875 0.51917416875 0.6958152421875 0.46386459999999996 0.698422846875
2 0.333899275 0.56894400625 0.336127728125 0.5932783546875 0.3698235546875 0.5916897421875 0.3675950984375 0.56735539375 0.333899275 0.56894400625
2 0.3301916875 0.4239242640625 0.33263852968749996 0.450643378125 0.36633435625 0.449054765625 0.3638875125 0.4223356515625 0.3301916875 0.4239242640625
2 0.38605731875 0.5041889234375 0.38832885781250004 0.528993734375 0.4201226734375 0.5274947953125 0.4178511359375 0.5026899828125 0.38605731875 0.5041889234375
2 0.42150906250000003 0.5844710171874999 0.4237805984375 0.6092758296875 0.4600052328125 0.6075679953125 0.45773369375 0.582763184375 0.42150906250000003 0.5844710171874999
2 0.3628346015625 0.7175644937500001 0.3654567515625 0.7461979109375 0.3985041640625 0.74463986875 0.3958820140625 0.7160064515625 0.3628346015625 0.7175644937500001
2 0.28283803125 0.8705059984375 0.2853844125 0.89831205 0.31858312187500004 0.896746875 0.3160367421875 0.8689408234375 0.28283803125 0.8705059984375
2 0.4883905859375 0.49074538749999996 0.490778003125 0.5168155890625 0.5262893828124999 0.5151413812500001 0.523901965625 0.48907118125000004 0.4883905859375 0.49074538749999996
2 0.5560513765625 0.5777369 0.5585457593750001 0.60497515 0.5894317984375 0.60351900625 0.586937415625 0.5762807578125 0.5560513765625 0.5777369
2 0.6002142 0.6111571328125 0.6026551 0.6378113578125 0.6342976203124999 0.63631955 0.6318567203125001 0.6096653265625 0.6002142 0.6111571328125
2 0.6521658078125 0.7297480953125 0.6544997421875001 0.7552342703125 0.6861422625 0.7537424625 0.6838083265625 0.7282562890625 0.6521658078125 0.7297480953125
0 0.370718975 0.5771712499999999 0.373159875 0.6038254734375 0.4063585859375 0.6022602984375001 0.4039176859375 0.5756060749999999 0.370718975 0.5771712499999999
0 0.477583959375 0.567465103125 0.48023730625 0.5964392015625 0.5180613578125 0.5946559609375 0.5154080109375 0.5656818625 0.477583959375 0.567465103125
0 0.6121510203125 0.445326921875 0.6143794734375 0.469661271875 0.649112759375 0.46802374843749994 0.6468843046874999 0.44368939999999996 0.6121510203125 0.445326921875
0 0.5632094359375001 0.613472 0.5657038187500001 0.6407102484375 0.6012151984375 0.639036040625 0.5987208140625 0.61179779375 0.5632094359375001 0.613472
0 0.6629345921875001 0.7967339 0.6655344546874999 0.8251239734375 0.7002677390625001 0.8234864500000001 0.6976678749999999 0.7950963765625 0.6629345921875001 0.7967339
2 0.3118417578125 0.8705397937500001 0.303047696875 0.8693251015625 0.2944022 0.8697326999999999 0.2902280140625 0.8715587875 0.2801639609375 0.880179734375 0.278299715625 0.8835262140625 0.28336528125 0.8914338624999999 0.28798515625 0.8944746453124999 0.29908915468749997 0.8972097281250001 0.305573278125 0.8969040296875 0.31392165 0.893251853125 0.3198115171875 0.8864569937500001 0.32123007187499997 0.8782436453125 0.318771571875 0.8751009640625 0.3118417578125 0.8705397937500001
2 0.3889516234375 0.7170093468750001 0.3801575625 0.7157946546875 0.3716606296875 0.7178245421875 0.3636093859375 0.7247213 0.3624879578125 0.7361792281249999 0.369566334375 0.7423626890625 0.3740376484375 0.7437811812499999 0.3849930828125 0.7448939734375 0.39349001562499997 0.7428640859375 0.3975156375 0.7394157078125 0.3992313203125 0.7344469390625 0.3983399390625 0.7247131984374999 0.39588143750000004 0.7215705171875 0.3889516234375 0.7170093468750001
2 0.3405532171875 0.5677667765625001 0.334514784375 0.5729393421875 0.3326505375 0.576285821875 0.33339335625 0.584397271875 0.3383103578125 0.59068263125 0.34278167187499997 0.5921011234375 0.36223403906249996 0.5911840296875 0.366408225 0.589357940625 0.36998815625 0.5810426921875 0.3693939 0.5745535328125 0.36231552499999997 0.5683700703125 0.3578442109375 0.56695158125 0.3405532171875 0.5677667765625001
2 0.44824332031249997 0.5822411828125 0.4331137 0.582954478125 0.42893951562500005 0.5847805671875 0.42491389375 0.5882289453125 0.42133396406249995 0.5965441953124999 0.42408959375000005 0.60293145625 0.43101940625 0.6074926265625 0.43765209218749995 0.60880921875 0.44845896406249997 0.608299721875 0.45263315000000004 0.606473634375 0.45867158124999996 0.601301065625 0.4576316359375 0.589945034375 0.45517313593750003 0.5868023531250001 0.44824332031249997 0.5822411828125
2 0.5759129671875 0.5778514078125 0.565106096875 0.57836090625 0.5587705374999999 0.5802888937499999 0.5547449171875 0.5837372703125 0.553326359375 0.5919506218749999 0.5607018640625 0.6013786624999999 0.5674831140625 0.6043175453125 0.5804513609375 0.6037061484375 0.5846255453125 0.601880059375 0.5886511671875 0.59843168125 0.59036685 0.5934629124999999 0.589921159375 0.5885960421875 0.58500415625 0.58231068125 0.5759129671875 0.5778514078125
2 0.615627603125 0.6085649171874999 0.604969296875 0.610696703125 0.599079428125 0.6174915609375 0.6001193734375 0.6288475921875001 0.6027264375 0.6336125625 0.6116690640625 0.63644954375 0.624637309375 0.6358381484375 0.62881149375 0.634012059375 0.632837115625 0.6305636796874999 0.6345527984375 0.625594909375 0.63395854375 0.61910575 0.6290415406250001 0.6128203890624999 0.615627603125 0.6085649171874999
2 0.676481484375 0.7278929749999999 0.6613518640625 0.7286062703125 0.6571776796875 0.7304323593750001 0.653152059375 0.7338807375 0.6514363750000001 0.73884950625 0.6520306296875 0.7453386656250001 0.6546376953124999 0.7501036359375 0.6637288828125001 0.7545629093749999 0.6788585031250001 0.7538496140625 0.6830326890625 0.752023525 0.6889225578125 0.745228665625 0.6883283015624999 0.7387395062500001 0.6834113 0.732454146875 0.676481484375 0.7278929749999999
0 0.3761751515625 0.5774924140625 0.370285284375 0.584287271875 0.3687181625 0.5908783296875 0.373635165625 0.597163690625 0.38704910312499996 0.6014191671875 0.3913718515625 0.6012153671875 0.4018815953125 0.597461290625 0.40575865312500004 0.5923906203125 0.40471870781249997 0.5810345906250001 0.39331758125 0.5750549281249999 0.3825107109375 0.5755644265625001 0.3761751515625 0.5774924140625
0 0.50325054375 0.5666134796875 0.4881209234375 0.567326775 0.4839467375 0.5691528640625 0.47820543437499996 0.5775700109375 0.478651125 0.58243688125 0.4811096265625 0.5855795609375 0.490349378125 0.5916611234375 0.5013048140625 0.5927739171875 0.507640371875 0.590845928125 0.515691615625 0.583949171875 0.514948796875 0.5758377218749999 0.51234173125 0.5710727515625 0.5077218546875 0.5680319703125 0.50325054375 0.5666134796875
0 0.5665102484375 0.6173977625 0.5629303171875 0.6257130109375 0.5679958859375 0.6336206625 0.579248446875 0.6379780359375 0.59005531875 0.6374685375 0.5984036890625 0.6338163609375 0.5969180515625 0.6175934609375 0.585516928125 0.6116137984375001 0.57471005625 0.6121232953125 0.570535871875 0.613949384375 0.5665102484375 0.6173977625
0 0.664754425 0.8131691453125001 0.6718328015624999 0.8193526046875 0.676304115625 0.8207710968749999 0.6892723625 0.8201596999999999 0.703807725 0.8129572453125 0.7035105984375 0.809712665625 0.6984450343749999 0.8018050140625 0.68704390625 0.7958253531249999 0.6719142859375 0.7965386484375 0.6638630421875 0.8034354046875001 0.664754425 0.8131691453125001
0 0.6223849828125 0.44531693125 0.6182107984375 0.44714302031250003 0.6121723671875 0.45231558906249997 0.61246949375 0.45556016718750003 0.615225121875 0.4619474296875 0.6199935609375 0.4666105 0.6266262484375 0.46792709062500004 0.635271746875 0.46751949374999996 0.645781490625 0.4637654171875 0.6474971734375 0.45879664531250003 0.6467543546875001 0.45068519843750005 0.639675978125 0.4445017359375 0.6223849828125 0.44531693125
2 0.410407334375 0.5009309890625 0.3996004625 0.5014404859375 0.39110353125 0.5034703734375 0.384916534375 0.5070206515625 0.38305228750000003 0.51036713125 0.38379510625 0.51847858125 0.3887121078125 0.5247639421875 0.3998161078125 0.527499025 0.408461603125 0.5270914265625 0.41680997499999994 0.5234392484375 0.42068703281250003 0.5183685812500001 0.419944215625 0.5102571296875 0.412717275 0.5024513796875001 0.410407334375 0.5009309890625
2 0.3577388578125 0.4235786703125 0.3466348578125 0.4208435875 0.3402992984375 0.4227715765625 0.3320994921875 0.42804604218750003 0.33023524531250004 0.431392521875 0.3309780640625 0.4395039734375 0.3335851296875 0.44426894375000003 0.344837690625 0.448626315625 0.3578059375 0.4480149203125 0.3619801234375 0.44618883125000003 0.3658571796875 0.4411181625 0.3649657984375 0.4313844234375 0.36235873281250003 0.42661945156250003 0.3577388578125 0.4235786703125
2 0.48836537343749997 0.4988849015625 0.4892567546875 0.5086186406250001 0.50065788125 0.514598303125 0.517948875 0.5137831078125 0.5238387437500001 0.50698825 0.5230959265624999 0.4988768 0.5181789234374999 0.49259143906249997 0.5135590484375 0.48955065781249996 0.5069263609375 0.4882340671875 0.496268053125 0.490365853125 0.48836537343749997 0.4988849015625