1 0.33689246562499997 0.23341471875000003 0.32886207968750003 0.2244498984375 0.298877475 0.22232371875 0.2784306578125 0.23125762968750002 0.2824867 0.24568485 0.3104977453125 0.2538571640625 0.333438740625 0.24399545625000002 0.33689246562499997 0.23341471875000003
1 0.338536025 0.2686593546875 0.33404105624999997 0.2690034171875 0.3240643421875 0.27271460468750003 0.32110400625 0.2817838078125 0.32362541718750004 0.287485884375 0.3286410046875 0.2922601640625 0.352650471875 0.29926500625 0.3591462296875 0.299504684375 0.3736179109375 0.295449434375 0.376605478125 0.293010103125 0.3790724265625 0.2854524328125 0.3765510171875 0.27975035625 0.3695346390625 0.274392340625 0.3575299046875 0.27088992031250003 0.338536025 0.2686593546875
1 0.3860311171875 0.398399953125 0.3810155296875 0.3936256734375 0.3650092171875 0.38895577812500004 0.344041778125 0.39277134999999996 0.3360658546875 0.39706627499999997 0.332584896875 0.40101714062499993 0.3306113390625 0.407063278125 0.33113196093749997 0.41218161562500005 0.3341467609375 0.416372159375 0.3376549484375 0.419051165625 0.34565810468749997 0.4213861125 0.356648828125 0.42128173125 0.366132153125 0.4190820765625 0.38159061250000004 0.412003759375 0.3855649609375 0.40654135937499997 0.3870451296875 0.40200675625000004 0.3860311171875 0.398399953125
1 0.30816051093749997 0.5362627015625 0.3032266171875 0.5513780421875001 0.3052546375 0.5585916515625 0.3087628265625 0.561270659375 0.31476519375 0.5630218703125001 0.323755128125 0.5623337515625 0.336719409375 0.55618323125 0.34716228125000004 0.544330634375 0.35012261875 0.5352614296875 0.344586409375 0.5253688125 0.3385840421875 0.523617603125 0.32759331875000003 0.5237219843750001 0.3171232140625 0.5289447078125 0.30816051093749997 0.5362627015625
1 0.364128140625 0.5393475890625 0.3586463953125 0.5427147171875 0.3477101359375 0.5560788484375 0.34376301875 0.5681711203125 0.347791828125 0.5759684671875 0.35130001875 0.578647475 0.357302384375 0.580398684375 0.36179735156250004 0.580054625 0.37177406562500004 0.5763434375 0.38073677031250003 0.56902544375 0.38865822968749997 0.551470771875 0.3881376109375 0.54635243125 0.3851228109375 0.542161890625 0.3711172859375 0.5380757328125 0.364128140625 0.5393475890625
1 0.44122982187500004 0.45754689375 0.438242253125 0.4599862234375 0.4367620859375 0.46452082656250004 0.43777609687499996 0.46812763281249997 0.4458064828125 0.4770924515625 0.45131545937500006 0.480355196875 0.47932650624999995 0.48852751406249995 0.48880983125000005 0.48632785937499995 0.4917974 0.48388852968749996 0.494264346875 0.47633085781249995 0.4917429359375 0.47062878281250003 0.477216790625 0.46142428437499994 0.459209690625 0.45617065312499994 0.4507131453125 0.4553472390625 0.44122982187500004 0.45754689375
1 0.49835084218750003 0.3765387015625 0.4908683046875 0.37932209375000003 0.48889474843749997 0.3853682296875 0.4899087578125 0.3889750328125 0.4959383578125 0.39735611875 0.49944654687499995 0.40003512499999994 0.5174536484375001 0.40528875781249996 0.53244595 0.406351846875 0.5419292734375001 0.4041521921875 0.5474110203125 0.40078506562499994 0.549384578125 0.394738928125 0.5483705671875 0.391132125 0.5338444234375 0.38192762812500003 0.5073407765625 0.37585058125000004 0.49835084218750003 0.3765387015625
1 0.5594734406249999 0.2966979828125 0.5509768953124999 0.2958745703125 0.5410001796875 0.29958575781249996 0.537025834375 0.3050481578125 0.5306117734375 0.32469809843749997 0.532146403125 0.33342324375 0.535161203125 0.337613784375 0.54067018125 0.3408765296875 0.5471659375 0.34111620625 0.5521542921875 0.3392606125 0.5611169968749999 0.33194261875 0.56509134375 0.3264802203125 0.569038459375 0.3143879484375 0.5685178390625001 0.309269609375 0.567503828125 0.30566280468749996 0.5594734406249999 0.2966979828125
1 0.5434398984375 0.2853982140625 0.5464546953125 0.2895887578125 0.5669559750000001 0.2939145921875 0.5834284453125 0.2904430796875 0.5948853265625 0.2821972890625 0.598339053125 0.27161654999999996 0.591816065625 0.26474700156250003 0.5753163640625 0.2615886390625 0.564325640625 0.2616930234375 0.5518547484375 0.2663320078125 0.5458796125 0.2712106703125 0.542919275 0.280279875 0.5434398984375 0.2853982140625
1 0.5169842671875 0.534279415625 0.520026296875 0.5450998296875 0.52857730625 0.559182990625 0.534086284375 0.562445734375 0.54458361875 0.5638528859374999 0.550558753125 0.5589742234374999 0.5555198796874999 0.55048875625 0.5524778484375 0.539668340625 0.5474350296875 0.5282641875 0.54291283125 0.521978375 0.5394046421875001 0.5192993687499999 0.5294006953125 0.5163806828124999 0.5219181609375 0.5191640750000001 0.5169842671875 0.534279415625
1 0.327521265625 0.260479315625 0.31790017187499997 0.2899542296875 0.3744224625 0.3064447984375 0.38404355625000003 0.27696988437500003 0.327521265625 0.260479315625
1 0.285217959375 0.20881948593750002 0.273870003125 0.2435847671875 0.3303922921875 0.2600753359375 0.34174025 0.22531005468749998 0.285217959375 0.20881948593750002
1 0.33700383437500003 0.37912135468749997 0.32503914218749996 0.4157760546875 0.38056103750000003 0.4319747546875 0.3925257296875 0.39532005312499996 0.33700383437500003 0.37912135468749997
1 0.3135698359375 0.5146558640625 0.2991381984375 0.5588682359375 0.3401543734375 0.5708348421875 0.3545860125 0.526622471875 0.3135698359375 0.5146558640625
1 0.3524823 0.5313890234375 0.338050659375 0.57560139375 0.3770660453125 0.5869842640625 0.3914976859375 0.5427718921875 0.3524823 0.5313890234375
1 0.441072434375 0.44963743593750005 0.43243811875000004 0.47608928281249996 0.4894606078125 0.492725784375 0.49809492187500004 0.4662739375 0.441072434375 0.44963743593750005
1 0.4932007578125 0.3688198109375 0.4839497078125 0.397161075 0.5439733765625 0.4146731828125 0.553224428125 0.38633191875 0.4932007578125 0.3688198109375
1 0.540712640625 0.29039671562499997 0.5256642640625 0.33649850468750003 0.5586772828125001 0.34613016406249997 0.573725659375 0.300028375 0.540712640625 0.29039671562499997
1 0.5516826015625 0.2517880375 0.5399646031249999 0.28768697187500003 0.58948413125 0.30213446093749996 0.6012021296875 0.266235528125 0.5516826015625 0.2517880375
1 0.521780053125 0.512907446875 0.508088496875 0.554852515625 0.5496048703125 0.5669650578125001 0.5632964265625 0.5250199890625 0.521780053125 0.512907446875
2 0.2848082875 0.5037813625 0.27679071093749996 0.5283437906249999 0.3063023484375 0.5369539109375 0.31431992656249996 0.5123914828125 0.2848082875 0.5037813625
2 0.347766625 0.3545403875 0.3398723953125 0.3787249328125 0.3713848234375 0.3879187890625 0.379279053125 0.36373424375 0.347766625 0.3545403875
2 0.434470975 0.302029015625 0.42633004999999996 0.326969328125 0.45534149062499996 0.3354335125 0.463482415625 0.31049319999999997 0.434470975 0.302029015625
2 0.410894090625 0.21485122343750002 0.4026298171875 0.24016941875 0.43514264062499997 0.2496551453125 0.4434069140625 0.22433695 0.410894090625 0.21485122343750002
2 0.4537332453125 0.21451970468749998 0.44571566875 0.2390821328125 0.4772280953125 0.2482759890625 0.4852456734375 0.223713559375 0.4537332453125 0.21451970468749998
2 0.48650318124999997 0.22821915 0.4784856046875 0.2527815765625 0.5094978343750001 0.2618295 0.5175154109375 0.2372670703125 0.48650318124999997 0.22821915
2 0.4405458609375 0.5032786953125 0.4325282828125 0.5278411234375 0.4635405125 0.536889046875 0.471558090625 0.51232661875 0.4405458609375 0.5032786953125
2 0.5678221859375 0.4439884375 0.5599279578125 0.46817298437500005 0.5909401875 0.4772209046875 0.5988344171875 0.4530363609375 0.5678221859375 0.4439884375
2 0.57794675 0.3844395890625 0.5699291718749999 0.40900201562499994 0.600941403125 0.4180499390625 0.6089589796875 0.393487509375 0.57794675 0.3844395890625
2 0.58631555625 0.29334647812500003 0.5778045890625 0.3194204421875 0.6078164265625 0.32817649531250004 0.61632739375 0.3021025328125 0.58631555625 0.29334647812500003
0 0.45870151718749996 0.24122359375000002 0.450067203125 0.2676754390625 0.4840806171875 0.27759896875 0.49271493125 0.251147121875 0.45870151718749996 0.24122359375000002
0 0.4169292734375 0.40947566875 0.40866500156249996 0.43479386406250004 0.44367881093749995 0.4450092609375 0.45194308281250006 0.419691065625 0.4169292734375 0.40947566875
0 0.5500145921875 0.362632559375 0.5417503203125 0.38795075625000003 0.5752635359375 0.39772835 0.5835278078125 0.37241015312500003 0.5500145921875 0.362632559375
0 0.5411431203125 0.45358729374999995 0.5332488890625 0.4777718375 0.562760528125 0.4863819578125 0.570654759375 0.4621974125 0.5411431203125 0.45358729374999995
0 0.5537689828125 0.547494703125 0.54562805625 0.572435015625 0.5761400890624999 0.581337003125 0.5842810140625 0.556396690625 0.5537689828125 0.547494703125
2 0.28415104375 0.529257859375 0.2876592296875 0.5319368671875 0.2996639640625 0.5354392875 0.30665311093750003 0.5341674296875001 0.3156158140625 0.5268494375 0.31758937187499997 0.5208033000000001 0.31356056250000003 0.513005953125 0.2955534609375 0.507752321875 0.2835759578125 0.5108797734375 0.280588390625 0.5133191046875 0.2781214453125 0.5208767734374999 0.279135453125 0.5244835796875 0.28415104375 0.529257859375
2 0.342452684375 0.3707864609375 0.34297330625 0.3759048 0.34798889375000003 0.38067907968750003 0.35149708281250003 0.3833580859375 0.3635018171875 0.3868605078125 0.3734785296875 0.3831493203125 0.3769594875 0.379198453125 0.3789330453125 0.37315231875 0.37339683749999997 0.3632597 0.369888646875 0.3605806921875 0.36188549062500003 0.3582457453125 0.3508947671875 0.3583501265625 0.34491963124999997 0.363228790625 0.342452684375 0.3707864609375
2 0.4276664484375 0.31784020625 0.4296944671875 0.3250538140625 0.43471005625 0.32982809375 0.4442206125 0.3342583125 0.45071636875000004 0.3344979890625 0.456198115625 0.33113085937500003 0.459679071875 0.327179996875 0.4621460203125 0.319622325 0.461132009375 0.31601551875 0.45460901875 0.30914596875 0.4426042875 0.3056435484375 0.43810931875000003 0.30598760937499997 0.4301333953125 0.31028253437500003 0.4276664484375 0.31784020625
2 0.41086720000000004 0.24175323906249999 0.41437538749999997 0.24443224687499998 0.4243793328125 0.2473509328125 0.4338626578125 0.2451512765625 0.4398377921875 0.2402726140625 0.4427981296875 0.2312034109375 0.43978332968749995 0.22701286875 0.43076616406249996 0.2210711140625 0.42276300781250004 0.21873616718750002 0.41127889531250006 0.22035208593750003 0.4077979375 0.22430295 0.405330990625 0.23186062187499998 0.41086720000000004 0.24175323906249999
2 0.4618464734375 0.2466937203125 0.47982634218750003 0.2453174796875 0.4832800671875 0.2347367421875 0.4792512578125 0.2269393953125 0.468233303125 0.2204139046875 0.45973675781249995 0.21959049218749999 0.45274761249999995 0.2208623484375 0.4497600421875 0.22330167968749998 0.44630631718749997 0.23388241875000002 0.450335128125 0.2416797640625 0.453843315625 0.244358771875 0.4618464734375 0.2466937203125
2 0.48585594062500004 0.2536985625 0.49087152968750003 0.25847284375 0.5008754734374999 0.26139152656250003 0.5053704421874999 0.2610474671875 0.5143331453125 0.2537294734375 0.5163067015625 0.2476833375 0.5127712828125001 0.23837445625 0.50926309375 0.2356954484375 0.49525757031250006 0.23160929062500002 0.48826842499999995 0.2328811453125 0.4822932890625 0.2377598109375 0.4803197328125 0.24380594531250002 0.48585594062500004 0.2536985625
2 0.5960627281249999 0.3255833328125 0.6005576953125 0.3252392734375 0.6135219765625 0.319088753125 0.6159889234375 0.3115310828125 0.6099593249999999 0.3031499984375 0.6064511359375 0.300470990625 0.596447190625 0.29755230625 0.5824688984375 0.3000960203125 0.579015171875 0.310676759375 0.5845513812500001 0.32056937812499997 0.588059571875 0.3232483859375 0.5960627281249999 0.3255833328125
2 0.574928678125 0.4104689171875 0.5804376546875 0.41373166093749997 0.5904416015625 0.416650346875 0.599924925 0.414450690625 0.6029124921875 0.4120113609375 0.606859609375 0.3999190890625 0.603844809375 0.39572854375 0.6003366203125 0.3930495375 0.5883318859375 0.3895471171875 0.5793419515625 0.3902352375 0.5708726375000001 0.3960416953125 0.5708998671875001 0.4026715703125 0.574928678125 0.4104689171875
2 0.5616343953125 0.45791020781249997 0.5626484046875 0.46151701406249995 0.57067879375 0.470481834375 0.578188559375 0.4743283171875 0.5846843171875 0.4745679921875 0.5921668515625 0.47178460156249996 0.5956478093750001 0.4678337359375 0.5976213671874999 0.46178759999999996 0.59660735625 0.45818079687499996 0.59008436875 0.4513112453125 0.5820812125 0.4489762984375 0.57558545625 0.4487366203125 0.563607953125 0.45186407187500005 0.5616343953125 0.45791020781249997
2 0.45753568125 0.5351453921875 0.46203064843749997 0.5348013328125 0.4704999609375 0.5289948734375 0.47096611875 0.520853465625 0.46293573125 0.5118886453125 0.44893020781250004 0.5078024875 0.43895349375 0.511513675 0.4354997671875 0.5220944140625 0.43802117812499997 0.527796490625 0.4415293671875 0.5304754968750001 0.4470383453125 0.5337382421875 0.45753568125 0.5351453921875
0 0.44364230468750004 0.4367294765625 0.4466026421875 0.4276602734375 0.4385722546875 0.41869545312499995 0.42456672968750003 0.41460929375 0.4145900171875 0.41832048281249995 0.41162967968749997 0.42738968593750004 0.4156584890625 0.4351870328125 0.41916667968750004 0.4378660390625 0.4311714140625 0.44136846093750004 0.4356663796875 0.441024403125 0.44364230468750004 0.4367294765625
0 0.5508647468750001 0.390204328125 0.5603753015625 0.394634546875 0.5693652375 0.393946425 0.5743535953125 0.3920908296875 0.5798353406250001 0.38872370156249997 0.58082211875 0.385700634375 0.5772866984375 0.376391753125 0.570270321875 0.3710337390625 0.5602663765625 0.36811505312500004 0.548288875 0.3712425046875 0.5448351484375 0.38182324218749997 0.5458491578125 0.3854300484375 0.5508647468750001 0.390204328125
0 0.5341984328125 0.4681159765625 0.534719053125 0.4732343171875 0.537733853125 0.47742485781250005 0.541242040625 0.480103865625 0.5532467765625 0.48360628749999995 0.5622367109375 0.4829181671875 0.5682118468749999 0.47803950625 0.5696920140625 0.473504903125 0.5686780046875 0.469898096875 0.5626484046875 0.46151701406249995 0.550643671875 0.4580145921875 0.541160346875 0.460214246875 0.5351852109374999 0.46509290937500003 0.5341984328125 0.4681159765625
0 0.5595214578125 0.5516562296874999 0.5515455328125001 0.55595115625 0.548585196875 0.565020359375 0.553107396875 0.571306171875 0.556615584375 0.5739851812500001 0.5706211078125001 0.5780713375000001 0.5781036453125 0.575287946875 0.5820507593750001 0.563195675 0.57552776875 0.556326125 0.5595214578125 0.5516562296874999
0 0.4724527328125 0.2746203640625 0.4819360578125 0.2724207078125 0.48541701562500006 0.26846984375 0.48837735000000004 0.2594006390625 0.4803469625 0.25043581875 0.47034301875000006 0.2475171328125 0.4613530828125 0.24820525624999998 0.4558713359375 0.2515723828125 0.4534043890625 0.259130053125 0.4589405984375 0.269022671875 0.464449578125 0.27228541562499997 0.4724527328125 0.2746203640625