1 0.404146425 0.7398030859375 0.41713153125 0.73779205625 0.4212368140625 0.7305930968750001 0.42235053125000005 0.72604516875 0.421586396875 0.719600346875 0.417066565625 0.70936173125 0.398542778125 0.6925410484375 0.3869260984375 0.6921524234375 0.3779513984375 0.70010551875 0.3773471046875 0.7089499953125 0.384508921875 0.7275303296875 0.390142471875 0.7332210171875 0.404146425 0.7398030859375
1 0.5484160124999999 0.7437124359375 0.5526811375 0.7518027765624999 0.5640431046875001 0.7500431265625 0.573876809375 0.7353938296875 0.578841096875 0.7214986671875 0.5797001015625 0.7148024656249999 0.5779171234375 0.69976454375 0.5757845609375 0.695719371875 0.5720288625000001 0.69192558125 0.5639131703125 0.6931824765625 0.559298465625 0.696084884375 0.552456328125 0.7080831515625 0.5480014625 0.7262748625000001 0.5484160124999999 0.7437124359375
1 0.507962325 0.6952845265625001 0.51420016875 0.6921307359375 0.527534859375 0.6791269578125 0.531640140625 0.6719279984375001 0.5298571625 0.6568900765625 0.5277246015625 0.65284490625 0.5204679140625 0.647405596875 0.5047459515625 0.6542159328125 0.4927796875 0.664820059375 0.4875606875 0.676566946875 0.489343665625 0.69160486875 0.4966003546875 0.697044178125 0.507962325 0.6952845265625001
1 0.510948728125 0.58106046875 0.5152138515625 0.589150809375 0.5229799609375 0.5988866671874999 0.528613509375 0.6045773546875 0.537238625 0.607617009375 0.5453543171875 0.606360115625 0.548345884375 0.6037090843749999 0.5524511671875 0.596510125 0.551432321875 0.587917028125 0.544779928125 0.5736332421875 0.5316349781249999 0.560354971875 0.5178857359375 0.555921178125 0.51190260625 0.5612232406250001 0.50916575 0.5660225484375 0.510948728125 0.58106046875
1 0.56954155625 0.5873001359375001 0.5673141234375 0.596395990625 0.5678235453125 0.600692540625 0.5720886703125 0.60878288125 0.57772221875 0.6144735703124999 0.5882251828125 0.619410121875 0.5965955875 0.6203015015625 0.6079575578124999 0.61854185 0.615309115625 0.610840134375 0.616168121875 0.6041439328125 0.61378085 0.5979504875 0.60251375 0.5865691125 0.5920107875 0.5816325609375 0.586886659375 0.5802384218750001 0.5725331234375 0.5846491046875 0.56954155625 0.5873001359375001
1 0.5831608625 0.5348732796875 0.5851985515625 0.552059475 0.5902278078125 0.5665946390625 0.5991076343749999 0.57178256875 0.6056001875 0.5707770546875001 0.611328609375 0.5633267156249999 0.613556040625 0.5542308625000001 0.614415046875 0.547534659375 0.61237735625 0.5303484640625 0.6054702515625 0.5139164046875 0.5982135625 0.508477096875 0.5917210093749999 0.509482609375 0.5887294437499999 0.5121336421875 0.5859925875 0.5169329484375 0.5831608625 0.5348732796875
1 0.49566089687500003 0.34059097656250004 0.4896777640625 0.345893040625 0.4787303453125 0.3650902640625 0.4765029125 0.3741861203125 0.47589861874999995 0.3830305953125 0.47666275156250004 0.38947541874999997 0.47879531249999996 0.3935205890625 0.4825510125 0.39731438125 0.48904356718750003 0.3963088671875 0.4920351328125 0.393657834375 0.5007551203125 0.3835564640625 0.5075972578125 0.3715581984375 0.5098246890625 0.3624623453125 0.51068369375 0.35576614218749997 0.50966485 0.34717304375 0.5075322890625 0.343127875 0.50215345 0.3395854609375 0.49566089687500003 0.34059097656250004
1 0.36593974687499997 0.41756191875 0.37431015 0.4184532984375 0.37892485468750003 0.41555089062499995 0.3830301375 0.40835193125 0.38124715781249996 0.393314009375 0.368961215625 0.37333953750000004 0.365205515625 0.3695457453125 0.351456275 0.36511195 0.34547314375 0.37041401406249996 0.34435942656249996 0.3749619421875 0.34588769375 0.3878515890625 0.3546726484375 0.40618054375 0.36593974687499997 0.41756191875
1 0.286221375 0.5677345500000001 0.2993663234375 0.58101281875 0.30636830000000004 0.5843038546875 0.319353409375 0.582292825 0.3269596796875 0.5767393828125 0.3296965328125 0.571940078125 0.3279135546875 0.5569021546874999 0.3150233203125 0.545772159375 0.2980278 0.541841121875 0.2915352453125 0.5428466375000001 0.286920540625 0.5457490468749999 0.282815259375 0.5529480078125 0.28408881406250003 0.5636893796875 0.286221375 0.5677345500000001
1 0.4441453359375 0.58921871875 0.4505430171875 0.6013542296875001 0.45993226875 0.6108387093750001 0.46343325625 0.612484225 0.469925809375 0.6114787109375001 0.472917378125 0.6088276796875001 0.4753995203125 0.6018800984375 0.47523967968749997 0.5865908 0.4680778640625 0.5680104640625 0.45330977656250004 0.5549835734374999 0.44681722187500006 0.5559890875 0.44382565781250005 0.55864011875 0.4413435109375 0.5655877 0.44124864218750004 0.5787287265625001 0.4441453359375 0.58921871875
1 0.5781680437500001 0.6887761343750001 0.5416474250000001 0.6944321546875 0.54881245 0.754863115625 0.58533306875 0.74920709375 0.5781680437500001 0.6887761343750001
1 0.5282957890625 0.6472762015625 0.4831563046875 0.6542670421875 0.48856891718749995 0.6999178734375 0.5337084015625 0.692927034375 0.5282957890625 0.6472762015625
1 0.4724253515625 0.5506557796875 0.4364079078125 0.5562338734375001 0.44373085312500005 0.6179967625 0.4797482984375 0.612418671875 0.4724253515625 0.5506557796875
1 0.41815870000000005 0.685532375 0.375048140625 0.69220899375 0.38149488125 0.74658181875 0.42460544218749996 0.7399052015625001 0.41815870000000005 0.685532375
1 0.548841184375 0.5504488515625 0.505730625 0.5571254703124999 0.5124957546875 0.6141836390625001 0.5556063140624999 0.6075070234375 0.548841184375 0.5504488515625
1 0.6129218265625 0.5767641734375 0.5642276703125 0.584305534375 0.569400853125 0.6279369875 0.6180950109375 0.6203956265625 0.6129218265625 0.5767641734375
1 0.609210303125 0.5062161421875 0.5787764531249999 0.5109294906249999 0.5863388281249999 0.574711759375 0.616772678125 0.569998409375 0.609210303125 0.5062161421875
1 0.5095265421875 0.33638711875 0.46894807656250004 0.342671584375 0.47579471250000005 0.40041720156249994 0.516373178125 0.39413273437499996 0.5095265421875 0.33638711875
1 0.3801543125 0.360536165625 0.3411015984375 0.3665843375 0.3478667265625 0.42364250625000005 0.386919440625 0.4175943359375 0.3801543125 0.360536165625
1 0.32669272656250004 0.5369860625 0.27952431718750004 0.5442911265625 0.2846185421875 0.5872566140625 0.3317869484375 0.57995155 0.32669272656250004 0.5369860625
0 0.37180720625 0.70844064375 0.3464375515625 0.7123696921875 0.3505766078125 0.7472791515625 0.3759462640625 0.7433501031249999 0.37180720625 0.70844064375
0 0.4401879703125 0.5706890359375001 0.414818315625 0.5746180843750001 0.41903633124999995 0.6101935078125 0.44440598906249995 0.606264459375 0.4401879703125 0.5706890359375001
0 0.624095384375 0.6884999078125 0.59771938125 0.6925848125 0.601779478125 0.7268283062500001 0.6281554796875 0.722743403125 0.624095384375 0.6884999078125
0 0.25432203124999997 0.5714497390625 0.22642028125000002 0.575770940625 0.2304803765625 0.610014434375 0.25838212656250004 0.6056932359375 0.25432203124999997 0.5714497390625
0 0.1594583265625 0.3899246765625 0.1315565765625 0.394245875 0.13577459375 0.42982129999999996 0.16367634375 0.4255001 0.1594583265625 0.3899246765625
2 0.4247727515625 0.7412466156249999 0.39940309531249996 0.7451756640625 0.40322376406249993 0.7773997828125 0.42859341874999995 0.773470734375 0.4247727515625 0.7412466156249999
2 0.15796935 0.7825669828125 0.128038675 0.7872024046874999 0.1324961203125 0.824797209375 0.16242679531249998 0.8201617875 0.15796935 0.7825669828125
2 0.238831765625 0.6367457578125 0.2114331859375 0.6409890296875 0.21549328124999997 0.6752325234375001 0.2428918625 0.6709892515625 0.238831765625 0.6367457578125
2 0.348423859375 0.602675965625 0.32052210468750003 0.606997165625 0.3245032421875 0.6405746953125 0.35240499375 0.636253496875 0.348423859375 0.602675965625
2 0.3858996421875 0.605075975 0.3569915453125 0.6095530296875 0.3611306015625 0.6444624906249999 0.39003869999999996 0.639985434375 0.3858996421875 0.605075975
2 0.47603668125 0.646498459375 0.45118642812500004 0.6503470671875 0.455643875 0.6879418687500001 0.48049412656249996 0.6840932625 0.47603668125 0.646498459375
2 0.55374515 0.491572528125 0.5263465703125 0.4958158015625 0.53032770625 0.5293933296875 0.5577262859375 0.525150059375 0.55374515 0.491572528125
2 0.46091951875000003 0.3664813359375 0.4355498625 0.370410384375 0.4396889203125 0.40531984374999996 0.46505857500000003 0.4013907953125 0.46091951875000003 0.3664813359375
2 0.30147581093750003 0.4027914984375 0.274077234375 0.407034771875 0.278216290625 0.44194423125000004 0.30561486875 0.43770095937500003 0.30147581093750003 0.4027914984375
2 0.22637908750000002 0.3836625046875 0.198980509375 0.38790577656249997 0.203119565625 0.4228152359375 0.23051814375 0.418571965625 0.22637908750000002 0.3836625046875
0 0.6204384046875 0.7238072984375 0.6234299703125 0.7211562671875 0.6259121125 0.7142086859375001 0.6265164078125001 0.705364209375 0.620118725 0.6932286984375 0.61311675 0.6899376640625 0.6050010578125 0.6911945562499999 0.6020094890625 0.6938455890624999 0.5997820578125 0.70294144375 0.6010556140625 0.7136828171875 0.608821725 0.723418675 0.6123227124999999 0.7250641921875001 0.6204384046875 0.7238072984375
0 0.42995163906249995 0.6089187015624999 0.43644419375 0.6079131859375 0.4421726140625 0.6004628484375 0.4441453359375 0.58921871875 0.44124864218750004 0.5787287265625001 0.43723823125 0.572786659375 0.4321141046875 0.5713925203125 0.42562154999999996 0.572398034375 0.418269990625 0.5800997531250001 0.41715627343749995 0.5846476796875 0.418684540625 0.5975373281249999 0.42645065156250006 0.607273184375 0.42995163906249995 0.6089187015624999
0 0.369805803125 0.7429337625 0.37279736875 0.7402827328125 0.3752795109375 0.73333515 0.37537438437500004 0.720194125 0.3708545515625 0.7099555109375 0.3654757125 0.7064130984375 0.3589831578125 0.7074186124999999 0.3530000265625 0.7127206765625 0.34914945625 0.722067909375 0.3506777234375 0.7349575546875 0.352810284375 0.7390027265625 0.3600669703125 0.7444420359375 0.369805803125 0.7429337625
0 0.24297102499999998 0.607248646875 0.24920886874999998 0.6040948578124999 0.254937290625 0.596644521875 0.25605100468750003 0.5920965921875 0.25503216093750003 0.5835034968749999 0.2507670375 0.5754131546875 0.2437650609375 0.5721221203125 0.23402623125000002 0.5736303921875 0.22966623749999998 0.5786810765625 0.2285525203125 0.5832290046875 0.23033549843749998 0.598266925 0.236223759375 0.6061058874999999 0.24297102499999998 0.607248646875
0 0.162473034375 0.4162573765625 0.1633320390625 0.409561175 0.1604353453125 0.39907118124999996 0.15104609687499998 0.389586703125 0.1442988328125 0.38844394375 0.1413072640625 0.391094975 0.13608826875 0.40284186093749996 0.1381259578125 0.42002805781249997 0.14726049375 0.4273642609375 0.156999325 0.42585598906250005 0.1599908921875 0.4232049578125 0.162473034375 0.4162573765625
2 0.42744475625 0.7690106578125 0.4285584703125 0.7644627328125 0.42652078125 0.7472765359375 0.42438822031249995 0.743231365625 0.4190093828125 0.7396889515625 0.40440113593750004 0.7419513609374999 0.40191899218750005 0.7488989421875 0.40395668125000006 0.7660851359375 0.4063439546875 0.7722785796875 0.411977503125 0.7779692687499999 0.421716334375 0.776460996875 0.42744475625 0.7690106578125
2 0.46560088125 0.686531071875 0.4720934375 0.68552555625 0.479190284375 0.675675565625 0.4803040015625 0.6711276390625 0.478775734375 0.6582379921875 0.474765321875 0.652295925 0.4658854953125 0.6471079953125 0.456401375 0.6507645421875 0.45366452031250004 0.6555638484374999 0.45169180000000003 0.666807978125 0.45220122187499995 0.671104525 0.45859890625000005 0.6832400375 0.46560088125 0.686531071875
2 0.3616849484375 0.6326176296875 0.363817509375 0.6366628000000001 0.37132890937499996 0.6442503828125 0.3810677390625 0.6427421109375 0.386796159375 0.6352917734375 0.3879098765625 0.6307438453125 0.38612689843750003 0.6157059265625 0.3821164890625 0.609763859375 0.3751145109375 0.606472825 0.3702450953125 0.6072269593749999 0.36563039062499997 0.610129371875 0.361525109375 0.61732833125 0.36066610312499997 0.6240245328125 0.3616849484375 0.6326176296875
2 0.3427167078125 0.6399307234375 0.34869984062500003 0.634628659375 0.3511819828125 0.627681078125 0.3512768546875 0.614540053125 0.34914429375 0.6104948828125 0.34188760625 0.605055575 0.3335172015625 0.60416419375 0.32727935937499997 0.6073179828125 0.3231740765625 0.6145169421875 0.325211765625 0.6317031375 0.33110002656250004 0.6395420984375 0.334601015625 0.641187615625 0.3427167078125 0.6399307234375
2 0.22464214375 0.675718940625 0.233012546875 0.6766103218749999 0.241477821875 0.6643606765625 0.24259153906250003 0.6598127500000001 0.241063271875 0.6469231015625 0.2351750109375 0.639084140625 0.230050884375 0.6376900015625 0.2219351921875 0.6389468953125 0.21732048750000002 0.6418493046875 0.2145836328125 0.6466486125 0.2144887609375 0.6597896375000001 0.21926330468750002 0.6721765265624999 0.22464214375 0.675718940625
2 0.1446690609375 0.8237432968749999 0.151161615625 0.8227377812500001 0.1582584640625 0.812887790625 0.1604858953125 0.803791934375 0.1597217625 0.7973471109375 0.1552019296875 0.787108496875 0.1514462296875 0.78331470625 0.1463221015625 0.7819205671875 0.13683798281249998 0.7855771140625001 0.131618984375 0.7973240015624999 0.13314725 0.8102136468750001 0.13741237343749999 0.8183039875 0.1446690609375 0.8237432968749999
2 0.21431859687500002 0.4213542859375 0.22568056718750001 0.4195946359375 0.22978584999999999 0.41239567499999996 0.2306448546875 0.4056994734375 0.22962601093749999 0.3971063765625 0.22510617656249998 0.3868677609375 0.21810420000000003 0.38357672656249997 0.20998850781249997 0.3848336203125 0.20426008593749997 0.39228395781250003 0.2031463703125 0.3968318859375 0.20518406093750002 0.41401808124999995 0.210817609375 0.41970876874999996 0.21431859687500002 0.4213542859375
2 0.3015236265625 0.4319136140625 0.3037510578125 0.422817759375 0.3027322140625 0.41422466093750004 0.29846709374999997 0.4061343203125 0.2898419765625 0.403094665625 0.281726284375 0.4043515578125 0.2759978625 0.411801896875 0.27539356875 0.4206463734375 0.2804228265625 0.4351815375 0.2874248015625 0.43847257031250003 0.29716363281249997 0.4369642984375 0.3015236265625 0.4319136140625
2 0.45845864374999995 0.40323333437500003 0.4628186375 0.39818264999999997 0.46393235468749994 0.3936347234375 0.46479135937500005 0.3869385203125 0.463772515625 0.3783454234375 0.456261115625 0.370757840625 0.44601286250000005 0.3679695625 0.43866130312499996 0.375671278125 0.4375475875 0.3802192078125 0.4393305640625 0.395257128125 0.4452188265625 0.40309609062499996 0.4487198140625 0.40474160625 0.45845864374999995 0.40323333437500003
2 0.549169825 0.52701120625 0.552161390625 0.5243601765625 0.5546435328125 0.5174125953125001 0.555247828125 0.50856811875 0.55260584375 0.5002263984375 0.54697229375 0.4945357125 0.5434713062500001 0.49289019375 0.533732475 0.49439846562499995 0.5266356265625001 0.5042484578125 0.5279091828125 0.5149898312500001 0.53029645625 0.5211832750000001 0.5378078546875 0.5287708578125 0.549169825 0.52701120625