1 0.284154875 0.3436576578125 0.281420175 0.3562103703125 0.28668685312500003 0.36233326718750003 0.290539809375 0.364846109375 0.296832 0.3662617375 0.308002659375 0.36548293906249996 0.33029760625 0.354038928125 0.33478786562499996 0.3435271796875 0.3305467015625 0.332697015625 0.32249895156249997 0.32924042187499997 0.302596865625 0.32970080625 0.2952791625 0.33299244687499996 0.284154875 0.3436576578125
1 0.22924624843750002 0.4745059171875 0.220172984375 0.4757565921875 0.217780121875 0.48674021874999995 0.227971640625 0.5005550999999999 0.23918867187499998 0.5096627140625001 0.245139025 0.5126474328125 0.2598208046875 0.5159505625 0.2643574359375 0.515325225 0.2692359046875 0.5131308 0.27094509218749996 0.5052853546875 0.269873209375 0.5001062093749999 0.2610954109375 0.48990138281249995 0.24568358437499999 0.479850015625 0.22924624843750002 0.4745059171875
1 0.288859759375 0.45335194375 0.2895898046875 0.460100178125 0.2970002515625 0.4765813625 0.30226693125000004 0.48270425625 0.3169487109375 0.4860073890625 0.321485340625 0.48538205312500005 0.3291448828125 0.4805213234375 0.32836846249999996 0.463886678125 0.322713575 0.449446459375 0.3135939390625 0.44081072031249996 0.2989121640625 0.43750758906250004 0.291252621875 0.44236831875 0.288859759375 0.45335194375
1 0.394506025 0.49358039218750005 0.38543276406250004 0.49483106718750003 0.373578428125 0.4987480421875 0.366260725 0.5020396828125 0.36035674375000004 0.5089413796875 0.35864755625 0.5167868234374999 0.360061278125 0.5203968796875 0.36532795625 0.5265197765625 0.37371754375 0.52840728125 0.38942483437500003 0.52700314375 0.4064994765625 0.5193226515625 0.41552636718749997 0.5081855640625 0.41269892343750003 0.5009654546875 0.40918780468750005 0.496883525 0.394506025 0.49358039218750005
1 0.36785993437500003 0.5451953875 0.360154021875 0.5401697046875 0.355959228125 0.539225953125 0.3468859640625 0.5404766265625 0.33956826093750003 0.543768265625 0.33122504375 0.5517671749999999 0.3274184625 0.5591407453125 0.3250255984375 0.570124371875 0.3296086015625 0.5793854453125 0.3355589546875 0.5823701625 0.3421929828125 0.5822167015625 0.356828390625 0.575633421875 0.3651716078125 0.5676345125 0.36829451562500004 0.5633991218750001 0.36927365624999997 0.5488054421874999 0.36785993437500003 0.5451953875
1 0.4119980140625 0.574877609375 0.3952188375 0.5711026015625 0.37985338281250003 0.5709376453125 0.37185200625000003 0.577367465625 0.37048465625000004 0.5836438234375 0.375409496875 0.5913358093750001 0.3831154109375 0.5963614921875 0.38906576249999997 0.5993462093749999 0.4058449390625 0.6031212171875 0.4236496265625 0.6021889578125 0.43130916875 0.5973282296875 0.43267651875 0.591051871875 0.4312627953125 0.587441815625 0.4277516765625 0.583359884375 0.4119980140625 0.574877609375
1 0.6245823875000001 0.5585113500000001 0.62175494375 0.551291240625 0.60771046875 0.534963515625 0.60000455625 0.529937834375 0.59195680625 0.5264812421875 0.5856646140625 0.5250656125 0.5811279828125 0.52569095 0.5762495140625 0.527885375 0.5748821640624999 0.5341617328125 0.5762958859375 0.5377717875 0.5826344484375 0.5490738296875 0.5914122453124999 0.55927865625 0.599118159375 0.5643043390625 0.6050685109375 0.5672890578125 0.6134581015625 0.5691765609375 0.6179947328125001 0.5685512234375001 0.6232150390625 0.5647877078125 0.6245823875000001 0.5585113500000001
1 0.59876441875 0.414439065625 0.5949578343749999 0.4218126375 0.5960297171875 0.4269917796875 0.601296396875 0.43311467812500004 0.615978175 0.43641780937499997 0.6390031703125 0.431722034375 0.6438816390625 0.4295276078125 0.6529085296875 0.418390521875 0.6500810859375 0.4111704109375 0.6462281296875 0.40865756875 0.6336437484374999 0.40582631406249997 0.613399825 0.40785578593749994 0.59876441875 0.414439065625
1 0.48679682187499995 0.29213460156250004 0.46972218125 0.2998150953125 0.4641600375 0.3051477 0.4614253375 0.317700415625 0.46391094375 0.32648961249999997 0.4674220625 0.33057154375 0.48210384062499995 0.3338746765625 0.4970810859375 0.325722309375 0.5067916515625 0.3114470421875 0.5081590015625 0.305170684375 0.50708711875 0.299991540625 0.5018204390625 0.29386864375 0.4913334546875 0.2915092640625 0.48679682187499995 0.29213460156250004
1 0.410618759375 0.42971960468750003 0.39700886562500004 0.43159561718750006 0.38481269375 0.43708168281250004 0.38203162343749997 0.439747984375 0.380664271875 0.4460243421875 0.38207799374999996 0.44963439687499995 0.38768650937500004 0.454188203125 0.40202645156249994 0.4590604265625 0.4219285359375 0.4586000421875 0.439345015625 0.4493504609375 0.44071236562499994 0.44307410156250004 0.43929864375000005 0.43946404687499996 0.43369012656250006 0.4349102421875 0.4214475828125 0.43050989531250006 0.410618759375 0.42971960468750003
1 0.2699969484375 0.5197872484375 0.27768829375 0.4844827359375 0.21868851562499997 0.4712088625 0.21099717187499997 0.506513375 0.2699969484375 0.5197872484375
1 0.3264846515625 0.48773307343749994 0.3359911515625 0.4440966984375 0.29142146874999997 0.43406933125 0.281914965625 0.4777057078125 0.3264846515625 0.48773307343749994
1 0.4365965671875 0.46827831875000003 0.44418194218749996 0.433460225 0.3838817796875 0.41989378750000006 0.37629640468750003 0.45471188281249997 0.4365965671875 0.46827831875000003
1 0.329875853125 0.3743050203125 0.33895505625 0.3326300078125 0.285869940625 0.3206868234375 0.27679073593750003 0.3623618359375 0.329875853125 0.3743050203125
1 0.4096406265625 0.538332834375 0.41871983124999995 0.49665782031249994 0.36301296875 0.48412479218750004 0.3539337640625 0.52579980625 0.4096406265625 0.538332834375
1 0.3622902796875 0.5883842234375 0.37254540468749997 0.5413115421875 0.329947271875 0.5317277390624999 0.31969214687499997 0.5788004203125 0.3622902796875 0.5883842234375
1 0.4295143828125 0.6081419015625 0.43592383437500004 0.5787214765625001 0.3736521203125 0.564711475 0.36724266562499996 0.5941319015625 0.4295143828125 0.6081419015625
1 0.6235833734375 0.5725903 0.6321293109375 0.533363065625 0.57575128125 0.5206790390625 0.56720534375 0.5599062703125 0.6235833734375 0.5725903
1 0.6469872671875 0.4461760234375 0.655211878125 0.408423734375 0.5995050140625 0.39589070625 0.5912804031250001 0.4336429953125 0.6469872671875 0.4461760234375
1 0.5011430515625 0.3392938890625 0.51107685 0.2936961515625 0.469128909375 0.28425863125 0.4591951109375 0.32985636875 0.5011430515625 0.3392938890625
0 0.324943015625 0.3243338140625 0.3302859359375 0.299808946875 0.29620323437499996 0.29214096093749997 0.2908603140625 0.316665828125 0.324943015625 0.3243338140625
0 0.429335040625 0.432177440625 0.4346779625 0.4076525734375 0.3999450671875 0.39983830625 0.3946021484375 0.42436317187499994 0.429335040625 0.432177440625
0 0.253937790625 0.5619411640624999 0.25949265 0.5364434640625 0.22606014375 0.528921759375 0.220505284375 0.554419459375 0.253937790625 0.5619411640624999
0 0.49465941718749995 0.26169961875 0.500535603125 0.23472697187499997 0.46710309531250005 0.2272052671875 0.461226909375 0.2541779140625 0.49465941718749995 0.26169961875
0 0.6979422796875 0.23440168906249997 0.7038184671875001 0.20742904062499998 0.669085571875 0.1996147734375 0.6632093859375 0.226587421875 0.6979422796875 0.23440168906249997
2 0.2754781546875 0.362074759375 0.28082107343749996 0.33754989375 0.24936011875 0.3304717515625 0.2440171984375 0.35499661875 0.2754781546875 0.362074759375
2 0.3316676953125 0.10415569531249999 0.337971178125 0.0752216875 0.30126673125000003 0.0669638578125 0.2949632484375 0.0958978640625 0.3316676953125 0.10415569531249999
2 0.439163778125 0.22607963125000002 0.444933996875 0.1995934015625 0.4115014890625 0.1920716984375 0.405731271875 0.2185579265625 0.439163778125 0.22607963125000002
2 0.4320553171875 0.337634390625 0.4379315046875 0.3106617453125 0.40514918906249997 0.30328632187500004 0.39927300312499997 0.3302589671875 0.4320553171875 0.337634390625
2 0.416498734375 0.371169365625 0.42258686093750003 0.343223884375 0.388504159375 0.335555896875 0.38241603281250003 0.3635013796875 0.416498734375 0.371169365625
2 0.3457779890625 0.44012607031249995 0.351011521875 0.41610331250000004 0.31430707343750003 0.40784548125000003 0.309073540625 0.43186824062499996 0.3457779890625 0.44012607031249995
2 0.4629001640625 0.562149975 0.46867038125000005 0.535663746875 0.43588806875 0.5282883234375 0.4301178515625 0.554774553125 0.4629001640625 0.562149975
2 0.6127388234375 0.5181945921875 0.61808174375 0.49366972656249997 0.58399904375 0.486001740625 0.578656125 0.51052660625 0.6127388234375 0.5181945921875
2 0.6354657796875001 0.36024709375 0.641235996875 0.3337608640625 0.607153296875 0.326092878125 0.6013830796875 0.3525791078125 0.6354657796875001 0.36024709375
2 0.6800165421875 0.2977475921875 0.685786759375 0.2712613640625 0.6517040578125 0.263593378125 0.6459338406249999 0.2900796078125 0.6800165421875 0.2977475921875
0 0.22225314531249998 0.5470024437500001 0.22366686875 0.5506125 0.229275384375 0.5551663046875001 0.2373231359375 0.5586228984375 0.2509330296875 0.5567468875 0.2564951734375 0.5514142828125 0.2582043609375 0.543568834375 0.2567906390625 0.53995878125 0.24908472656249997 0.534933096875 0.2385977421875 0.5325737171875 0.22674340625 0.53649069375 0.223962334375 0.539156996875 0.22225314531249998 0.5470024437500001
0 0.39725795937499997 0.410253703125 0.395890609375 0.416530059375 0.4008154515625 0.4242220453125 0.410618759375 0.42971960468750003 0.4214475828125 0.43050989531250006 0.4284234484375 0.42878734375 0.43154635625 0.42455195156250003 0.4329137078125 0.41827559531249997 0.42833070624999997 0.4090145203125 0.42447775 0.406501678125 0.4118933671875 0.40367042187499996 0.40003903281250003 0.4075874 0.39725795937499997 0.410253703125
0 0.2934308578125 0.3111786546875 0.29484458125 0.3147887109375 0.300453096875 0.3193425171875 0.3126956421875 0.3237428640625 0.32386630156249996 0.322964065625 0.3290866078125 0.3192005484375 0.3304539578125 0.312924190625 0.3276265140625 0.3057040828125 0.3202624375 0.299109309375 0.30767805625 0.296278053125 0.303141425 0.296903390625 0.295481884375 0.3017641203125 0.2934308578125 0.3111786546875
0 0.46524915624999996 0.23955286875 0.465979203125 0.24630110312500003 0.47090404374999995 0.2539930890625 0.47475700156249995 0.25650592968749997 0.4831465875 0.2583934328125 0.49221985156250003 0.2571427609375 0.49778199531249995 0.251810153125 0.49983302187499995 0.24239561874999999 0.49666373906250005 0.2367445984375 0.49281078125000005 0.23423175624999998 0.478129003125 0.230928625 0.468713903125 0.23374838750000002 0.46524915624999996 0.23955286875
0 0.6722713875 0.228519215625 0.6782217390625 0.23150393125000002 0.6890505625000001 0.23229422500000002 0.701246734375 0.2268081578125 0.70471148125 0.221003675 0.703297759375 0.21739362187500003 0.694178125 0.2087578828125 0.6773989499999999 0.204982875 0.6673001734375 0.21094081718750002 0.6652491484375 0.220355353125 0.6666628703125 0.223965409375 0.6722713875 0.228519215625
2 0.2485918703125 0.35540858750000004 0.252444825 0.3579214296875 0.2692240015625 0.36169643906250004 0.2737606328125 0.3610711015625 0.2789809390625 0.357307584375 0.282057478125 0.3431857796875 0.2764489609375 0.338631971875 0.2596697859375 0.3348569640625 0.25303575624999997 0.3350104265625 0.24571805468750002 0.3383020671875 0.2436670296875 0.34771660312499997 0.2485918703125 0.35540858750000004
2 0.3120874765625 0.417427840625 0.310720125 0.42370419843749996 0.317400525 0.43343714999999994 0.32125348125 0.435949990625 0.33383786249999997 0.438781246875 0.340813728125 0.43705869843749995 0.3488151078125 0.4306288796875 0.3487687359375 0.42074246718749997 0.34525761718750003 0.41666053593749997 0.33545430781249996 0.41116297656249995 0.3312595140625 0.41021922499999997 0.3176496203125 0.4120952375 0.3120874765625 0.417427840625
2 0.3993725921875 0.339951603125 0.394835959375 0.340576940625 0.385079021875 0.34496579375 0.383027996875 0.3543803296875 0.3879528375 0.3620723140625 0.39180579375 0.36458515625 0.40648757343749997 0.36788828906250004 0.413463440625 0.3661657375 0.41902558437500004 0.36083313437500003 0.42005109531249996 0.35612586562500004 0.4189792109375 0.35094672031249996 0.41371253281250003 0.34482382500000003 0.40776217968750006 0.3418391078125 0.3993725921875 0.339951603125
2 0.39927984843750003 0.320178778125 0.40210729062499995 0.32739888906250003 0.40771580781249994 0.3319526953125 0.419958353125 0.33635304062500004 0.4244949828125 0.335727703125 0.432154521875 0.330866975 0.43596110781249997 0.32349340312499997 0.4352310609375 0.3167451703125 0.42996438281250005 0.310622275 0.4131852078125 0.306847265625 0.40377010625 0.30966702968750004 0.4009890359375 0.31233333124999996 0.39927984843750003 0.320178778125
2 0.40779664687499995 0.20029115625 0.40399006562500006 0.207664728125 0.412426021875 0.21943864531249999 0.416278978125 0.22195148593749997 0.4288633609375 0.22478274374999999 0.4382784609375 0.22196297812500002 0.44140137187499995 0.2177275859375 0.443110559375 0.209882140625 0.4420386734375 0.2047029953125 0.43852755625000006 0.2006210640625 0.4262850125 0.19622071875 0.4130169546875 0.19652764218750002 0.40779664687499995 0.20029115625
2 0.2979264484375 0.0784585671875 0.29655909999999996 0.08473492656250001 0.3032395015625 0.0944678765625 0.3109454125 0.099493559375 0.3172376046875 0.10090918906249999 0.3284082625 0.1001303890625 0.3332867328125 0.0979359640625 0.33640964218749997 0.093700571875 0.336363271875 0.0838141578125 0.3272436359375 0.075178421875 0.3146592515625 0.072347165625 0.30558599062499997 0.0735978390625 0.2979264484375 0.0784585671875
2 0.6490900421875 0.27432972968749997 0.6466971781249999 0.2853133546875 0.65196385625 0.2914362515625 0.6579142109375 0.29442096875 0.6663037984375 0.2963084734375 0.6774744593750001 0.295529675 0.6830366031249999 0.2901970671875 0.684745790625 0.282351621875 0.6798209484375 0.2746596359375 0.6759679937499999 0.27214679375 0.6591888171875 0.2683717859375 0.6518711140625 0.27166342656250003 0.6490900421875 0.27432972968749997
2 0.608243125 0.3507317390625 0.6159490375 0.35575742187500003 0.6243386265625 0.3576449265625 0.6334118890625 0.3563942515625 0.6393158703124999 0.34949255625000003 0.6410250578125 0.3416471109375 0.636100215625 0.333955125 0.628052465625 0.33049853125 0.6126870125 0.33033357812499997 0.6071248687499999 0.3356661828125 0.60507384375 0.34508071875 0.608243125 0.3507317390625
2 0.5792796796874999 0.503877159375 0.5824489609375 0.509528178125 0.58630191875 0.512041021875 0.592252271875 0.5150257390624999 0.600641859375 0.5169132421875 0.610398796875 0.512524390625 0.6166446156250001 0.5040536062500001 0.6120616125 0.49479253125 0.60820865625 0.4922796890625 0.5935268781249999 0.48897655625 0.5841117765625 0.491796321875 0.5813307046875 0.494462621875 0.5792796796874999 0.503877159375
2 0.431419146875 0.5463270765625 0.43283286875 0.54993713125 0.4384413828125 0.5544909390625 0.446489134375 0.557947534375 0.455220559375 0.5582659484375 0.46253826406250004 0.5549743078125 0.46531933593749997 0.55230800625 0.467370359375 0.54289346875 0.4606899609375 0.53316051875 0.450202975 0.5308011390625 0.44356894531249996 0.5309546 0.43381200781249996 0.535343453125 0.431419146875 0.5463270765625