1 0.3480649421875 0.680246178125 0.34566836093750003 0.6772443234375001 0.338934546875 0.6747385234375 0.33242869375 0.67548260625 0.328205440625 0.677603603125 0.31793225937499997 0.6869684453125 0.3140509484375 0.6939642609375001 0.3106255625 0.7074598437499999 0.31119546875 0.7155845484375 0.31370603125 0.7202113421874999 0.3182712265625 0.7229651703125 0.33128293124999997 0.7214770046875 0.33550618593750003 0.7193560078125001 0.34543742499999996 0.70511634375 0.3490907734375 0.6948706437500001 0.3480649421875 0.680246178125
1 0.3923372390625 0.8127727640625 0.3875440796875 0.8067690546874999 0.378641646875 0.804511284375 0.367912540625 0.8073763625 0.3599219578125 0.8181181171875 0.356268609375 0.8283638156249999 0.357864346875 0.8511129875 0.3648261234375 0.85686866875 0.369277340625 0.8579975531249999 0.3757831921875 0.8572534718749999 0.38617035624999996 0.849513571875 0.390165646875 0.84414269375 0.39381899531250003 0.8338969921875 0.39518974375 0.82227438125 0.3923372390625 0.8127727640625
1 0.48764540468749995 0.769112709375 0.47120831250000006 0.7840964546875 0.46938163906249997 0.7892193062499999 0.47200618125 0.7954710421875 0.48102259375 0.79935375625 0.5025947890625 0.7952485375 0.51526455 0.78888555 0.5275923687499999 0.777647740625 0.52668051875 0.7646482140625 0.5198327234375 0.760517475 0.5046524015625 0.7622536671875 0.48764540468749995 0.769112709375
1 0.4425752375 0.6252115390624999 0.43595540312500003 0.62433068125 0.40993199375 0.6273070093750001 0.40137150625 0.6299240609375001 0.3908703609375 0.6360390203125 0.38892970625 0.63953693125 0.38938563125000003 0.6460366921875 0.394178790625 0.6520404015625 0.39863000625 0.6531692859375 0.40958707656250004 0.6535540906249999 0.424767396875 0.651817896875 0.44394301093750005 0.644710828125 0.4501069203125 0.6390919234375 0.4494230328125 0.629342278125 0.4425752375 0.6252115390624999
1 0.3985249515625 0.5581786390625 0.3921330796875 0.5605476609375 0.37740868125000004 0.56878361875 0.3651948453125 0.58164636875 0.3655367890625 0.586521190625 0.372498565625 0.592276871875 0.385624253125 0.5924136453125 0.40069059375 0.5890525140625 0.417469628125 0.578943590625 0.42351955625000004 0.5716997453125 0.42283566875 0.5619500984375 0.4159878734375 0.557819359375 0.3985249515625 0.5581786390625
1 0.3300499671875 0.48574933906249995 0.3192068796875 0.4869894765625 0.3128150078125 0.4893584984375 0.309047678125 0.49797925625 0.30961758437500003 0.5061039625 0.31703528593749997 0.5183594046875 0.32856226093749996 0.5268689125 0.3330134765625 0.5279977984374999 0.343970546875 0.5283826015625 0.3481937984375 0.5262616062500001 0.3543577078125 0.5206427015624999 0.353331878125 0.5060182328125 0.34602815625 0.49538772968749994 0.3300499671875 0.48574933906249995
1 0.48789419375 0.554509275 0.46620801875 0.5569895484375 0.45764752968750005 0.5596066000000001 0.440982478125 0.5713404640624999 0.43710116718750003 0.5783362828125 0.43755709062500003 0.584836046875 0.44223627031249996 0.5892148140625 0.44885610312499996 0.590095671875 0.4662050421875 0.5881114515625 0.4852666765625 0.5793794421875 0.49542587656250003 0.568389659375 0.49474198906250005 0.5586400140625 0.49234540937500004 0.555638159375 0.48789419375 0.554509275
1 0.5688258546875 0.46171619374999995 0.5555861875 0.45995447812499995 0.5490803343749999 0.4606985609375 0.5448570796875 0.4628195546875 0.5388071515624999 0.4700634015625 0.5394910390625001 0.47981304687500004 0.5487354156250001 0.486945640625 0.5688228796875 0.4928380953125 0.5841171828125 0.49272684531250005 0.592563690625 0.48848485156250004 0.5942763828125 0.4817370625 0.5915378609374999 0.4738603859375 0.5891412796875 0.47085853125000005 0.5800108859375 0.4653508796875 0.5688258546875 0.46171619374999995
1 0.430841128125 0.39559883125 0.41760146093749995 0.393837115625 0.39374666875000003 0.39656541875 0.387354796875 0.398934440625 0.38119088749999996 0.4045533453125 0.37947819531250004 0.4113011375 0.3821027375 0.417552871875 0.38895053281249997 0.4216836125 0.40219020156249996 0.42344532968750004 0.42399035781250005 0.4225899953125 0.43471946250000004 0.4197249171875 0.44099735312500005 0.4157309515625 0.442938009375 0.41223304218749995 0.442254121875 0.40248339843750003 0.430841128125 0.39559883125
1 0.572923225 0.5824578671875 0.568813953125 0.586203803125 0.5650466234375 0.5948245625 0.567899128125 0.6043261796875 0.590725115625 0.6180953109375 0.59517633125 0.6192241984375 0.6081880359375 0.6177360328125 0.6143519453125 0.612117128125 0.6160646375 0.6053693390625 0.6063643375 0.5917369796874999 0.5971199609375 0.5846043859375001 0.5837663125 0.58121773125 0.572923225 0.5824578671875
1 0.30604854375 0.4881012953125 0.309267371875 0.5339896234375 0.355827590625 0.5286644734375 0.3526087625 0.4827761453125 0.30604854375 0.4881012953125
1 0.3063843625 0.67644661875 0.3099041 0.7266247890625 0.35264755000000003 0.7217361671875 0.3491278125 0.6715579968750001 0.3063843625 0.67644661875
1 0.35283457500000004 0.8069878578124999 0.3566894171875 0.8619433546874999 0.3968738984375 0.8573474046875 0.39301905625 0.8023919078124999 0.35283457500000004 0.8069878578124999
1 0.4657069390625 0.7661264265625001 0.4682886125 0.8029313359374999 0.53078816875 0.7957831828125 0.5282064953125001 0.7589782734375 0.4657069390625 0.7661264265625001
1 0.3625979171875 0.561141075 0.365078146875 0.5964997859375 0.42631990625 0.5894954890624999 0.42383967499999997 0.554136778125 0.3625979171875 0.561141075
1 0.38789838906249996 0.6285739687499999 0.38991015625 0.6572541734375 0.4524097125 0.6501060203125 0.4503979453125 0.6214258171875 0.38789838906249996 0.6285739687499999
1 0.4357579125 0.559030746875 0.43817203437499996 0.5934469921875001 0.497483721875 0.5866634390625001 0.49506960156249996 0.55224719375 0.4357579125 0.559030746875
1 0.5640559625 0.5824155328125 0.566972740625 0.623997765625 0.6180003125 0.618161678125 0.615083534375 0.5765794453125 0.5640559625 0.5824155328125
1 0.5376379671875 0.46258871875 0.5402196406249999 0.499393628125 0.5957145640625 0.4930466046875 0.593132890625 0.45624169375 0.5376379671875 0.46258871875
1 0.37753115312499996 0.39803508125 0.37964322500000003 0.42814523437499996 0.44533064843750003 0.42063248125 0.44321857812500004 0.3905223296875 0.37753115312499996 0.39803508125
2 0.31049649218750003 0.6249041875 0.3123065140625 0.6507082484375 0.34739474375 0.6466951640625 0.3455847234375 0.6208911031250001 0.31049649218750003 0.6249041875
2 0.3684574890625 0.7362995453125001 0.3704692578125 0.76497975 0.40746587187500005 0.7607484015625 0.40545410468750004 0.7320681953125 0.3684574890625 0.7362995453125001
2 0.2722993609375 0.48377953749999997 0.2743111296875 0.5124597421875 0.3081198765625 0.50859299375 0.306108109375 0.4799127890625 0.2722993609375 0.48377953749999997
2 0.3050635015625 0.44678951875 0.3069077171875 0.4730810609375 0.34199594843750003 0.4690679765625 0.3401517328125 0.44277643437499997 0.3050635015625 0.44678951875
2 0.3460920609375 0.4358399609375 0.34790208125 0.4616440203125 0.38043134375 0.45792360781249997 0.37862132187499997 0.432119546875 0.3460920609375 0.4358399609375
2 0.382046578125 0.42594573750000003 0.383991096875 0.45366722812500004 0.417149259375 0.44987488750000004 0.415204740625 0.42215339687500003 0.382046578125 0.42594573750000003
2 0.4740069328125 0.4260258265625 0.47608595 0.45566474843749993 0.5105235953125 0.4517260703125 0.508444578125 0.42208715 0.4740069328125 0.4260258265625
2 0.52338205625 0.6443884609375 0.525226271875 0.670680003125 0.5603145046875 0.6666669171875 0.5584702890625 0.640375375 0.52338205625 0.6443884609375
2 0.5533397671875 0.6770877421875 0.5550164296875 0.7009906203125 0.588174590625 0.69719828125 0.586497928125 0.6732954015625 0.5533397671875 0.6770877421875
2 0.552306221875 0.7909061187499999 0.554250740625 0.8186276109374999 0.59059676875 0.81447066875 0.58865225 0.7867491796875 0.552306221875 0.7909061187499999
0 0.2442383171875 0.734601890625 0.246250084375 0.763282096875 0.28580566875 0.7587580765624999 0.2837939015625 0.73007786875 0.2442383171875 0.734601890625
0 0.5209184921875 0.5541064765625 0.52276270625 0.5803980171875 0.5578509375 0.5763849328124999 0.556006721875 0.5500933921875 0.5209184921875 0.5541064765625
0 0.5296436875 0.5776782203125 0.5314537078125 0.6034822796875 0.565262453125 0.59961553125 0.5634524328125 0.5738114703125 0.5296436875 0.5776782203125
0 0.55451780625 0.538216359375 0.556294771875 0.5635491859374999 0.588824034375 0.5598287734375 0.58704706875 0.534495946875 0.55451780625 0.538216359375
0 0.5858185203125 0.443589509375 0.587628540625 0.46939357031249995 0.6207867015625 0.465601228125 0.6189766796875 0.43979716875 0.5858185203125 0.443589509375
0 0.264283753125 0.7324157375 0.25583724375 0.7366577296875 0.24773267968749998 0.7457745453125 0.24830258593750001 0.7538992484375 0.2551503828125 0.7580299875 0.26839005 0.7597917046875 0.279005175 0.7553016859375 0.285169084375 0.74968278125 0.28688177656249997 0.7429349890625 0.284257234375 0.7366832546875 0.2796920359375 0.7339294265625 0.2686209859375 0.7319196828125001 0.264283753125 0.7324157375
0 0.539710075 0.5764286359375 0.5354868234375 0.57854963125 0.5293229125 0.584168534375 0.5300068 0.5939181796875 0.536968578125 0.5996738609375 0.54141979375 0.600802746875 0.5566001171875 0.599066553125 0.5649326421875001 0.5931996234375 0.566873296875 0.5897017124999999 0.566417371875 0.5832019500000001 0.557172996875 0.57606935625 0.55272178125 0.5749404703125001 0.539710075 0.5764286359375
0 0.5211073421875 0.56053850625 0.5216772484375001 0.568663209375 0.5309216250000001 0.575795803125 0.548270565625 0.5738115828125 0.55454845625 0.5698176187499999 0.5584297640625 0.5628218031250001 0.558201803125 0.5595719203125 0.5510120625 0.5505663578125 0.5314945062499999 0.5527986046875 0.5272712515625 0.5549196015625 0.5211073421875 0.56053850625
0 0.5762376046875 0.5362154421875001 0.5632259000000001 0.5377036078125 0.559002646875 0.539824603125 0.5529527187500001 0.5470684484375 0.5532946625 0.551943271875 0.558087821875 0.5579469796875001 0.5626530187500001 0.5607008046875 0.5671042359375 0.5618296921875 0.577947321875 0.56058955625 0.58639383125 0.5563475625 0.5883344859374999 0.552849653125 0.5876505984375 0.5431000078125 0.580688821875 0.537344328125 0.5762376046875 0.5362154421875001
0 0.5959920515625 0.44386736875 0.5917687968750001 0.4459883640625 0.5856048890625 0.45160727031250003 0.5861747937499999 0.45973197499999996 0.593136571875 0.46548765468750003 0.5975877875 0.4666165390625 0.6105994921875 0.46512837500000004 0.6148227453125 0.4630073796875 0.625095928125 0.45364253750000005 0.6247539843750001 0.44876771406250004 0.6223574046875 0.4457658609375 0.613340990625 0.4418831484375 0.5959920515625 0.44386736875
2 0.3243300796875 0.622355615625 0.317938209375 0.6247246390625001 0.31188828125 0.631968484375 0.3101755890625 0.6387162765625 0.31280013125 0.6449680109375 0.32181654531250004 0.6488507234374999 0.341334103125 0.646618475 0.345443375 0.6428725390625 0.349210703125 0.6342517812499999 0.348982740625 0.6310019 0.3440756015625 0.62337325 0.33517316875000003 0.621115478125 0.3243300796875 0.622355615625
2 0.28188445624999997 0.48470617968749996 0.27377989375 0.49382299375 0.27434979843749996 0.5019476968750001 0.276746378125 0.504949553125 0.2857627921875 0.5088322640625 0.30311173125 0.5068480453124999 0.3072210046875 0.50310210625 0.308933696875 0.49635431875 0.308249809375 0.486604671875 0.30368461406249997 0.48385084687499996 0.2926135640625 0.48184110156250004 0.28188445624999997 0.48470617968749996
2 0.30996547812499997 0.44873497812499996 0.3060841671875 0.455730796875 0.3066540734375 0.46385550000000003 0.31133325312500004 0.46823426875 0.320235684375 0.47049204062500005 0.331078771875 0.46925190156249996 0.33941129999999997 0.46338496874999996 0.343292609375 0.45638915156250004 0.33838546875 0.44876050312500004 0.3292550734375 0.44325285000000003 0.31624336875000003 0.4447410140625 0.30996547812499997 0.44873497812499996
2 0.3467179953125 0.4428935703125 0.345119284375 0.451266303125 0.35219504218750003 0.4586469234375 0.3566462578125 0.45977580937500007 0.376163815625 0.4575435625 0.386436996875 0.4481787203125 0.38130189531249997 0.4373001890625 0.365779628125 0.434161559375 0.359273775 0.4349056421875 0.35082726875 0.4391476328125 0.3467179953125 0.4428935703125
2 0.3894064578125 0.42818337656249994 0.38130189531249997 0.4373001890625 0.38175781875000003 0.443799953125 0.386550978125 0.4498036609375 0.39545341093749997 0.45206143125000003 0.408465115625 0.4505732671875 0.41268836875000003 0.4484522734375 0.41668366093750003 0.4430813953125 0.41782644687500003 0.4282089 0.41542986718749997 0.42520704531250003 0.3936297125 0.42606237968749994 0.3894064578125 0.42818337656249994
2 0.55088915625 0.642307125 0.5399320890625 0.641922321875 0.533540215625 0.6442913453125 0.5253216703125 0.6517832171875 0.523494996875 0.6569060671875 0.523722959375 0.6601559499999999 0.52851611875 0.6661596578125 0.53970115 0.6697943421875 0.5462070015625 0.669050259375 0.556822128125 0.664560240625 0.5609314015625 0.6608143046875 0.5601335328125 0.64943971875 0.5577369515624999 0.6464378640625 0.55088915625 0.642307125
2 0.496238621875 0.42415473124999997 0.48117228125 0.42751586562500005 0.475236334375 0.4363846515625 0.473523640625 0.4431324421875 0.47592022187499994 0.44613429687500006 0.48505061562499996 0.45164194999999996 0.5002309375 0.44990575625 0.5044541921875 0.4477847625 0.5085634640625 0.44403882499999997 0.5103901375000001 0.4389159734375 0.5100481953125 0.4340411515625 0.505255034375 0.42803744374999997 0.496238621875 0.42415473124999997
2 0.3824149265625 0.7336467203125 0.37819167343750004 0.735767715625 0.372027765625 0.7413866203125 0.3682604359375 0.7500073796875 0.3731675765625 0.7576360296875 0.38435260625 0.7612707140625 0.3951956953125 0.7600305765625001 0.403642203125 0.7557885843750001 0.40569683906250004 0.7539156171875 0.4070675875 0.742293003125 0.39987784843749996 0.7332874406250001 0.3932580140625 0.7324065828124999 0.3824149265625 0.7336467203125
2 0.5634300609375 0.789928709375 0.5552115140625 0.79742058125 0.553270859375 0.8009184906250001 0.5561233640625 0.8104201078125 0.5630851406249999 0.8161757890624999 0.5783794453125 0.8160645359375 0.58876660625 0.8083246374999999 0.5907072624999999 0.804826728125 0.5877407765625 0.7937001687499999 0.5853441968750001 0.790698315625 0.574159165625 0.78706363125 0.5634300609375 0.789928709375
2 0.5726863359375 0.67257369375 0.566180484375 0.6733177765625 0.56195723125 0.6754387703125 0.553852665625 0.684555584375 0.554308590625 0.6910553484374999 0.556819153125 0.69568214375 0.5613843484375 0.6984359687499999 0.5724554000000001 0.7004457125 0.5767926343750001 0.6999496578125 0.5852391421875 0.6957076671875 0.5912890703125 0.688463821875 0.5909471265625 0.6835889984375 0.5860399843749999 0.67596035 0.5726863359375 0.67257369375