1 0.323983521875 0.2099756671875 0.3296334265625 0.204035921875 0.330101359375 0.1972095171875 0.327270621875 0.1875165375 0.3225565828125 0.17980346875 0.3074786 0.1703170828125 0.29711465625 0.1685437609375 0.28455545312499997 0.17330129218749998 0.278905546875 0.1792410390625 0.2767102921875 0.185771890625 0.27796968125 0.19289384999999998 0.2858264140625 0.205748959375 0.290852409375 0.20891108906250003 0.3150349453125 0.2130488375 0.323983521875 0.2099756671875
1 0.4078887921875 0.3371379609375 0.4097720921875 0.3351580453125 0.41055198125 0.323780703125 0.40913661250000005 0.3189342109375 0.4014358578125 0.303803634375 0.391695825 0.29292843749999997 0.3764618625 0.28571751875 0.3711239140625 0.28710632812500003 0.367357309375 0.2910661578125 0.36657742187500003 0.3024435 0.3694081578125 0.3121364828125 0.3805635609375 0.3278581671875 0.3904595734375 0.33645789375 0.40427816562499996 0.338822321875 0.4078887921875 0.3371379609375
1 0.525780053125 0.2744320703125 0.526871896875 0.2585037921875 0.5240411609375 0.24881081093750002 0.5193271203125 0.2410977453125 0.5088071984375 0.2415998921875 0.50142996875 0.24724408437499998 0.4973514109375 0.25575485 0.49186905156250005 0.284744834375 0.494387834375 0.2989887515625 0.500829196875 0.306997371875 0.506167146875 0.30560856406250003 0.519350259375 0.2917491578125 0.521389540625 0.287493775 0.525780053125 0.2744320703125
1 0.5329147437499999 0.42529305937500006 0.528200703125 0.41757999375 0.518148715625 0.41125573437499996 0.507784771875 0.40948241406249997 0.495381546875 0.4119644765625 0.48612101562500004 0.4195885828125 0.4836138046875 0.43067037187499996 0.4848731953125 0.43779232968750004 0.492885903125 0.448371971875 0.5101591453125 0.4513275078125 0.5208350453125 0.4485498921875 0.531978878125 0.43894587031250004 0.5329147437499999 0.42529305937500006
1 0.6671896578125 0.48049834531249996 0.6766061671875 0.4705987703125 0.68099668125 0.45753706562499996 0.682556459375 0.4347823796875 0.6812970671875 0.42766042187500003 0.6767390062499999 0.41767188749999995 0.6734403375 0.41480531093749995 0.6646477375 0.4156030125 0.6591538109374999 0.41926728906250005 0.6528799937499999 0.4343089078125 0.65037278125 0.445390696875 0.649124959375 0.4635944453125 0.651955696875 0.4732874265625 0.6550983890625 0.4784294703125 0.6635790328125 0.48218270781249994 0.6671896578125 0.48049834531249996
1 0.5849598609375 0.5838384375000001 0.585583771875 0.5747365640625001 0.5843243796875 0.5676146046875 0.57615569375 0.5593104328125 0.567519075 0.557832665625 0.5582585421874999 0.5654567703125 0.548218121875 0.5844582203125 0.5452429765625 0.6023664156249999 0.5480737140625 0.6120593953125 0.55482703125 0.6155170765625 0.5618923062500001 0.6144238234375 0.5691135578125001 0.6110551 0.5728801609375 0.607095271875 0.5849598609375 0.5838384375000001
1 0.5560285765625 0.49601050156250004 0.56057506875 0.4806733296875 0.5616669125 0.46474505 0.5605634984375001 0.4553476234375 0.5575767843749999 0.4479301109375 0.5542781125 0.445063534375 0.5439141703125 0.4432902140625 0.54030354375 0.444974575 0.5363809609375 0.45120987343749996 0.5299511671875 0.468526959375 0.528703346875 0.486730709375 0.532793475 0.5035456484374999 0.5360921453125 0.5064122249999999 0.5430014421875 0.5075944375 0.5560285765625 0.49601050156250004
1 0.45478664531249996 0.5707737984375 0.453371275 0.5659273078125 0.44017659374999996 0.5544610078125001 0.41913674843750004 0.5554653015625 0.4100321953125 0.560813940625 0.40610961406249996 0.5670492390625 0.405017771875 0.58297751875 0.4064331390625 0.587824009375 0.4097318109375 0.5906905828125 0.43391434687499997 0.59482833125 0.4445902484375 0.5920507171875 0.45385077812499997 0.5844266109375 0.45478664531249996 0.5707737984375
1 0.4000667671875 0.4002599703125 0.399587265625 0.38176066875000003 0.394873225 0.3740476015625 0.3881199078125 0.3705899203125 0.381054634375 0.371683175 0.3719500796875 0.3770318125 0.3600263578125 0.3980131765625 0.35877853593750003 0.41621692499999996 0.3652199 0.42422554375 0.3738565203125 0.42570331093749997 0.3882990234375 0.41896586718749995 0.3959882078125 0.4087707390625 0.4000667671875 0.4002599703125
1 0.21008425625 0.4184005 0.21086414531250003 0.4070231578125 0.2092928 0.40445213593749996 0.20442278281249998 0.3990145390625 0.19437079375 0.3926902796875 0.1805522 0.390325853125 0.1643823734375 0.3967677453125 0.15873246875 0.402707490625 0.1577966015625 0.4163603 0.162510640625 0.4240733671875 0.1708353046875 0.43010207031250003 0.186381221875 0.432762053125 0.20255105 0.426320159375 0.21008425625 0.4184005
1 0.5302689390624999 0.242981453125 0.49283782499999995 0.23657680937499997 0.488107021875 0.30559176875 0.5255381359375 0.3119964140625 0.5302689390624999 0.242981453125
1 0.33344935000000003 0.17398958125 0.2752903484375 0.16403829375 0.2722753 0.20802310156249998 0.33043430156250003 0.21797438750000003 0.33344935000000003 0.17398958125
1 0.4150424265625 0.2923073296875 0.36552004375 0.2838338109375 0.3619840296875 0.3354186828125 0.4115064125 0.3438922015625 0.4150424265625 0.2923073296875
1 0.5337555218750001 0.4131549125 0.48423314062499995 0.40468139374999995 0.481218090625 0.4486662 0.5307404734375 0.45713971875 0.5337555218750001 0.4131549125
1 0.56363995 0.4443747421875 0.530820790625 0.4387592265625 0.526245965625 0.5054987171875001 0.5590651234374999 0.511114234375 0.56363995 0.4443747421875
1 0.6843735171875001 0.4166875421875 0.6498270359375 0.41077647187500005 0.6450962328125 0.4797914328125 0.6796427140625 0.485702503125 0.6843735171875001 0.4166875421875
1 0.588463828125 0.5583430328125 0.54757806875 0.5513472828125 0.5432621656250001 0.6143094953125 0.584147925 0.621305246875 0.588463828125 0.5583430328125
1 0.45744041874999997 0.5574264421875 0.405050678125 0.5484623046875 0.40203562968749995 0.592447109375 0.4544253703125 0.6014112468749999 0.45744041874999997 0.5574264421875
1 0.2141582421875 0.393002628125 0.1565865296875 0.3831518296875 0.1535184484375 0.4279102953125 0.21109016249999998 0.43776109375 0.2141582421875 0.393002628125
0 0.36205140625 0.2663654984375 0.33211688125 0.26124355625 0.3295167328125 0.299175615625 0.3594512578125 0.304297559375 0.36205140625 0.2663654984375
0 0.4751732234375 0.519769984375 0.4504206703125 0.5155347031249999 0.44776904999999995 0.5542176671875 0.47252160312499997 0.5584529484375 0.4751732234375 0.519769984375
0 0.44993874375000004 0.505483903125 0.42173154375 0.5006575140625 0.419079921875 0.5393404796875 0.4472871234375 0.5441668671875 0.44993874375000004 0.505483903125
0 0.49262644218749996 0.5626757171875 0.46441923906250004 0.5578493296875 0.4620795734375 0.5919813546875 0.4902867765625 0.5968077453125 0.49262644218749996 0.5626757171875
0 0.5956012937499999 0.6155987921875 0.5691214140625 0.6110679546875 0.5667302765625 0.6459508875 0.59321015625 0.6504817218750001 0.5956012937499999 0.6155987921875
2 0.2700501484375 0.2659790265625 0.24471030468750002 0.2616432578125 0.2424221109375 0.2950243796875 0.26776195625 0.29936015 0.2700501484375 0.2659790265625
2 0.48197241875 0.39508594375 0.45203789375000003 0.3899640015625 0.44964675468750004 0.4248469359375 0.47958128125000005 0.42996887812500006 0.48197241875 0.39508594375
2 0.451724296875 0.4029520640625 0.42465712812499995 0.398320740625 0.422161484375 0.4347282375 0.44922865468750006 0.439359559375 0.451724296875 0.4029520640625
2 0.42268417343750003 0.41027667812499996 0.39216235625 0.4050542484375 0.3896667140625 0.44146174374999997 0.4201885296875 0.446684175 0.42268417343750003 0.41027667812499996
2 0.30942534374999997 0.422356521875 0.280060834375 0.4173321109375 0.27746068749999997 0.455264171875 0.30682519531249997 0.46028857968750003 0.30942534374999997 0.422356521875
2 0.290030084375 0.4504853640625 0.261235590625 0.44555848749999993 0.25863544374999997 0.48349054531249996 0.2874299359375 0.48841742187500004 0.290030084375 0.4504853640625
2 0.2374379796875 0.495207434375 0.20864348906250002 0.49028055625 0.2061478453125 0.5266880546875 0.23494233593749997 0.53161493125 0.2374379796875 0.495207434375
2 0.6002491171875 0.462897734375 0.5731819484375 0.4582664125 0.57084228125 0.49239843906249997 0.5979094515625001 0.4970297640625 0.6002491171875 0.462897734375
2 0.569594459375 0.5106021875 0.54079996875 0.5056753109375001 0.5384603046875001 0.5398073375 0.5672547953125 0.5447342140625 0.569594459375 0.5106021875
2 0.5328112593750001 0.5373213359375 0.50460405625 0.5324949453125 0.5022643921875 0.5666269749999999 0.5304715953125 0.5714533625 0.5328112593750001 0.5373213359375
0 0.3601360578125 0.29443488125 0.3610719234375 0.2807820703125 0.3596565546875 0.275935578125 0.35164384531250004 0.26535593749999997 0.3430072265625 0.2638781703125 0.3393966 0.26556253124999996 0.335629996875 0.2695223625 0.3334347390625 0.2760532140625 0.33265485 0.28743055625 0.33407021875 0.2922770484375 0.3405115828125 0.3002856671875 0.35260285156250004 0.302354540625 0.358096778125 0.2986902640625 0.3601360578125 0.29443488125
0 0.44973751249999994 0.51696025625 0.44345212500000003 0.50667616875 0.4330881796875 0.5049028484375 0.429477553125 0.506587209375 0.42178837031249994 0.5167823375 0.421164459375 0.5258842125000001 0.42399519531249996 0.5355771921875 0.42886521406250006 0.541014790625 0.437501834375 0.5424925578125 0.4447230859375 0.539123834375 0.4508409234375 0.526357684375 0.44973751249999994 0.51696025625
0 0.4734521140625 0.527924409375 0.46858209687499996 0.5224868125000001 0.4582181546875 0.5207134921875001 0.45068494687499994 0.528633153125 0.44943712500000005 0.5468369 0.4541511640625 0.5545499656249999 0.45744983437500003 0.5574165421874999 0.4660864546875 0.5588943093750001 0.4715803828125 0.555230034375 0.4756589421875 0.546719265625 0.476282853125 0.5376173921875 0.4734521140625 0.527924409375
0 0.4901130125 0.5653075265624999 0.48021700312500004 0.5567078000000001 0.47315172812500006 0.5578010546875001 0.4675018234375 0.5637407999999999 0.46546254375 0.5679961828125 0.4645266765625 0.58164899375 0.4690847390625 0.5916375296874999 0.47238341093749997 0.5945041046874999 0.482747353125 0.596277425 0.4902805625 0.588357765625 0.4915283828125 0.5701540171875 0.4901130125 0.5653075265624999
0 0.59424353125 0.62686574375 0.58968546875 0.6168772109375 0.5863867984375 0.6140106359375 0.5777501796875 0.6125328671875 0.5702169703125 0.620452528125 0.5691251281249999 0.6363808078125001 0.570540496875 0.6412272984375 0.5736831890625 0.6463693421875 0.5802805296875 0.65210249375 0.5873458046875 0.6510092375000001 0.5950349890625 0.6408141078125 0.59424353125 0.62686574375
2 0.2721985078125 0.277086184375 0.2659131203125 0.2668020953125 0.2626144515625 0.2639355203125 0.25397783125 0.26245775312499997 0.246600603125 0.26810194374999996 0.24456132187500002 0.272357328125 0.2436254546875 0.2860101390625 0.24645619375 0.2957031203125 0.24975486406249997 0.2985696953125 0.2653007796875 0.3012296765625 0.2671840828125 0.2992497625 0.2711066625 0.2930144640625 0.2721985078125 0.277086184375
2 0.48014758437499994 0.4047535578125 0.47543354843749996 0.39704049218750004 0.470407553125 0.3938783625 0.46349825625 0.3926961484375 0.4581603078125 0.39408495781249997 0.4523544234375 0.4023001703125 0.451574534375 0.41367751249999996 0.45409331562500005 0.42792143281249995 0.47309388124999996 0.43117252031250003 0.4807830671875 0.42097739218749997 0.4815629546875 0.40960005 0.48014758437499994 0.4047535578125
2 0.45298990312500004 0.41852400312500004 0.4517305109375 0.41140204531249996 0.448743796875 0.40398453281249996 0.43492520468749996 0.4016201046875 0.431314578125 0.40330446562500005 0.42754797499999997 0.4072642953125 0.42331343749999994 0.41805053125 0.424416853125 0.4274479578125 0.4307022359375 0.437732046875 0.439338859375 0.43920981562500006 0.4446768078125 0.43782100625 0.45221001562499996 0.4299013453125 0.45298990312500004 0.41852400312500004
2 0.4214301359375 0.42003044687499996 0.4200147671875 0.4151839546875 0.4134174265625 0.40945080625 0.40478080624999996 0.40797303749999997 0.40117018125000004 0.40965739843750004 0.39552027500000003 0.41559714375 0.393169040625 0.42440346562500003 0.3956878234375 0.43864738125 0.4022851625 0.4443805328125 0.409194459375 0.44556274843750004 0.4164157109375 0.44219402499999994 0.42018231406249995 0.43823419374999995 0.4214301359375 0.42003044687499996
2 0.30854172968750004 0.43524704999999997 0.305555015625 0.42782953749999997 0.2989576734375 0.4220963859375 0.2884377515625 0.4225985328125 0.28074856718749996 0.43279366250000006 0.2796567234375 0.44872194218750006 0.28939675781249996 0.45959713750000003 0.296306053125 0.46077935 0.3035273046875 0.457410628125 0.3072939078125 0.453450796875 0.3096451421875 0.44464447656250006 0.30854172968750004 0.43524704999999997
2 0.290656146875 0.46671909375 0.2892407796875 0.4618726046875 0.28295539375 0.45158851718750004 0.2796567234375 0.44872194218750006 0.2727474265625 0.44753972812500004 0.2653701953125 0.45318391875 0.2612916390625 0.4616946859375 0.260667728125 0.4707965609375 0.266797134375 0.483356115625 0.27009580624999996 0.4862226921875 0.2806157296875 0.48572054375 0.2879929578125 0.48007635468750004 0.290656146875 0.46671909375
2 0.235716871875 0.5033618609375 0.2310028328125 0.49564879531250006 0.2259768359375 0.4924866671875 0.215456915625 0.49298881406249995 0.20965103125 0.501204025 0.20840320937499998 0.519407775 0.21484457343750002 0.5274163953125 0.2269358421875 0.52948526875 0.2322737921875 0.5280964609375001 0.23635235 0.5195856937500001 0.2371322390625 0.5082083515625 0.235716871875 0.5033618609375
2 0.5993560859375 0.4757981625 0.5965253484375 0.4661051828125 0.5916553328124999 0.460667584375 0.5830187125 0.45918981875 0.57564148125 0.4648340078125 0.573602203125 0.46908939375 0.5723543828125 0.487293140625 0.5737697500000001 0.49213963281249995 0.5770684203124999 0.49500620624999997 0.5891596890625 0.49707508125000005 0.5965369203125 0.4914308890625 0.5987321765625 0.4849000375 0.5993560859375 0.4757981625
2 0.5671955484375 0.53705789375 0.5681314140625 0.523405084375 0.5668720234375 0.516283125 0.5654566546875001 0.5114366328125 0.562157984375 0.508570059375 0.550066715625 0.506501184375 0.542533509375 0.51442084375 0.540494228125 0.518676228125 0.53987031875 0.5277781015625 0.54270105625 0.5374710828125 0.5458437484374999 0.5426131265625 0.559662340625 0.5449775546875 0.5651562703125 0.541313278125 0.5671955484375 0.53705789375
2 0.53029783125 0.5399531453125 0.525427815625 0.534515546875 0.51506386875 0.5327422265624999 0.5114532453125 0.5344265874999999 0.505491384375 0.54491726875 0.5047114953125 0.5562946125 0.509113578125 0.568558615625 0.5175942203125 0.5723118515625 0.5284261 0.5672587671875 0.53234868125 0.5610234671875001 0.53312856875 0.549646125 0.53029783125 0.5399531453125