1 0.27275329375 0.8318480171875 0.256924659375 0.8186454890625001 0.2506489078125 0.815733359375 0.2441011453125 0.8144522828125 0.23482677343749997 0.8160062890625 0.22719096562500002 0.821249428125 0.22555889843750002 0.8310357515625 0.226925453125 0.8363559390624999 0.23456775937500002 0.84458825625 0.2484858171875 0.8557327062500001 0.2547615671875 0.8586448359375 0.27003968125 0.8616340140625001 0.274948878125 0.8592259578125001 0.2831287078125 0.8507207093750001 0.2836727296875 0.847458603125 0.27275329375 0.8318480171875
1 0.2795145765625 0.7102189265625001 0.26259789843750003 0.7035406156249999 0.2516849625 0.7014054890625 0.24268260000000003 0.7013284390625001 0.2325921953125 0.7077756078124999 0.23177616093750003 0.7126687703125001 0.23696386875000003 0.7221051140625 0.2511539375 0.731618509375 0.25742968906249997 0.734530640625 0.2727078 0.7375198171874999 0.2841647609375 0.7363928375000001 0.29152855781250003 0.732780753125 0.2928886125 0.724625484375 0.2912500484375 0.72093635 0.2795145765625 0.7102189265625001
1 0.31031031875 0.647188946875 0.29693628437499997 0.6327823890625 0.288205934375 0.6310742874999999 0.2835687484375 0.631851290625 0.27865955 0.634259346875 0.27566093125 0.6387254828125 0.273484840625 0.651773915625 0.2759459390625 0.6640453421875 0.2854988203125 0.674335740625 0.289591984375 0.676820846875 0.3026875109375 0.6793829984374999 0.3073246953125 0.6786059953125 0.312777915625 0.6729358296875 0.3149540046875 0.6598873984375 0.31031031875 0.647188946875
1 0.3067091859375 0.5336380765625 0.300705446875 0.5290948921874999 0.2897925078125 0.526959765625 0.2824287125 0.5305718500000001 0.27943009218750003 0.5350379859375 0.27589395 0.5562416875 0.28272021875000003 0.5693671671875 0.2865413734375 0.5734833265625 0.2906345359375 0.57596843125 0.2971823 0.5772495078125 0.30645667187500003 0.5756955015624999 0.31163788124999997 0.5716563906250001 0.3149020125 0.55208374375 0.313535459375 0.5467635546875 0.3067091859375 0.5336380765625
1 0.40764573593750003 0.5365436828125 0.40355257343749995 0.534058578125 0.392639634375 0.5319234500000001 0.3880024484375 0.532700453125 0.3825492296875 0.5383706187499999 0.378741075 0.5612053734375 0.380107628125 0.5665255609375001 0.383384759375 0.5739038265625 0.3915710859375 0.5788740375 0.40248402499999997 0.5810091640625 0.40984782031250006 0.5773970796875 0.41584506093750007 0.56846480625 0.41693310625 0.561940590625 0.4147440203125 0.548038109375 0.40764573593750003 0.5365436828125
1 0.4385389625 0.6756455546875 0.430080621875 0.6723064 0.4167130859375 0.6713753 0.4003469296875 0.6749103390625 0.390528534375 0.6797264515625 0.385075315625 0.6853966171875 0.38371526093749997 0.6935518875 0.3853538265625 0.6972410203125 0.38944698906249997 0.699726125 0.404725103125 0.7027153046875 0.423273846875 0.699607290625 0.4404560375 0.69117909375 0.44399868124999997 0.6834508484375 0.4385389625 0.6756455546875
1 0.565446540625 0.793110178125 0.5520790046874999 0.7921790796875 0.5310756624999999 0.7964911203125 0.525894453125 0.8005302296875 0.5218077890624999 0.8115205828125 0.5316326828125 0.8201799265625 0.5447282078125 0.822742078125 0.5605503421875 0.8224691500000001 0.5790990875 0.8193611375 0.581825696875 0.8165260546875001 0.58564035 0.8071667578125 0.5804526437499999 0.797730409375 0.565446540625 0.793110178125
1 0.5275460187500001 0.831170278125 0.5259074499999999 0.82748114375 0.5201757234375 0.8213069046875001 0.5114453734375 0.8195988046875 0.5046255984375 0.8199487828124999 0.4953512265625 0.8215027875 0.49044202812500004 0.8239108453125 0.485260821875 0.82794995625 0.4765369703125 0.8397173109375 0.47463289062499997 0.8511346874999999 0.4800926109375 0.85893998125 0.49100554843750005 0.8610751078125001 0.50027991875 0.8595211015625001 0.5152795234374999 0.8506658781249999 0.523187340625 0.8437916828124999 0.5275460187500001 0.831170278125
1 0.5533350796875001 0.5684164968750001 0.535874378125 0.56500029375 0.5290546078125 0.5653502718750001 0.5173256359375 0.56810830625 0.50232603125 0.5769635296875 0.49878338906249997 0.584691775 0.5001499421875 0.5900119625 0.5042431078125 0.5924970671875001 0.51952121875 0.5954862453125 0.5377979546875 0.5940092875 0.552253534375 0.5884161703124999 0.5577067546875 0.5827460062500001 0.5587947984375 0.5762217890625 0.5533350796875001 0.5684164968750001
1 0.525997496875 0.44853729375 0.522720365625 0.44115902812499996 0.507442253125 0.43816984999999997 0.502533053125 0.44057790625 0.48890000625 0.45475331875 0.4856293734375 0.460850509375 0.48399730781250005 0.4706368328125 0.48536386093750006 0.4759570203125 0.48700242656250003 0.47964615468750005 0.4910955921875 0.4821312578125 0.495460765625 0.48298531093749997 0.5071897375 0.480227275 0.517552153125 0.472149053125 0.5238214078125 0.4615857265625 0.525997496875 0.44853729375
1 0.27986111875 0.5237366296875 0.27170078593749997 0.5726682484375 0.31214413125 0.5805810296875 0.320304465625 0.5316494125 0.27986111875 0.5237366296875
1 0.274366871875 0.6281729703125001 0.2666063953125 0.6747069375 0.31346655 0.6838751750000001 0.3212270265625 0.6373412046875 0.274366871875 0.6281729703125001
1 0.23363340625 0.6974778796875001 0.2281143015625 0.7305719640625 0.2916712515625 0.7430069453125 0.29719035781250003 0.7099128609375 0.23363340625 0.6974778796875001
1 0.22897516874999999 0.812983453125 0.22201440625000002 0.8547221234375 0.280420446875 0.8661493234375 0.2873812109375 0.8244106546875001 0.22897516874999999 0.812983453125
1 0.48001776406249996 0.814047878125 0.47249665781249994 0.85914651875 0.5193568109375 0.86831475625 0.52687791875 0.823216115625 0.48001776406249996 0.814047878125
1 0.526460315625 0.7859877656250001 0.5213410656249999 0.8166842000000001 0.5810348359375 0.828363346875 0.5861540859375001 0.7976669109375 0.526460315625 0.7859877656250001
1 0.3857632796875 0.6638377796875 0.37976271562499997 0.6998188296875 0.4381687578125 0.71124603125 0.444169321875 0.67526498125 0.3857632796875 0.6638377796875
1 0.3823878203125 0.528932375 0.3743879734375 0.5769016703125 0.41419837031249995 0.5846906140625 0.42219821562500004 0.53672131875 0.3823878203125 0.528932375
1 0.500928140625 0.55757353125 0.49516694531249994 0.5921192546875 0.5548607156250001 0.6037984 0.560621909375 0.569252678125 0.500928140625 0.55757353125
1 0.48921683437499996 0.43291975625 0.4810565015625 0.4818513734375 0.5214998484375 0.48976415624999997 0.5296601812499999 0.44083253750000007 0.48921683437499996 0.43291975625
2 0.411315003125 0.435009353125 0.40667449375000003 0.46283513281250005 0.4381255796875 0.4689885703125 0.4427660890625 0.44116279062499997 0.411315003125 0.435009353125
2 0.2783255484375 0.49321191249999996 0.2738455265625 0.5200753703125 0.30721729062500003 0.526604590625 0.3116973125 0.49974113124999997 0.2783255484375 0.49321191249999996
2 0.39181407031250004 0.607554221875 0.3874129296875 0.633944675 0.4227271953125 0.640853946875 0.42712833593750005 0.61446349375 0.39181407031250004 0.607554221875
2 0.31335546875000003 0.7561677125 0.308954328125 0.7825581640625 0.346822221875 0.78996705625 0.3512233609375 0.763576603125 0.31335546875000003 0.7561677125
2 0.350006603125 0.7549255984375 0.3452872125 0.7832243828125 0.37931375 0.789881709375 0.3840331421875 0.761582925 0.350006603125 0.7549255984375
2 0.373432984375 0.7377060765625 0.3691134484375 0.7636072140625 0.4069813421875 0.7710161046875 0.41130087968750006 0.74511496875 0.373432984375 0.7377060765625
2 0.40434583281250003 0.7591147781250001 0.399786928125 0.78645124375 0.4357341453125 0.793484353125 0.44029305 0.7661478875000001 0.40434583281250003 0.7591147781250001
2 0.5183722625 0.63974310625 0.5139711218749999 0.6661335578124999 0.546076984375 0.672415103125 0.5504781249999999 0.64602465 0.5183722625 0.63974310625
2 0.542785340625 0.68019245625 0.5382264343750001 0.7075289203125 0.5709652468749999 0.7139343015625 0.575524153125 0.6865978375 0.542785340625 0.68019245625
2 0.592823321875 0.6463850250000001 0.588664271875 0.6713238406250001 0.6214030859374999 0.6777292218750001 0.625562134375 0.6527904078125 0.592823321875 0.6463850250000001
0 0.4618506015625 0.593028521875 0.45729169687500004 0.6203649859375 0.4926059609375 0.6272742578125 0.4971648671875 0.59993779375 0.4618506015625 0.593028521875
0 0.5605992468750001 0.5335753390625 0.55651908125 0.5580411484375001 0.5950417515625 0.565578146875 0.5991219171875 0.5411123375 0.5605992468750001 0.5335753390625
0 0.5709480078125 0.5113212859375 0.566946725 0.5353140890625 0.60418166875 0.54259914375 0.60818295 0.518606340625 0.5709480078125 0.5113212859375
0 0.4802999671875 0.7289041328125 0.4757410609375 0.756240596875 0.51297600625 0.7635256515625 0.5175349125 0.7361891859374999 0.4802999671875 0.7289041328125
0 0.46322514375 0.7478379390625001 0.4584241484375 0.776626040625 0.4943713640625 0.78365915 0.49917236093749995 0.7548710484375001 0.46322514375 0.7478379390625001
2 0.276411975 0.4990777515625 0.27314134375 0.5051749437499999 0.2742358859375 0.5121261828125 0.2818781921875 0.5203585015625001 0.2971563046875 0.5233476796875001 0.30670268749999996 0.5201626187499999 0.30970130937499996 0.51569648125 0.310789353125 0.5091722671875 0.3091507890625 0.505483134375 0.3015084828125 0.497250815625 0.2862303703125 0.4942616375 0.276411975 0.4990777515625
2 0.4097828328125 0.44264251093749996 0.40787875468749996 0.4540598875 0.41770364843749996 0.4627192296875 0.43516434843749996 0.46613543437500005 0.443072165625 0.45926124062499996 0.444160209375 0.4527370265625 0.439244515625 0.44166962656250003 0.43515135000000005 0.43918452031250005 0.4242384125 0.4370493921875 0.414964040625 0.43860339843749996 0.4097828328125 0.44264251093749996
2 0.41313795000000003 0.6117262609375 0.4000424234375 0.6091641078125 0.3954052375 0.6099411109374999 0.390496040625 0.6123491671875 0.3874974203125 0.6168153046875 0.386137365625 0.6249705718749999 0.38777592968749997 0.62865970625 0.395690246875 0.6352609703125001 0.410968359375 0.63825015 0.415605546875 0.637473146875 0.423241353125 0.63223000625 0.42460140781250005 0.6240747375 0.42323485312500003 0.61875455 0.41313795000000003 0.6117262609375
2 0.5157260625 0.6452719140625 0.5143660078125001 0.653427184375 0.5176431375 0.6608054515624999 0.525829465625 0.6657756609375001 0.5342878046874999 0.6691148171875 0.5435621765625 0.6675608109375 0.548471375 0.6651527546875 0.5522860281249999 0.6557934546874999 0.5506474625 0.6521043203125 0.54109458125 0.6418139265625 0.5279990546875 0.6392517718749999 0.5157260625 0.6452719140625
2 0.5522990265625001 0.68274436875 0.547661840625 0.6835213718750001 0.5394820109375 0.6920266203125001 0.54030454375 0.7006089140625 0.5501294359375 0.7092682578125 0.558587775 0.7126074140624999 0.5654075484375001 0.7122574359375 0.57522594375 0.707441321875 0.5779525515625 0.704606240625 0.5787685875 0.699713078125 0.5735808796875 0.6902767328125 0.5675771390625 0.685733546875 0.5522990265625001 0.68274436875
2 0.6032950765625 0.6472464234374999 0.594020703125 0.6488004296875001 0.5877514515625 0.6593637546875 0.58911800625 0.6646839421874999 0.5929391578125001 0.6688001015625 0.6033080734375 0.6741973375 0.6098558374999999 0.6754784125 0.6191302078125 0.67392440625 0.62403940625 0.67151635 0.625943484375 0.6600989734375 0.6204837640624999 0.65229368125 0.6142080156249999 0.64938155 0.6032950765625 0.6472464234374999
2 0.3851013109375 0.73929844375 0.375282915625 0.744114559375 0.37255630625 0.7469496421875 0.37119625 0.7551049109375 0.37692798125000004 0.76127915 0.385114309375 0.7662493593749999 0.393844659375 0.7679574609375 0.40311903125 0.7664034546875 0.4085722515625 0.760733290625 0.40911627343749996 0.7574711828125 0.40638316249999995 0.7468308078125 0.4025620109375 0.74271465 0.3851013109375 0.73929844375
2 0.41512001249999997 0.762014365625 0.410482828125 0.7627913687500001 0.40230299687500004 0.7712966171875 0.4014869640625 0.776189778125 0.40312553125 0.7798789109375 0.4129504234375 0.7885382562500001 0.4304111234375 0.7919544593750001 0.4377749203125 0.788342371875 0.4399510078125 0.7752939421875 0.43667387656249995 0.767915675 0.4263049625 0.762518440625 0.41512001249999997 0.762014365625
2 0.3518314734375 0.763106084375 0.35129394999999997 0.77984365 0.3613908546875 0.786871940625 0.36575602812499997 0.787725990625 0.3772129890625 0.7865990093749999 0.384848796875 0.7813558703125 0.387296896875 0.766676384375 0.372834815625 0.75879404375 0.3662870546875 0.7575129671874999 0.36164986718750003 0.7582899703125 0.3518314734375 0.763106084375
2 0.332460196875 0.7576318015625 0.3231858234375 0.7591858078125 0.3155500171875 0.7644289468750001 0.3136459390625 0.7758463250000001 0.3191056578125 0.7836516171875 0.3319291703125 0.7878448234375 0.3387489453125 0.7874948453124999 0.34338613125 0.7867178421875 0.3532045265625 0.7819017296874999 0.3537485484375 0.7786396203125 0.34937687500000003 0.7643101140625 0.3411905484375 0.7593399046875 0.332460196875 0.7576318015625
0 0.5034920625 0.7321447984375 0.4947617125 0.730436696875 0.49012452656249994 0.7312137 0.48030613125 0.7360298125 0.4784020546875 0.747447190625 0.48413378281249997 0.7536214296875 0.49232011093750006 0.758591640625 0.49668528749999996 0.759445690625 0.501322471875 0.7586686874999999 0.5111408671875 0.7538525734375 0.5138674765625 0.751017490625 0.514683509375 0.7461243296875 0.5114063796874999 0.7387460625 0.5034920625 0.7321447984375
0 0.48195119531249997 0.7531944046875 0.47322084531249997 0.7514863015625 0.4639464734375 0.7530403078125001 0.46121986406250004 0.755875390625 0.4593157859375 0.7672927671875 0.462864928125 0.7730399796875 0.47105125625 0.778010190625 0.4797816046875 0.77971829375 0.49178258750000003 0.7753292046875 0.49450919843749996 0.7724941203125 0.49532523125 0.7676009609375 0.49395867656250003 0.7622807734375 0.4901375234375 0.7581646125 0.48195119531249997 0.7531944046875
0 0.469872228125 0.595878009375 0.45978182187499994 0.6023251765625 0.4586937765625 0.60884939375 0.4603323421875 0.612538525 0.47015723749999994 0.62119786875 0.47888758749999993 0.6229059703125001 0.4857073609375 0.62255599375 0.4930711546875 0.61894390625 0.4952472453125 0.6058954765625 0.48542235 0.5972361312500001 0.47450941406249997 0.59510100625 0.469872228125 0.595878009375
0 0.5721428390625001 0.53672651875 0.5675056515625 0.537503521875 0.5601418546875 0.5411156078125 0.5585097890624999 0.5509019296875 0.560148353125 0.5545910640625 0.568062671875 0.561192328125 0.5811581968749999 0.5637544796875 0.5857953828125 0.562977478125 0.5934311890624999 0.5577343375 0.59479124375 0.5495790671874999 0.591242103125 0.5438318546875001 0.5852383624999999 0.539288671875 0.5721428390625001 0.53672651875
0 0.578405590625 0.512687734375 0.570769784375 0.517930875 0.569681740625 0.5244550890624999 0.5751414578125 0.53226038125 0.5923301484375 0.537307640625 0.6016045203125 0.535753634375 0.6065137171874999 0.5333455765624999 0.6076017625000001 0.5268213609375 0.6062352078125001 0.5215011734375 0.600503478125 0.515326934375 0.583042778125 0.51191073125 0.578405590625 0.512687734375