1 0.154753178125 0.3453967859375 0.1624783921875 0.3278151046875 0.16340758125 0.3213797609375 0.1627625546875 0.3150706453125 0.158754090625 0.3069109484375 0.15181220625 0.3011067453125 0.1423669203125 0.30186411875 0.13785928593750002 0.3043458421875 0.1324224640625 0.3132629125 0.12605645468749999 0.3286153265625 0.125127265625 0.33505067187500004 0.126632328125 0.34977194218749996 0.1302107734375 0.35372556093749996 0.1403010859375 0.359277303125 0.143449515625 0.3590248453125 0.154753178125 0.3453967859375
1 0.268380775 0.3235638625 0.269809134375 0.30648709531249996 0.26873409062500003 0.29597190156250003 0.266299840625 0.2876859765625 0.2575687328125 0.279904965625 0.25284609062499996 0.2802836515625 0.2456200453125 0.2872239109375 0.24082825 0.3024500953125 0.23989905937499997 0.308885440625 0.241404121875 0.3236067109375 0.2456275953125 0.3338694453125 0.25099526562499996 0.33979987500000003 0.2588663375 0.33916873281250004 0.26179975624999996 0.33681323750000003 0.268380775 0.3235638625
1 0.334858646875 0.337315834375 0.344373084375 0.3217109625 0.3435130484375 0.31329880781249997 0.34150881875 0.309218959375 0.337930371875 0.30526533906250003 0.33299271875 0.3035409859375 0.3203990046875 0.30455081562499997 0.30980952031250003 0.30964049375 0.3030134921875 0.32078683125 0.30186929687499997 0.32511913593749997 0.30315934843750003 0.33773736875 0.30516357968749996 0.341817215625 0.31189045625 0.3455183796875 0.324484171875 0.34450854999999997 0.334858646875 0.337315834375
1 0.4381809234375 0.30782812656249997 0.440684325 0.301266553125 0.43960928125 0.290751359375 0.43424161093749997 0.2848209296875 0.429303959375 0.2830965765625 0.40883917187499996 0.28473755 0.39867970625 0.2940333046875 0.3959612953125 0.298491840625 0.3948170984375 0.3028241453125 0.395462125 0.30913326093750004 0.39947058750000003 0.3172929578125 0.40462325000000005 0.32112035 0.42351382343750005 0.31960560625 0.4280214578125 0.31712388125 0.4381809234375 0.30782812656249997
1 0.4635984640625 0.4012025765625 0.464742659375 0.396870271875 0.46366761562500003 0.3863550765625 0.461663384375 0.38227522812500003 0.45493650937499996 0.37857406562499996 0.43289750624999995 0.38034126874999996 0.428389871875 0.38282299218750004 0.422523034375 0.387533984375 0.4202346390625 0.39619859687500003 0.4213096828125 0.40671378750000003 0.4266773546875 0.41264421718750005 0.43655265625000006 0.41609292187499997 0.44284951406250006 0.41558800937499996 0.45501321250000004 0.410372103125 0.4635984640625 0.4012025765625
1 0.3443957375 0.46164756875 0.34510991562500004 0.453109184375 0.34224565 0.4406171828125 0.33444372968749997 0.426400825 0.3272868375 0.41849358593749997 0.3205599609375 0.4147924234375 0.312688890625 0.4154235671875 0.3097554703125 0.4177790625 0.3086112734375 0.42211136875 0.310116334375 0.43683263906249997 0.3181332640625 0.45315203281249994 0.33065782499999996 0.466989703125 0.33874390625 0.4684615984375 0.3443957375 0.46164756875
1 0.2717895203125 0.605287653125 0.26892525 0.59279565 0.2591191 0.574499446875 0.253966440625 0.5706720562500001 0.2427319296875 0.5694526171875001 0.23751011718749998 0.5804727265625 0.2388001703125 0.5930909578125 0.24345366093749998 0.6075597703125 0.2514705875 0.623879165625 0.25483402499999996 0.625729746875 0.2644943203125 0.6270754125 0.271720365625 0.620135153125 0.2717895203125 0.605287653125
1 0.22627560781249997 0.5792532859375 0.22920902656250003 0.576897790625 0.23328664531249999 0.5702099890625 0.23242660937499998 0.561797834375 0.2302073671875 0.5556149484375 0.22619890312500002 0.5474552515625 0.2226204578125 0.5435016328125 0.217467796875 0.5396742406249999 0.2042290546875 0.534374953125 0.19320955312500002 0.5352585546874999 0.1875577234375 0.5420725843749999 0.1886327671875 0.552587778125 0.19264123125 0.5607474765625 0.20495078437499997 0.5724821062500001 0.213466884375 0.578160078125 0.22627560781249997 0.5792532859375
1 0.4748556265625 0.54235861875 0.47313555625000003 0.5255343109374999 0.47091631562499997 0.5193514234375 0.4651186265625 0.509214915625 0.4528090734375 0.4974802859375 0.44472299218750005 0.496008390625 0.4402153578125 0.498490115625 0.4390711609375 0.5028224203125 0.44057622343749997 0.5175436906249999 0.44701893750000005 0.533989315625 0.4561800625 0.5459764015624999 0.4629069375 0.5496775640625 0.46920379375000004 0.5491726484375 0.4748556265625 0.54235861875
1 0.57738701875 0.489611259375 0.583253859375 0.48490026718749996 0.5817487984375 0.4701789953125 0.5781703515625 0.46622537499999994 0.5613531640625 0.456972471875 0.5548412984375 0.4553743484375 0.5453960109375 0.45613172031250004 0.5408883765625 0.45861344531250003 0.5379549578125 0.46096894062500005 0.536810759375 0.465301246875 0.5372407765625 0.469507321875 0.5430384640625 0.47964382812500006 0.5533437859375 0.4872986109375 0.5647933046875 0.4906210890625 0.57738701875 0.489611259375
1 0.43980696874999997 0.2808868109375 0.3925805359375 0.284673671875 0.39656465 0.3236429765625 0.44379108125 0.319856115625 0.43980696874999997 0.2808868109375
1 0.342327703125 0.2999194796875 0.2974153671875 0.30352078437499996 0.30203160625000003 0.34867302499999997 0.34694394375000004 0.3450717203125 0.342327703125 0.2999194796875
1 0.2673194578125 0.2784870171875 0.2353786484375 0.2810481984375 0.24163970468749998 0.34228868281249997 0.2735805140625 0.339727503125 0.2673194578125 0.2784870171875
1 0.159903015625 0.300839634375 0.11961886875000001 0.304069825 0.1253725046875 0.36034713906250004 0.1656566515625 0.357116946875 0.159903015625 0.300839634375
1 0.2287813109375 0.5316535265625 0.1852542828125 0.53514375 0.189870521875 0.5802959890625 0.23339755 0.576805765625 0.2287813109375 0.5316535265625
1 0.267484721875 0.5678388578125 0.23785800625000003 0.5702144828125 0.2437384984375 0.6277325874999999 0.2733652140625 0.6253569640625 0.267484721875 0.5678388578125
1 0.34055848125 0.410453678125 0.3058313125 0.4132382828125 0.3115849484375 0.4695155953125 0.34631211875 0.46673099218749997 0.34055848125 0.410453678125
1 0.463562940625 0.37624973906250003 0.41726529375 0.379962125 0.42118705468749995 0.418321546875 0.4674847015625 0.41460916093750005 0.463562940625 0.37624973906250003
1 0.47023456250000006 0.491725846875 0.436892703125 0.49439936875 0.4427731953125 0.551917475 0.47611505468750004 0.5492439515624999 0.47023456250000006 0.491725846875
1 0.5815008125000001 0.452229515625 0.53427438125 0.45601637500000003 0.5382584953125 0.4949856828125 0.5854849265625 0.491198821875 0.5815008125000001 0.452229515625
2 0.5579036921875 0.38116285156249996 0.5310475953125 0.3833163125 0.5341458718750001 0.41362109843750006 0.5610019703125 0.41146763750000004 0.5579036921875 0.38116285156249996
2 0.46742412031249997 0.2724387046875 0.44149680937499997 0.27451769062500003 0.44478429375 0.30667315 0.47071160624999997 0.304594165625 0.46742412031249997 0.2724387046875
2 0.3939524640625 0.40303425937500004 0.36848167656249997 0.4050766390625 0.37196051875 0.4391038046875 0.39743130781249997 0.437061425 0.3939524640625 0.40303425937500004
2 0.23558225781250003 0.36523875625 0.21011146875 0.3672811359375 0.213841871875 0.40376885625 0.23931266093749998 0.4017264765625 0.23558225781250003 0.36523875625
2 0.24692215156250003 0.398614378125 0.21960952968749997 0.4008044453125 0.22296151718749999 0.43359081718750003 0.25027413906249996 0.43140075 0.24692215156250003 0.398614378125
2 0.2692612359375 0.416160059375 0.2442627140625 0.41816457187499995 0.247993115625 0.4546522921875 0.2729916390625 0.4526477796875 0.2692612359375 0.416160059375
2 0.2581940359375 0.44948775625000004 0.2318102015625 0.45160334999999996 0.23535139843750003 0.48624039375 0.2617352328125 0.484124803125 0.2581940359375 0.44948775625000004
2 0.39959571875 0.5266922921875 0.37412493125 0.528734671875 0.3772877109375 0.5596703703125 0.4027585 0.557627990625 0.39959571875 0.5266922921875
2 0.36922635625 0.5584403234375 0.34284252187500003 0.5605559171875 0.3460676546875 0.5921014953125 0.37245148906250003 0.589985903125 0.36922635625 0.5584403234375
2 0.41421056875 0.59660275625 0.3901408328125 0.5985327921875 0.3933659640625 0.6300783703125 0.4174357015625 0.6281483359375 0.41421056875 0.59660275625
0 0.42678656249999997 0.46400982500000004 0.4004027296875 0.4661254171875 0.40388157187499996 0.5001525828125 0.43026540625000004 0.4980369890625 0.42678656249999997 0.46400982500000004
0 0.5088871421875 0.5409973765625 0.4852739265625 0.54289080625 0.4890688328125 0.5800094375 0.5126820484375 0.5781160062499999 0.5088871421875 0.5409973765625
0 0.5322126453125 0.5453712390625001 0.5090559515625 0.5472280625 0.512724 0.5831059 0.5358806953124999 0.5812490765625 0.5322126453125 0.5453712390625001
0 0.307085265625 0.5122819859375001 0.280701434375 0.514397578125 0.284369484375 0.5502754171875 0.310753315625 0.5481598234375 0.307085265625 0.5122819859375001
0 0.2849386 0.5009650984375 0.2571537171875 0.503193034375 0.2606949125 0.5378300796875 0.288479796875 0.53560214375 0.2849386 0.5009650984375
2 0.4615024265625 0.2720336203125 0.4549905609375 0.2704354953125 0.4489087109375 0.27304344999999997 0.44347188906249996 0.28196051875 0.44497695000000004 0.296681790625 0.450559628125 0.3047152578125 0.45549728125 0.3064396109375 0.4617941390625 0.3059346953125 0.464727559375 0.3035792 0.47016438125000004 0.29466213125 0.46865931875 0.2799408609375 0.4615024265625 0.2720336203125
2 0.5504644171875 0.3815155390625 0.5394449156250001 0.3823991390625 0.5342231015625 0.393419246875 0.535943171875 0.41024355625000003 0.5444592734375 0.415921528125 0.55075613125 0.41541661249999995 0.5595563890624999 0.408350125 0.5607005859374999 0.40401781875 0.5596255421875 0.3935026265625 0.5556170796875 0.38534293124999996 0.5504644171875 0.3815155390625
2 0.3960531015625 0.4235809453125 0.3947630484375 0.4109627140625 0.39275881562500004 0.406882865625 0.38918037031249997 0.40292924843750005 0.38424271875 0.40120489375 0.3763716453125 0.4018360375 0.373438225 0.40419153281250003 0.3695756171875 0.412982371875 0.3710806796875 0.42770364375 0.37308491250000003 0.4317834921875 0.380026796875 0.43758769375 0.3878978671875 0.43695655 0.3924055015625 0.434474825 0.3960531015625 0.4235809453125
2 0.3937798078125 0.5255366296874999 0.3859087375 0.5261677734375 0.380041896875 0.5308787640625 0.377753503125 0.5395433765625001 0.37703932500000004 0.548081759375 0.38104778906250003 0.5562414546875 0.3846262359375 0.560195075 0.3942865296875 0.561540740625 0.39721994843749997 0.5591852453125 0.40401597968749997 0.5480389078125001 0.4027259265625 0.535420678125 0.3937798078125 0.5255366296874999
2 0.36952911718750003 0.567766478125 0.3675248859375 0.5636866296874999 0.3574345734375 0.5581348859374999 0.3497785109375 0.5608690671875001 0.344556696875 0.571889175 0.343842515625 0.5804275578125 0.3460617578125 0.5866104453125 0.3532186515625 0.594517684375 0.3565820890625 0.596368265625 0.36130473125 0.59598958125 0.3685307765625 0.5890493218749999 0.371034178125 0.5824877468749999 0.36952911718750003 0.567766478125
2 0.4163330828125 0.6064190765624999 0.41232461875000004 0.5982593781250001 0.4008750984375 0.594936903125 0.39636746562499997 0.5974186265625 0.3936490546875 0.6018771625 0.3915756703125 0.6126448124999999 0.392220696875 0.618953928125 0.396229159375 0.627113625 0.3998076078125 0.6310672453125 0.41082710625 0.63018364375 0.4164789375 0.6233696125 0.41740812656250004 0.6169342703125 0.4163330828125 0.6064190765624999
2 0.2710451359375 0.42724389531250007 0.2638882421875 0.4193366546875 0.26052480624999996 0.41748607499999996 0.252653734375 0.41811721718749995 0.2485761171875 0.42480502031249995 0.246287725 0.43346963125000004 0.247147759375 0.44188178593750005 0.2511562234375 0.4500414828125 0.2578830984375 0.453742646875 0.2610315265625 0.4534901890625 0.2700467953125 0.4485267390625 0.27276520625 0.44406820468749997 0.2710451359375 0.42724389531250007
2 0.258528125 0.4600517625 0.2565238921875 0.4559719140625 0.246433578125 0.45042016875 0.2417109375 0.4507988546875 0.238777515625 0.45315435156249995 0.2335557015625 0.464174459375 0.2352757734375 0.48099876874999997 0.24064344375000002 0.4869291984375 0.253237159375 0.48591936875 0.2591039984375 0.48120837656250004 0.2611773828125 0.4704407265625 0.258528125 0.4600517625
2 0.2399141625 0.402176509375 0.2243870265625 0.40554183593750004 0.220739428125 0.4164357140625 0.2211694453125 0.42064179218750003 0.22539292031249997 0.430904528125 0.23233480312500002 0.436708728125 0.24650273281250001 0.43557267031249997 0.24972031249999999 0.4204727140625 0.24907528750000002 0.4141636 0.24707105624999998 0.4100837515625 0.2399141625 0.402176509375
2 0.239553296875 0.383122934375 0.2355448328125 0.3749632375 0.2286029484375 0.3691590359375 0.21758344687500003 0.3700426375 0.211931615625 0.3768566671875 0.21164745625 0.389601128125 0.2138666953125 0.395784015625 0.21587092968750002 0.39986386406249996 0.2230278234375 0.407771103125 0.2261762515625 0.40751864531250004 0.23812493906249999 0.40019970000000005 0.24041333125 0.3915350890625 0.239553296875 0.383122934375
0 0.3105614546875 0.5343297875 0.30970141875 0.5259176328125 0.3076971859375 0.521837784375 0.3005402953125 0.51393054375 0.28952079375 0.5148141453124999 0.28544317656249996 0.5215019468750001 0.2831547828125 0.5301665578125 0.28358479999999997 0.5343726359375001 0.285589034375 0.538452484375 0.2927459265625 0.5463597250000001 0.29610936250000003 0.54821030625 0.3008320078125 0.5478316203125 0.3066988484375 0.543120628125 0.3105614546875 0.5343297875
0 0.28522816875 0.5193989078125 0.2843681328125 0.510986753125 0.2803596671875 0.50282705625 0.27699623125 0.5009764750000001 0.2659767296875 0.5018600765625 0.2616841046875 0.5064448406250001 0.25939571093749997 0.5151094515625 0.260255746875 0.52352160625 0.26762764687499996 0.533531884375 0.2709910859375 0.5353824656249999 0.275713728125 0.5350037796875 0.28022136249999996 0.5325220546875 0.2829397734375 0.5280635203124999 0.28522816875 0.5193989078125
0 0.42640074375000003 0.4720342140625 0.41766963593749995 0.464253203125 0.41137277812499995 0.46475811875 0.40843935781249996 0.4671136140625 0.40321754375 0.4781337203125 0.404077578125 0.486545875 0.406296821875 0.4927287625 0.4116644890625 0.49865919375 0.42425820625000005 0.4976493640625 0.4294800203125 0.48662925625 0.428404975 0.4761140609375 0.42640074375000003 0.4720342140625
0 0.5092041828125 0.5523260484375 0.5071999500000001 0.5482462 0.5018322796875 0.5423157703125 0.49238699218750004 0.543073140625 0.4894535734375 0.5454286374999999 0.485590965625 0.5542194796875 0.48688101875 0.5668377109375 0.48888524999999994 0.570917559375 0.4958271328125 0.576721759375 0.50369820625 0.5760906171875 0.50799083125 0.571505853125 0.5104942343750001 0.5649442796875 0.5092041828125 0.5523260484375
0 0.53303240625 0.55253565625 0.5260905218749999 0.5467314562500001 0.5197936640624999 0.5472363703124999 0.5141418328125 0.5540504015625001 0.5142876890625 0.5710009390625 0.518296153125 0.5791606375 0.5218746000000001 0.58311425625 0.528171459375 0.5826093421875 0.53267909375 0.5801276171875 0.5367567078125 0.573439815625 0.5350366375 0.5566155046875 0.53303240625 0.55253565625