0 0.7443845921875 0.3462736359375 0.74265785 0.3210041859375 0.7094274281249999 0.325709284375 0.7111541703125 0.350978734375 0.7443845921875 0.3462736359375
0 0.5904079656250001 0.28075307031249996 0.588681221875 0.255483621875 0.553927828125 0.26040435781250004 0.555654571875 0.28567380781249996 0.5904079656250001 0.28075307031249996
0 0.47617438749999996 0.316773353125 0.47437027968749995 0.29037173125 0.4396168859375 0.29529246875 0.44142099375 0.3216940890625 0.47617438749999996 0.316773353125
0 0.347738028125 0.189797534375 0.346011284375 0.164528084375 0.3150441703125 0.168912721875 0.3167709125 0.1941821703125 0.347738028125 0.189797534375
0 0.3968433671875 0.5735239171875001 0.39515530625 0.5488205546875 0.3619248859375 0.553525653125 0.3636129453125 0.5782290156250001 0.3968433671875 0.5735239171875001
2 0.7221671953125 0.08802456875 0.7201718265625 0.058823967187500006 0.68617991875 0.0636368859375 0.6881752890625 0.09283748593749999 0.7221671953125 0.08802456875
2 0.6118468421875 0.1478695296875 0.6099664437500001 0.1203514609375 0.5744515609375 0.1253800171875 0.576331959375 0.15289808437500002 0.6118468421875 0.1478695296875
2 0.5812383796875 0.2134479515625 0.5794342734375 0.18704632968749998 0.5462038515625001 0.1917514296875 0.5480079578125 0.21815305000000002 0.5812383796875 0.2134479515625
2 0.43453223750000003 0.29886228125000003 0.43261315624999996 0.270778125 0.396357940625 0.27591150625 0.39827702187499997 0.30399566093749997 0.43453223750000003 0.29886228125000003
2 0.42305649375 0.2761004421875 0.421176096875 0.24858237187499999 0.385661215625 0.25361092812499997 0.3875416125 0.2811289984375 0.42305649375 0.2761004421875
2 0.39190831875 0.2668964015625 0.39018157656249997 0.24162695312500002 0.3554281828125 0.24654768906250002 0.3571549234375 0.2718171375 0.39190831875 0.2668964015625
2 0.3583272625 0.2552187078125 0.3565618390625 0.229383175 0.32180844375 0.23430390937499998 0.32357386875 0.26013944375000003 0.3583272625 0.2552187078125
2 0.5849078078125001 0.53499623125 0.5832573546875001 0.5108432281249999 0.5500269328125 0.5155483265624999 0.551677384375 0.5397013296875001 0.5849078078125001 0.53499623125
2 0.609958846875 0.43278318125000004 0.6082707859375 0.40807981875 0.5727559046875 0.413108375 0.5744439640625 0.4378117375 0.609958846875 0.43278318125000004
2 0.74699836875 0.3731163 0.7453103109375 0.3484129375 0.713581709375 0.35290539375 0.71526976875 0.37760875625 0.74699836875 0.3731163
1 0.6976319890625 0.42547390781249994 0.69838415 0.43648113593750004 0.700714290625 0.4393265609375 0.7072749140625 0.4415729921875 0.715735875 0.4403750046875 0.7219741421875 0.4379040515625 0.7260971734375 0.43573259531249997 0.7381439046875 0.4245008484375 0.743844915625 0.41416759062499997 0.7456378046875 0.409150709375 0.745100546875 0.40128840468750004 0.738432471875 0.3974695125 0.727856271875 0.3989669984375 0.7216180015625 0.40143795000000004 0.7154871875000001 0.40548136250000005 0.699424875 0.42045702812499997 0.6976319890625 0.42547390781249994
1 0.678729971875 0.5551642546875 0.689306171875 0.5536667703125 0.6953295390625 0.5480508953125 0.696800071875 0.5383166312500001 0.691924884375 0.5294808609375 0.68504190625 0.522517046875 0.6718132109375 0.5164517234375 0.6653600375 0.515777753125 0.6547838359375 0.5172752390625 0.6488679234375 0.5244635734374999 0.64951263125 0.533898340625 0.656610509375 0.5440070765625 0.663386034375 0.5493984281250001 0.678729971875 0.5551642546875
1 0.6156350046875 0.5069415734375 0.619972934375 0.507915040625 0.6284338953125 0.506717053125 0.6325569234375 0.504545596875 0.6364650515625 0.49922922031250005 0.63983591875 0.4860505375 0.6388688578124999 0.47189838906250003 0.629870640625 0.46523407031249997 0.62331001875 0.46298764062500003 0.6063880968750001 0.4653836171875 0.600687084375 0.4757168734375 0.6017615968750001 0.49144148593750003 0.6041991921875 0.49585937031249994 0.61118961875 0.5043956453125 0.6156350046875 0.5069415734375
1 0.5563684015625 0.5772524671875 0.5796360421875 0.573958 0.5837590703125 0.57178654375 0.593905465625 0.563999215625 0.595805803125 0.560554796875 0.595375996875 0.5542649515625 0.5864852328125 0.5491730953125 0.57569413125 0.547525659375 0.55654951875 0.5486486703125 0.5399499515625 0.55576203125 0.533926584375 0.56137790625 0.5345712921875 0.5708126703125 0.5477999890625 0.5768779937499999 0.5563684015625 0.5772524671875
1 0.35449341093750003 0.5296275609375 0.37141533125000004 0.5272315843750001 0.379768840625 0.5244611359375 0.3880149 0.5201182249999999 0.3999541796875 0.507314015625 0.4015321625 0.49915221406250004 0.39909456875 0.494734328125 0.3947566375 0.49376086093750005 0.375719478125 0.4964563328125 0.3572195734375 0.5070141125000001 0.34918841718750004 0.5145019453125 0.34728807968750003 0.5179463640625 0.3478253359375 0.5258086703125 0.35449341093750003 0.5296275609375
1 0.4801305875 0.3054408171875 0.4885915484375 0.3042428296875 0.494829815625 0.301771878125 0.5048687609375 0.2924120859375 0.5122552078125 0.27548948906250004 0.5116104984375001 0.266054721875 0.504620071875 0.257518446875 0.49192863124999997 0.2593154296875 0.4798819 0.270547178125 0.47418088750000004 0.2808804359375 0.4724954515625 0.2874697765625 0.4733550609375 0.300049465625 0.47568520468750003 0.3028948890625 0.4801305875 0.3054408171875
1 0.555923090625 0.258192821875 0.570729771875 0.25609634375 0.5748528 0.2539248890625 0.5786534765625 0.24703605 0.57800876875 0.23760128281249998 0.5683658421875 0.22150219999999998 0.5510141156249999 0.21760833281249997 0.540437915625 0.2191058171875 0.5364223390625 0.2228497328125 0.5347369046875 0.229439075 0.5352741609375 0.23730138125 0.5402568 0.2477096140625 0.5472472296875 0.2562458890625 0.555923090625 0.258192821875
1 0.5877253578125 0.223524109375 0.59249309375 0.23078742187499998 0.605721790625 0.2368527453125 0.6141827515625 0.23565475624999999 0.6222139062500001 0.22816692343749997 0.62411424375 0.22472250468750002 0.622609925 0.20270804843749998 0.6156194984375001 0.1941717734375 0.6089514234375 0.19035288125 0.6046134921874999 0.1893794140625 0.598267771875 0.19027790625000002 0.588121378125 0.1980652359375 0.586221040625 0.20150965312500002 0.5845356046875 0.2080989953125 0.5850728625 0.21596129999999997 0.5877253578125 0.223524109375
1 0.590948896875 0.2706979421875 0.591486153125 0.27856024687500003 0.598261678125 0.2839516 0.6047148499999999 0.2846255703125 0.6109531203125 0.28215461875000003 0.6150761484375 0.2799831625 0.6251150921875 0.270623371875 0.630708653125 0.258717653125 0.6323940875 0.2521283125 0.63185683125 0.24426600625 0.6294192375 0.23984812031249997 0.622858615625 0.23760169062499997 0.6143976531249999 0.238799678125 0.606259046875 0.24471505 0.5964350046875 0.2572197625 0.590948896875 0.2706979421875
1 0.6821866953125 0.3244619265625 0.6907551062499999 0.3248364 0.6990011640625 0.3204934890625 0.7211942921875 0.3014744125 0.7230946296874999 0.29802999375 0.724457709375 0.2867232671875 0.7199048765625 0.282604878125 0.7155669453125 0.2816314109375 0.7071059843749999 0.2828294 0.6926216578125 0.2896432625 0.6825827140625 0.299003053125 0.674981365625 0.3127807296875 0.6754111703125 0.31907057499999997 0.6821866953125 0.3244619265625
2 0.7368207046874999 0.3738825953125 0.74094373125 0.371711140625 0.7468596484375001 0.36452280625 0.7463223906249999 0.3566605 0.7439922484375 0.3538150765625 0.739546865625 0.3512691484375 0.73309369375 0.3505951765625 0.7141639843750001 0.3548631125 0.710255859375 0.36017948906249997 0.7109005671874999 0.3696142546875 0.713230709375 0.37245968125 0.7220140234375 0.375979075 0.7368207046874999 0.3738825953125
2 0.5916550828125 0.43730383906250003 0.6000085921875 0.43453338906249994 0.60793229375 0.4254730953125 0.6071801359375 0.4144658703125 0.6005120625 0.41064697499999997 0.5940588906250001 0.40997300625 0.5855979296875 0.41117099375 0.5773518734375 0.4155139046875 0.5733362953125 0.41925782187499994 0.574088453125 0.4302650484375 0.576418596875 0.433110475 0.5852019109375 0.43662987031249995 0.5916550828125 0.43730383906250003
2 0.5729341812500001 0.5383903906249999 0.5770572109375001 0.5362189359375 0.584980915625 0.5271586421875 0.5822209671875 0.518023371875 0.5776681328125 0.51390498125 0.573330203125 0.5129315140624999 0.55640828125 0.515327490625 0.5503849140625 0.5209433640625 0.54880693125 0.5291051703125 0.5512445234375 0.5335230546874999 0.555797359375 0.53764144375 0.5644732234375 0.539588378125 0.5729341812500001 0.5383903906249999
2 0.4136985359375 0.3021455375 0.42215949531249997 0.30094755 0.43040555312500006 0.2966046390625 0.4343136796875 0.2912882609375 0.433668971875 0.281853496875 0.42467075468750004 0.275189178125 0.4203328234375 0.27421571093749997 0.41398710312500003 0.275114203125 0.40140311406249995 0.278483646875 0.399395325 0.2803556046875 0.3974949875 0.283800025 0.39803224375 0.29166232812500004 0.405022671875 0.300198603125 0.4136985359375 0.3021455375
2 0.42201825781249996 0.26762637031250003 0.4212661 0.25661914375 0.414598025 0.25280025156249997 0.4059221609375 0.2508533171875 0.3933381734375 0.25422276093749996 0.38552191874999997 0.264855515625 0.3858442734375 0.2695728984375 0.39272724999999997 0.2765367125 0.40140311406249995 0.278483646875 0.4161023421875 0.27481470625000004 0.42201825781249996 0.26762637031250003
2 0.3773833125 0.2707708875 0.3856293703125 0.2664279765625 0.39165273749999996 0.2608121015625 0.3934456234375 0.25579522187500003 0.390793128125 0.2482324140625 0.379787121875 0.243440053125 0.3628652 0.2458360296875 0.35494149531249997 0.254896325 0.3553713015625 0.26118616875 0.357808896875 0.26560405625 0.36447697031250004 0.269422946875 0.3731528328125 0.27136988125 0.3773833125 0.2707708875
2 0.356734384375 0.24987944374999999 0.3586347203125 0.24643502499999997 0.358204915625 0.2401451796875 0.3535446296875 0.2344543296875 0.3469840078125 0.2322078984375 0.33006208593749997 0.234603875 0.321816028125 0.2389467859375 0.320345496875 0.2486810484375 0.322783090625 0.253098934375 0.33389654687500003 0.25946375625 0.348703228125 0.2573672765625 0.356734384375 0.24987944374999999
2 0.6039349984375 0.1481959296875 0.611858703125 0.1391356359375 0.61099909375 0.1265559484375 0.6022157781249999 0.12303655312499999 0.5831786171875 0.125732028125 0.5790555875 0.12790348125 0.5752549124999999 0.1347923203125 0.5758996203125 0.1442270875 0.5782297625 0.1470725109375 0.5871205296875 0.15216436718749998 0.59981196875 0.15036738593750001 0.6039349984375 0.1481959296875
2 0.5784047859375 0.212142409375 0.582098009375 0.203681109375 0.581560753125 0.1958188046875 0.5792306109375 0.1929733796875 0.570554746875 0.1910264453125 0.553632828125 0.1934224203125 0.547502009375 0.1974658359375 0.543701334375 0.2043546734375 0.5444534953125 0.2153619 0.559582528125 0.217982803125 0.5722739671875 0.216185821875 0.5784047859375 0.212142409375
2 0.7045731265625 0.0894916640625 0.715041875 0.0864217171875 0.72508081875 0.077061928125 0.7267662546875 0.07047258749999999 0.7244361125000001 0.0676271609375 0.715545346875 0.06253530625 0.711207415625 0.0615618390625 0.6985159734375 0.063358821875 0.6943929453125001 0.0655302765625 0.6864692406249999 0.07459056875 0.6871139484375 0.0840253359375 0.6937820234375 0.0878442265625 0.7045731265625 0.0894916640625
0 0.589048559375 0.2741423609375 0.5882964 0.2631351328125 0.579405634375 0.258043278125 0.560368475 0.26073875 0.5544525578124999 0.2679270875 0.5552047171875001 0.2789343125 0.5575348609375 0.2817797390625 0.5663181734375 0.28529913281249997 0.579009615625 0.28350215 0.58313264375 0.2813306953125 0.589048559375 0.2741423609375
0 0.7351014828125 0.34872321875 0.7392245109375 0.3465517640625 0.7451404265625 0.3393634296875 0.7446031703125 0.3315011234375 0.73782764375 0.326109771875 0.7313744718749999 0.3254358 0.720798271875 0.3269332859375 0.7106518765625001 0.334720615625 0.708751540625 0.3381650359375 0.709288796875 0.3460273390625 0.7159568703125 0.3498462328125 0.720294803125 0.3508196984375 0.7351014828125 0.34872321875
0 0.4701990953125 0.31637306875000004 0.47590010937500005 0.3060398125 0.473247609375 0.2984770046875 0.46657953750000003 0.2946581109375 0.45801112499999996 0.2942836390625 0.4475423765625 0.29735358437500004 0.4415190078125 0.30296945937499997 0.44227116874999994 0.3139766859375 0.4446013125 0.3168221109375 0.451269384375 0.3206410046875 0.4660760671875 0.3185445234375 0.4701990953125 0.31637306875000004
0 0.337844553125 0.192222403125 0.34609061093750004 0.1878794921875 0.347990946875 0.1844350734375 0.3472387890625 0.1734278453125 0.34268595625 0.16930945625 0.33612533125 0.1670630265625 0.3213186515625 0.16915950468750002 0.31117225625 0.1769468359375 0.30927191875000004 0.18039125312499998 0.309701725 0.1866810984375 0.31647725000000004 0.1920724515625 0.3251531125 0.194019384375 0.337844553125 0.192222403125
0 0.393353678125 0.5669925609375001 0.395254015625 0.5635481421875 0.39482420937499996 0.5572582984375 0.388048684375 0.55186694375 0.37524979062499997 0.552091465625 0.3690115234375 0.55456241875 0.3629881578125 0.5601782921875 0.36141017343750004 0.56834009375 0.3638477671875 0.57275798125 0.37263108125 0.5762773765625 0.385322521875 0.57448039375 0.393353678125 0.5669925609375001
1 0.751284740625 0.4364688859375 0.7484630703125 0.3951760578125 0.69448214375 0.402819221875 0.6973038140625001 0.4441120515625 0.751284740625 0.4364688859375
1 0.6426600203125 0.5037819234375001 0.6396255953125001 0.45937562187500003 0.598738003125 0.4651649015625 0.601772428125 0.5095712 0.6426600203125 0.5037819234375001
1 0.6982795171875 0.5513721828125 0.6955642234375 0.5116360921875 0.6447350046875 0.5188330062500001 0.6474503 0.558569096875 0.6982795171875 0.5513721828125
1 0.5996057203125 0.570844709375 0.5977425140625 0.543578234375 0.530139440625 0.5531501609375 0.532002646875 0.580416634375 0.5996057203125 0.570844709375
1 0.4043670578125 0.524542603125 0.40213099531249996 0.49181968906250007 0.34499836250000004 0.499909103125 0.347234425 0.5326320171875001 0.4043670578125 0.524542603125
1 0.51653175 0.2997866546875 0.5134704625000001 0.254987240625 0.46945231718749997 0.2612197734375 0.4725136046875 0.306019190625 0.51653175 0.2997866546875
1 0.5817223734375 0.2547542375 0.5788738390625 0.2130682921875 0.5327616046875 0.21959732812500002 0.5356101390625 0.261283271875 0.5817223734375 0.2547542375
1 0.6263473312500001 0.234273721875 0.623073290625 0.1863608328125 0.58377213125 0.1919254890625 0.587046171875 0.239838375 0.6263473312500001 0.234273721875
1 0.635808371875 0.2797467328125 0.632773946875 0.23534043124999998 0.590321078125 0.24135133749999998 0.593355503125 0.2857576375 0.635808371875 0.2797467328125