1 0.7337343296875 0.25380685468749997 0.741457240625 0.26125825156250004 0.7556447515625 0.2694139578125 0.764264225 0.2703530390625 0.77095296875 0.269429271875 0.7783141312499999 0.2636212671875 0.7798831140625 0.25222471562500004 0.7764699390625001 0.24524285781250002 0.7687470281250001 0.2377914625 0.7605758375 0.233596221875 0.75218050625 0.23102906406249998 0.7370964328125 0.22938567187499997 0.7323384171875 0.2321722875 0.7271321203125 0.23821506406249998 0.7264597 0.24309930156249998 0.7337343296875 0.25380685468749997
1 0.6772594890625 0.2509589859375 0.6988081640625 0.2533066890625 0.7054969078125 0.25238291875 0.7238565515625 0.2461206890625 0.7249772531249999 0.23798029375000002 0.7172543421875 0.23052889687499997 0.7026185484374999 0.225629346875 0.678915003125 0.22304687343750002 0.6655375171875 0.2248944109375 0.6603312203125 0.23093718437500002 0.6598829390625001 0.23419334374999998 0.661141246875 0.240940428125 0.6650027015625 0.2446661265625 0.6772594890625 0.2509589859375
1 0.5743762578125 0.2992399328125 0.582323309375 0.30506325156249997 0.5887879125000001 0.3057675625 0.5933217875000001 0.30460902500000003 0.607819975 0.29462109375 0.6132504109375 0.2869502390625 0.6154918140625 0.27066945 0.61400936875 0.26555044375 0.60799304375 0.26158997500000003 0.59721870625 0.260416125 0.5905299625 0.261339890625 0.5784107828125 0.2699345140625 0.5755834937500001 0.27458398125 0.5714113640625 0.2890019203125 0.5743762578125 0.2992399328125
1 0.5929089703125 0.259946584375 0.6103720515625 0.2601966671875 0.619888084375 0.25462343125000003 0.62509438125 0.24858065625 0.625990940625 0.242068340625 0.6223536265625 0.2367145640625 0.6161131625 0.2343821734375 0.59240961875 0.23179970156250002 0.5723433874999999 0.23457100468749997 0.56282735625 0.24014423906250001 0.5617066562499999 0.24828463437499998 0.5694295640625 0.25573603125 0.5929089703125 0.259946584375
1 0.5463119062499999 0.2647848796875 0.5506216421875 0.2652544203125 0.55968939375 0.2629373453125 0.5648956890625 0.25689457031249996 0.5653439703124999 0.2536384125 0.5582934796875 0.24130277812499998 0.5525012968749999 0.23571422968750003 0.532073321875 0.22522613281249998 0.5212989828125 0.22405228125 0.5141619578125 0.2282322078125 0.5123688359374999 0.2412568390625 0.5140754249999999 0.24474776718750002 0.525659790625 0.2559248625 0.5463119062499999 0.2647848796875
1 0.5190731875 0.3196547109375 0.5317782546875 0.3226914109375 0.5384669984375 0.32176764375 0.543225015625 0.318981025 0.5460523015625001 0.3143315578125 0.54739714375 0.30456308593750003 0.54398396875 0.297581228125 0.530020596875 0.28779744375 0.5175396703125 0.2831326640625 0.5046104640625 0.28172404218749997 0.4972493 0.2875320453125 0.4963527390625 0.2940443625 0.503403228125 0.306379996875 0.5190731875 0.3196547109375
1 0.5945914546875 0.5972396296875 0.6029867859375 0.5998067890625001 0.6180708609375001 0.6014501812499999 0.6247596046874999 0.6005264125 0.6297417609375 0.596111715625 0.6310866015625 0.5863432421875 0.6195022359375 0.575166146875 0.6050905828124999 0.5686385203125 0.594540384375 0.5658365890625 0.581611178125 0.5644279671875 0.5723192874999999 0.5683731234375 0.571198584375 0.5765135171875 0.5726810328124999 0.5816325250000001 0.5844895375 0.591181540625 0.5945914546875 0.5972396296875
1 0.7560022515625 0.48923524062499996 0.7710863265625 0.49087863125000003 0.7777750703125 0.48995486406250005 0.7922732578125 0.47996693281249997 0.8003068437499999 0.469274690625 0.8016516843750001 0.459506215625 0.8001692374999999 0.4543872109375 0.796083640625 0.45228959062499996 0.7809995671875 0.4506462 0.7764656921875 0.4518047390625 0.76219164375 0.4601645890625 0.752003190625 0.47062206093750003 0.75021006875 0.4836466921875 0.7560022515625 0.48923524062499996
1 0.7635166296875 0.5776363531250001 0.7786007046875 0.5792797453125 0.78313458125 0.578121209375 0.7878925953125 0.575334590625 0.7907198859375 0.570685125 0.7916164453125 0.564172809375 0.7819628078124999 0.5548585625 0.761310690625 0.54599854375 0.7397620140625001 0.543650840625 0.732624990625 0.5478307671875 0.7315042875 0.5559711609375 0.7349174640625 0.56295301875 0.744795240625 0.5706391843749999 0.7635166296875 0.5776363531250001
1 0.3999653296875 0.5016729015625 0.41334281562499997 0.4998253640625 0.4297717296875 0.4917002828125 0.43758117500000004 0.48263612031249997 0.43870187656250004 0.474495725 0.430754828125 0.46867240624999995 0.4176014796875 0.468891865625 0.3947079625 0.47631263749999997 0.387346796875 0.482120640625 0.3845195078125 0.48677010625 0.3836229484375 0.49328242343750006 0.3891909890625 0.5004990484375 0.3999653296875 0.5016729015625
1 0.790308615625 0.580662721875 0.7947219359375 0.5486058484375 0.7321014796875 0.541783425 0.7276881578125 0.5738402984375 0.790308615625 0.580662721875
1 0.798635246875 0.49531772656250006 0.8045884109375001 0.45207594999999995 0.7547463203125 0.4466457140625 0.74879315625 0.489887490625 0.798635246875 0.49531772656250006
1 0.6320494828125 0.6031796984375 0.6368124640625 0.56858301875 0.57216643125 0.5615399125 0.5674034515625 0.5961365890625 0.6320494828125 0.6031796984375
1 0.4362177734375 0.5064405484375001 0.4413304109375 0.46930406874999997 0.3881267265625 0.463507590625 0.3830140875 0.50064406875 0.4362177734375 0.5064405484375001
1 0.778033296875 0.2725720015625 0.7835673187500001 0.232374734375 0.729027615625 0.22643269843749997 0.72349359375 0.266629965625 0.778033296875 0.2725720015625
1 0.7255732546875 0.256528425 0.729636915625 0.22701135468750003 0.6616292890625 0.21960200468750002 0.657565628125 0.249119075 0.7255732546875 0.256528425
1 0.6118261234375 0.3081783984375 0.6183396375 0.260866425 0.5759102921875 0.2562437984375 0.5693967765625 0.303555771875 0.6118261234375 0.3081783984375
1 0.625602640625 0.2626822703125 0.62952509375 0.23419088906250002 0.5648790625 0.22714777968750002 0.5609566078125 0.2556391609375 0.625602640625 0.2626822703125
1 0.56272818125 0.2677136390625 0.5683316875 0.2270116640625 0.51445999375 0.221142409375 0.5088564890625 0.26184438125 0.56272818125 0.2677136390625
1 0.546723384375 0.3243114015625 0.5520467140624999 0.285644528125 0.496817453125 0.279627365625 0.491494121875 0.3182942390625 0.546723384375 0.3243114015625
2 0.7505197890625 0.5370809328124999 0.7539513765625 0.51215504375 0.7202707937499999 0.5084855828125 0.71683920625 0.533411471875 0.7505197890625 0.5370809328124999
2 0.662013175 0.594050465625 0.6655164859375 0.568603590625 0.631835903125 0.5649341328124999 0.6283325921875 0.5903810046875 0.662013175 0.594050465625
2 0.6275663437500001 0.4172974328125 0.631208621875 0.39084115 0.5914728609375 0.3865119875 0.58783058125 0.41296826875 0.6275663437500001 0.4172974328125
2 0.5871330328125001 0.45783197343750004 0.5907058265625 0.4318803953125 0.5577148015625 0.42828606249999995 0.5541420078125 0.454237640625 0.5871330328125001 0.45783197343750004
2 0.5380517140625 0.476743303125 0.541763475 0.4497823171875 0.5047212984375 0.44574661562499995 0.5010095359375 0.4727076015625 0.5380517140625 0.476743303125
2 0.5306719140625 0.3912569875 0.5343141921875 0.364800703125 0.4999655984375 0.361058465625 0.49632332031250004 0.3875147484375 0.5306719140625 0.3912569875
2 0.5396550609374999 0.2863683578125 0.5430171640625 0.26194717500000003 0.5093365796875 0.258277715625 0.505974478125 0.282698896875 0.5396550609374999 0.2863683578125
2 0.66392314375 0.21779455625000002 0.66770663125 0.19031258281250002 0.6326900328125 0.1864975671875 0.6289065453125 0.21397954062500002 0.66392314375 0.21779455625000002
2 0.44897455624999993 0.22019645625 0.452616834375 0.1937401734375 0.4162426671875 0.1897772515625 0.4126003890625 0.216233534375 0.44897455624999993 0.22019645625
2 0.8476529046874999 0.13919057031249998 0.8512257 0.1132389921875 0.813515515625 0.10913051250000001 0.80994271875 0.135082090625 0.8476529046874999 0.13919057031249998
0 0.6386120234375 0.3304722375 0.6424963734375 0.30225763125 0.605152515625 0.2981890625 0.601268165625 0.32640366875 0.6386120234375 0.3304722375
0 0.5430718 0.2247719046875 0.54665804375 0.1987226421875 0.5100252937499999 0.1947315484375 0.50643905 0.22078081093750002 0.5430718 0.2247719046875
0 0.453336146875 0.1511014484375 0.4569963578125 0.1245149203125 0.421074709375 0.1206013 0.41741450156250004 0.147187828125 0.453336146875 0.1511014484375
0 0.47449481562500007 0.37870007499999997 0.478081059375 0.35265081249999997 0.4400045453125 0.348502421875 0.43641830312499996 0.37455168437499997 0.47449481562500007 0.37870007499999997
0 0.4182393765625 0.5543377109375001 0.4219757921875 0.5271976359375 0.3896527765625 0.52367608125 0.3859163578125 0.5508161546875 0.4182393765625 0.5543377109375001
2 0.7430375812500001 0.5357452171875 0.75017460625 0.531565290625 0.7517435875 0.5201687390624999 0.7500370015625 0.5166778109375 0.7418658109375 0.512482571875 0.7246268687499999 0.510604409375 0.7174898437499999 0.5147843359375 0.7161450031250001 0.524552809375 0.7195581765625 0.5315346640625 0.7255745 0.535495134375 0.7385037078125001 0.53690375625 0.7430375812500001 0.5357452171875
2 0.6588757421875 0.5910233359375 0.6640820374999999 0.584980559375 0.664754459375 0.5800963234375 0.6572556890625 0.571016846875 0.65317009375 0.5689192296875001 0.635931153125 0.5670410671874999 0.628794128125 0.57122099375 0.6276734265624999 0.5793613875 0.6310866015625 0.5863432421875 0.6368787859375 0.5919317890625 0.649807990625 0.5933404125 0.6588757421875 0.5910233359375
2 0.6000772109375 0.4144099375 0.615161284375 0.41605332968750003 0.6196951609375 0.4148947890625 0.6275046046874999 0.4058306265625 0.6264704390625 0.3974554625 0.62067825625 0.3918669140625 0.6144377921874999 0.389534525 0.607973190625 0.3888302140625 0.5967505703125 0.390912521875 0.5915442750000001 0.3969552953125 0.5906477125 0.4034676109375 0.5945091671875 0.40719330937500003 0.595991615625 0.4123123171875 0.6000772109375 0.4144099375
2 0.557840953125 0.45112081406250004 0.5576168125 0.45274889218750003 0.5617024093749999 0.45484651249999997 0.5700977390624999 0.4574136734375 0.5767864828125 0.45648990468750006 0.583699365625 0.45393805625 0.58392350625 0.4523099796875 0.5886815234375 0.4495233609375 0.5900263640625 0.4397548890625 0.582303453125 0.432303490625 0.5760629890625 0.4299711015625 0.5674435203125 0.429032021875 0.5607547765625001 0.4299557890625 0.5555484796875 0.43599856406250004 0.5539794984374999 0.447395115625 0.557840953125 0.45112081406250004
2 0.5133122218749999 0.4727094421875 0.5240865609375 0.47388329375 0.5286204359375 0.47272475468749997 0.5333784515625 0.46993813749999996 0.5355333203125 0.4701729078125 0.53813646875 0.46715151875 0.5394813093749999 0.457383046875 0.5317584 0.44993165 0.5145194578125001 0.4480534875 0.50998558125 0.44921202656250003 0.505227565625 0.45199864375 0.503658584375 0.4633951953125 0.5053651718750001 0.466886125 0.5133122218749999 0.4727094421875
2 0.533897659375 0.37084478125000003 0.5300362046875 0.36711908125 0.5218650140625 0.36292384375000003 0.5089358078124999 0.361515221875 0.4994197765625 0.3670884578125 0.4980749359375 0.3768569296875 0.49978152187499997 0.380347859375 0.5075044328125 0.3877992546875 0.52258850625 0.38944264687499996 0.5321045375 0.3838694125 0.533897659375 0.37084478125000003
2 0.5347786125 0.28501082499999997 0.539536628125 0.2822242078125 0.5451912046875 0.2729252765625 0.5437087593750001 0.26780626875 0.537916575 0.26221772187500003 0.5211259140625 0.2570834 0.5094550140624999 0.2624218640625 0.5074377515624999 0.277074575 0.5093684796875 0.2789374234375 0.5134540734375 0.28103504375 0.5199186765625 0.2817393546875 0.52184940625 0.2836022046875 0.5347786125 0.28501082499999997
2 0.6330768953125 0.20648537500000003 0.6407998046875 0.213936771875 0.655883878125 0.2155801640625 0.66064189375 0.21279354687500002 0.6627967625 0.21302831718749998 0.6680030593749999 0.206985540625 0.6688996203124999 0.2004732265625 0.6674171734375001 0.1953542203125 0.6635557171875 0.1916285203125 0.6532296578125 0.1871985109375 0.6467650546875 0.1864942 0.63509415625 0.191832665625 0.6344217375000001 0.1967169015625 0.6318185875 0.1997382890625 0.633749315625 0.20160113750000003 0.6330768953125 0.20648537500000003
2 0.8079162500000001 0.128036490625 0.8177940265625001 0.13572265781249998 0.8242586296875001 0.13642696875 0.8283442265625001 0.13852458750000002 0.83503296875 0.13760081875000002 0.8493070156250001 0.1292409671875 0.85213430625 0.12459150156250001 0.85042771875 0.1211005734375 0.8465662640625 0.1173748734375 0.8467904031250001 0.115746796875 0.8364643453125 0.11131678593750001 0.8235351390625001 0.1099081640625 0.8190012624999999 0.111066703125 0.8142432453125 0.11385331875 0.8090369515625 0.1198960953125 0.8079162500000001 0.128036490625
2 0.43443185156249997 0.2195457078125 0.44112059531250003 0.2186219390625 0.448481759375 0.2128139359375 0.45005074062499995 0.20141738125000003 0.44834415468750005 0.19792645312499998 0.444482696875 0.19420075625 0.43608736718749996 0.19163359687499998 0.422934021875 0.191853053125 0.4134179890625 0.1974262875 0.41229728750000005 0.2055666828125 0.414003875 0.20905761093750003 0.4236575125 0.21837185625000002 0.43443185156249997 0.2195457078125
0 0.6160422390625 0.33021937343749996 0.627040715625 0.32976514687499997 0.6339536 0.32721330000000004 0.6391598968750001 0.3211705234375 0.6402805984375 0.313030128125 0.632781828125 0.30395065312499997 0.6176977531250001 0.30230726093750004 0.6084058625 0.30625241718749996 0.6058027125 0.3092738046875 0.6027512859375 0.31555135 0.60423373125 0.32067035625 0.6119566437499999 0.32812175312499997 0.6160422390625 0.33021937343749996
0 0.46745850468750005 0.3768263046875 0.47459552968749996 0.372646378125 0.4761645109375 0.36124982499999997 0.46844159999999996 0.35379842968749997 0.46220113749999997 0.3514660390625 0.4535816671875 0.3505269578125 0.449047790625 0.35168549531250004 0.4416866265625 0.3574935 0.440341784375 0.367261975 0.44806469687500006 0.374713371875 0.4607697625 0.377750071875 0.46745850468750005 0.3768263046875
0 0.4130832125 0.54937204375 0.41806536875000005 0.544957346875 0.41941021093749997 0.5351888734375 0.417703621875 0.5316979453124999 0.4116873 0.5277374765625 0.396603225 0.526094084375 0.3868630546875 0.5332953984375 0.3857423515625 0.5414357921875 0.387448940625 0.544926721875 0.3953959890625 0.5507500390625 0.4061703296875 0.5519238890625 0.4130832125 0.54937204375
0 0.54441664375 0.21500343125 0.545313203125 0.208491115625 0.53781443125 0.199411640625 0.5251093671875 0.1963749390625 0.513886746875 0.1984572453125 0.5080080312499999 0.20938425781249997 0.5131277937500001 0.21985704374999998 0.5172133875 0.2219546609375 0.534452328125 0.2238328234375 0.541589353125 0.2196528984375 0.54441664375 0.21500343125
0 0.43953600625 0.15069685156249998 0.4486037578125 0.148379775 0.4538100546875 0.142337 0.45425833437499996 0.1390808421875 0.45300002656249994 0.13233375625 0.44527711718749996 0.1248823609375 0.428038175 0.12300419843749999 0.41398826718750004 0.1297359703125 0.41309170625 0.1362482859375 0.41479829375 0.1397392140625 0.42252120312499997 0.14719061093750002 0.4266067984375 0.1492882296875 0.43953600625 0.15069685156249998