1 0.653056175 0.37235385625 0.6549620203125001 0.3759944046875 0.6614718625 0.379992109375 0.6683778609375 0.3805278453125 0.6731799374999999 0.37915401718749997 0.6856803218749999 0.371391984375 0.69107663125 0.36482519999999996 0.69726525 0.35133447812499996 0.6982556375 0.342679553125 0.69654786875 0.33730801875 0.692340025 0.3334888921875 0.67852803125 0.332417421875 0.6737259546875001 0.33379125 0.6606313359375 0.3467462375 0.654838871875 0.3567749921875 0.653056175 0.37235385625
1 0.6328626953125001 0.2240938671875 0.636674384375 0.23137496249999998 0.6454862265625 0.235551246875 0.6571943015625 0.23471315312500002 0.6675907640625 0.22504155625000002 0.6733832296875 0.2150128046875 0.6761563140625 0.190779015625 0.670042625 0.183319340625 0.665636703125 0.1812311984375 0.65873070625 0.1806954640625 0.6464283984375 0.18672651093749998 0.641230165625 0.1915623078125 0.6354377046875 0.2015910625 0.6317491609375 0.21352937968750002 0.6328626953125001 0.2240938671875
1 0.5253111703125 0.2506775421875 0.5453117859375001 0.23825828750000003 0.5482080171875 0.23324391093750002 0.546698328125 0.22614139375 0.5380845625 0.2202341265625 0.514866490625 0.22017932812500002 0.5004602609375 0.22430081249999997 0.48545979843750003 0.2336152515625 0.483875178125 0.24746313281250001 0.4901869453125 0.253191821875 0.5063009421875 0.2544418703125 0.5253111703125 0.2506775421875
1 0.54411810625 0.411054425 0.5508260265625 0.413321146875 0.5784500203125 0.4154640859375 0.587856096875 0.4144474140625 0.599960325 0.41014735 0.60265848125 0.40686395937500003 0.603450790625 0.3999400203125 0.5996391015625 0.39265892343750003 0.59523318125 0.39057078125 0.5839212593750001 0.38794690468750004 0.5678072640625 0.38669685625 0.5464950375 0.39028260625 0.5389948046875 0.39493982656250004 0.5378063390625 0.405325734375 0.54411810625 0.411054425
1 0.576838684375 0.490432175 0.5839427609375 0.489236925 0.6008490671875 0.48356303125 0.61604760625 0.47251760625 0.6166418390625 0.46732465312500004 0.61052815 0.45986497968749995 0.59691423125 0.457062521875 0.5806021578125 0.4575434609375 0.5611957734375 0.4647697578125 0.553497465625 0.4711579640625 0.5523090015625 0.48154387187500003 0.5586207671875 0.4872725625 0.576838684375 0.490432175
1 0.6338908703125 0.5804292078125 0.64540086875 0.5813221000000001 0.65250494375 0.58012685 0.6580993296875 0.57182908125 0.6590897171875 0.5631741578125 0.653768340625 0.5487905421875 0.64344680625 0.5375117406250001 0.6390408859375001 0.5354236 0.627728965625 0.5327997234375 0.622926890625 0.53417355 0.615426659375 0.5388307718750001 0.6136439609375001 0.5544096359374999 0.6191634171875 0.567062265625 0.6338908703125 0.5804292078125
1 0.4832490171875 0.47618652343749995 0.5062690109375 0.47797230625 0.5156750875 0.476955634375 0.5352795484375 0.46799834999999995 0.5406758578125 0.46143156875 0.5414681671875 0.454507628125 0.5374584015625 0.44895751562499997 0.5307504796875 0.446690796875 0.512334484375 0.44526216874999996 0.49082417968750003 0.45057890624999997 0.47812571562499995 0.460071921875 0.4769372515625 0.4704578328125 0.47884309687500004 0.47409837968749996 0.4832490171875 0.47618652343749995
1 0.3810670859375 0.5573236234375 0.394482928125 0.5618570625 0.4013889265625 0.5623927984375 0.406191003125 0.56101896875 0.41388931093750003 0.5546307640625 0.415077775 0.5442448546875001 0.40686016562500005 0.5348756156250001 0.387132559375 0.5246134875 0.3712166390625 0.521632453125 0.3616124875 0.524380109375 0.35851817812500003 0.5311254703125 0.3598297890625 0.539958975 0.361735634375 0.5435995234375001 0.370151321875 0.5512377765625 0.3810670859375 0.5573236234375
1 0.511585178125 0.654766146875 0.525001015625 0.6592995890625 0.5503230109375 0.66126395 0.5574270875 0.6600687 0.56492731875 0.6554114796875 0.568021628125 0.64866611875 0.5665119390625 0.6415636 0.5602001734375001 0.6358349109375 0.54678433125 0.6313014703125 0.5239624140625 0.627784703125 0.5122543390625001 0.628622796875 0.5049521859375 0.63154903125 0.50225403125 0.6348324203125 0.5010655671875 0.6452183328125 0.511585178125 0.654766146875
1 0.40032882187499996 0.42958789375000006 0.40532897500000004 0.42648307812499997 0.4109233625 0.4181853109375 0.40980982812500005 0.407620821875 0.38877060937499996 0.3885251890625 0.3843646875 0.38643704843750004 0.37055269062499996 0.385365578125 0.363052459375 0.3900227984375 0.35995814843749996 0.396768159375 0.36738345 0.41306133906250003 0.375601059375 0.42243057500000003 0.388818825 0.4286950015625 0.40032882187499996 0.42958789375000006
1 0.6592919359375 0.582818828125 0.6648856453125 0.5339358125 0.6154617171875 0.5301017375 0.6098680078125 0.5789847515625001 0.6592919359375 0.582818828125
1 0.6956316078125 0.384790075 0.7017482421875 0.331337259375 0.6563758328125 0.32781748125 0.6502592 0.381270296875 0.6956316078125 0.384790075
1 0.6727880484375001 0.23817563593750002 0.6794870296875 0.17963372500000002 0.6368309796875 0.17632466875 0.6301319984375 0.23486657812499998 0.6727880484375001 0.23817563593750002
1 0.5475284953124999 0.2582600640625 0.5520149515624999 0.21905325625 0.48567132500000004 0.213906628125 0.48118486875000005 0.2531134359375 0.5475284953124999 0.2582600640625
1 0.61475208125 0.49459576250000004 0.6190622484375 0.45692953125 0.554053784375 0.45188647968750006 0.5497436171875 0.4895527109375 0.61475208125 0.49459576250000004
1 0.601594725 0.41859550156249997 0.60509079375 0.3880436171875 0.5387471703125 0.38289699062500004 0.5352511015625 0.41344887343750003 0.601594725 0.41859550156249997
1 0.5383111859375 0.4819947765625 0.54250646875 0.445332515625 0.4795467828125 0.4404483984375 0.4753515015625 0.47711065937499997 0.5383111859375 0.4819947765625
1 0.4095356703125 0.43142851093749995 0.41460447343749995 0.38713260781250003 0.360438425 0.3829306609375 0.355369621875 0.42722656406250004 0.4095356703125 0.43142851093749995
1 0.41364833125 0.5627238703125 0.4181347875 0.5235170609375001 0.35922662031249997 0.5189472421875 0.3547401640625 0.5581540515625 0.41364833125 0.5627238703125
1 0.5674608890624999 0.66300381875 0.5711312656249999 0.6309286671875001 0.501403703125 0.6255195296875 0.497733325 0.65759468125 0.5674608890624999 0.66300381875
2 0.6813179828125 0.43813091093749995 0.6844634546874999 0.4106428703125 0.647217103125 0.4077534734375 0.64407163125 0.4352415140625 0.6813179828125 0.43813091093749995
2 0.6427825921875 0.3093082015625 0.6462786609375 0.27875631875 0.60700655 0.275709771875 0.6035104812500001 0.30626165625 0.6427825921875 0.3093082015625
2 0.69352313125 0.5941973468749999 0.6970192 0.5636454625 0.6611310265625 0.5608614265625 0.6576349578125 0.591413309375 0.69352313125 0.5941973468749999
2 0.65226830625 0.6264391812500001 0.6554732 0.5984318453124999 0.6182268484375 0.5955424484375 0.6150219531250001 0.6235497859375 0.65226830625 0.6264391812500001
2 0.6074974203125 0.6296371265625 0.6106428921875 0.6021490859374999 0.5761129 0.5994704109375 0.5729674296875 0.62695845 0.6074974203125 0.6296371265625
2 0.5682051859375 0.6327536375 0.5715843890625 0.6032230359375 0.5363868171874999 0.600492571875 0.5330076140625 0.6300231734375 0.5682051859375 0.6327536375
2 0.47265313906250006 0.6140422671875 0.476266075 0.582469103125 0.4397103234375 0.579633278125 0.4360973875 0.6112064453125 0.47265313906250006 0.6140422671875
2 0.46387707031250003 0.374530515625 0.467081965625 0.346523178125 0.42983561249999996 0.34363377968750003 0.42663071874999997 0.3716411171875 0.46387707031250003 0.374530515625
2 0.43911386874999997 0.33409373124999997 0.44202758906249995 0.3086309453125 0.4068300171875 0.30590048125 0.403916296875 0.33136326875 0.43911386874999997 0.33409373124999997
2 0.46235916718750003 0.214674046875 0.46573836875 0.18514344375 0.42715685781249996 0.182150471875 0.42377765468749995 0.211681075 0.46235916718750003 0.214674046875
0 0.7715437671875 0.3362539578125 0.7750398359374999 0.305702075 0.7330513671875 0.30244480625 0.7295552984375 0.3329966890625 0.7715437671875 0.3362539578125
0 0.44885082499999995 0.46992058906249995 0.45205572031249996 0.44191325312499996 0.41480936875 0.43902385625000007 0.411604475 0.4670311921875 0.44885082499999995 0.46992058906249995
0 0.4443750203125 0.44337811406250005 0.4475204921875 0.415890071875 0.41163232031249997 0.41310603593749995 0.4084868484375 0.440594078125 0.4443750203125 0.44337811406250005
0 0.410838215625 0.47981616093749996 0.41392624375000003 0.45283010468749996 0.37939625 0.45015142968750005 0.376308221875 0.47713748593750005 0.410838215625 0.47981616093749996
0 0.359876875 0.5729337328125 0.3630223453125 0.545445690625 0.32782477499999996 0.542715228125 0.32467930312500004 0.5702032703125 0.359876875 0.5729337328125
0 0.7502861671875001 0.33449138125 0.7598903203125 0.331743725 0.7700887062499999 0.3238031125 0.7710790937499999 0.3151481890625 0.764767328125 0.3094194984375 0.7513514859375 0.304886059375 0.739445334375 0.3074551359375 0.7319451031249999 0.31211235625 0.7288507937500001 0.31885771875 0.7303604828125 0.325960234375 0.7345683265625 0.3297793625 0.7456821703125 0.3341342234375 0.7502861671875001 0.33449138125
0 0.43367034687499995 0.44265247656250006 0.43847242499999994 0.44127864843750003 0.44597265625000004 0.43662142968750006 0.4471611203125 0.42623551875 0.44104743125 0.41877584375000004 0.43664150937499996 0.41668770312500003 0.420527515625 0.41543765625000006 0.41072528437500005 0.41991629531249997 0.40802713125 0.42319968750000003 0.4072348203125 0.43012362656249997 0.41545243125000003 0.439492865625 0.41985835156249995 0.44158100625 0.43367034687499995 0.44265247656250006
0 0.44990749062499996 0.46312193749999997 0.450897878125 0.45446701406249995 0.44268026875000005 0.445097775 0.424264271875 0.44366914687500003 0.41696211875 0.446595384375 0.411565809375 0.45316216562499995 0.41116965624999996 0.45662413593749995 0.4168871890625 0.46754578125 0.437605184375 0.4691529859375 0.4424072609375 0.4677791578125 0.44990749062499996 0.46312193749999997
0 0.387876653125 0.47751973750000004 0.40168865 0.47859120624999996 0.406490725 0.47721737812500004 0.414189034375 0.470829171875 0.414783265625 0.46563621875 0.410971578125 0.45835512031250003 0.406763734375 0.4545359953125 0.4023578125 0.4524478546875 0.3908478171875 0.4515549609375 0.3812436625 0.4543026171875 0.3785455078125 0.4575860109375 0.3773570421875 0.46797191875 0.38347073125 0.4754315953125 0.387876653125 0.47751973750000004
0 0.3493583953125 0.5705809687500001 0.354160471875 0.5692071421875 0.361660703125 0.5645499203125001 0.362651090625 0.5558949953125001 0.35653740312500004 0.5484353203125 0.35213148125 0.5463471796875 0.3383194828125 0.545275709375 0.3335174078125 0.5466495375 0.3210170234375 0.5544115703125 0.320422790625 0.559604525 0.322328634375 0.563245075 0.3309423984375 0.5691523421875 0.3493583953125 0.5705809687500001
2 0.6664453015625 0.43800750468749994 0.6735493765625 0.43681225625 0.6812476843749999 0.43042404999999995 0.68434199375 0.4236786890625 0.6828323046875 0.4165761703125 0.674218540625 0.41066890312500004 0.6535005453125 0.409061696875 0.648500390625 0.412166509375 0.6429060046874999 0.420464278125 0.6425098499999999 0.4239262484375 0.6461234609375001 0.43293833125000003 0.654935303125 0.4371146140625 0.6664453015625 0.43800750468749994
2 0.6837425484375 0.5912818718749999 0.693940934375 0.5833412609375 0.6949313218750001 0.574686334375 0.6930254765625 0.5710457859375 0.6844117109375001 0.56513851875 0.665995715625 0.5637098921875 0.6609955609375 0.56681470625 0.657901253125 0.5735600671875 0.6567127875 0.5839459765624999 0.66092063125 0.5877651015625001 0.672034471875 0.592119965625 0.6837425484375 0.5912818718749999
2 0.64755300625 0.623401475 0.6529493140625 0.616834690625 0.6539397015625 0.608179765625 0.6499299359374999 0.6026296531249999 0.6411180937500001 0.598453371875 0.629608096875 0.5975604796875 0.619805865625 0.6020391218750001 0.61440955625 0.6086059046875001 0.61802316875 0.6176179859375 0.62643885625 0.6252562390625 0.640250853125 0.626327709375 0.64755300625 0.623401475
2 0.6082209375 0.6220966265625 0.611513325 0.6136202796875 0.6055977140625 0.6044296218749999 0.6011917921875 0.6023414796875 0.580473796875 0.600734275 0.5679734109375 0.60849630625 0.5711908671875 0.620970359375 0.5867106328125 0.6274133625 0.59361663125 0.6279490953125 0.603220784375 0.6252014406249999 0.6082209375 0.6220966265625
2 0.5609924828125 0.6289109703125 0.5711908671875 0.620970359375 0.571983178125 0.61404641875 0.5681714906249999 0.606765321875 0.5593596468750001 0.6025890406250001 0.5455476499999999 0.6015175703125 0.5407455734375 0.6028913984375001 0.5355473421875 0.6077271953125 0.5314626453125 0.62312748125 0.5333684875 0.6267680312499999 0.55619040625 0.6302848 0.5609924828125 0.6289109703125
2 0.434885528125 0.371146359375 0.446197446875 0.37377023593750003 0.4533015234375 0.3725749859375 0.4633018328125 0.366365359375 0.4661980625 0.36135098125 0.46659421874999996 0.3578890125 0.4627825296875 0.35060791562500004 0.451866765625 0.34452206875 0.44496076562500003 0.343986334375 0.43305461406249995 0.3465554125 0.4280544609375 0.349660225 0.42666791875000004 0.36177711874999996 0.42857376406250003 0.3654176671875 0.434885528125 0.371146359375
2 0.44918489843750004 0.6115057078125 0.46549697187500005 0.6110247703125 0.47339335781249997 0.60290558125 0.4764876671875 0.5961602187499999 0.47458182187500003 0.592519671875 0.46616613593749995 0.5848814171875001 0.4500521375 0.5836313703125 0.4452500625 0.585005196875 0.44024990781250006 0.5881100125 0.4373536765625 0.5931243890625 0.43675944375000003 0.59831734375 0.44057113281250004 0.6055984390625 0.44918489843750004 0.6115057078125
2 0.6277608953125 0.3092692875 0.632562971875 0.3078954578125 0.640063203125 0.3032382375 0.6456575890625 0.2949404703125 0.642043978125 0.2859283875 0.6311282125 0.27984254218750004 0.619618215625 0.27894965156249996 0.6100140625 0.2816973078125 0.6075139875 0.28324971250000003 0.60382544375 0.2951880296875 0.609542978125 0.30610967499999997 0.6162508984375 0.3083763953125 0.6277608953125 0.3092692875
2 0.45060858281250005 0.21344815 0.4606088921875 0.207238521875 0.4633070453125 0.20395513125 0.46219351093750005 0.1933906421875 0.45607982343750003 0.1859309671875 0.4401639046875 0.1829499359375 0.42786159843749993 0.1889809828125 0.42516344375 0.1922643734375 0.4260789 0.204559846875 0.42798474531249997 0.2082003953125 0.43890050937499997 0.21428624375 0.45060858281250005 0.21344815
2 0.418129084375 0.3349194546875 0.42503508125 0.335455190625 0.4298371578125 0.3340813609375 0.44003554375 0.32614075 0.44082785312499995 0.3192168078125 0.4391200859375 0.3138452765625 0.43491224375000004 0.3100261515625 0.4237984 0.3056712890625 0.41919440156250004 0.30531413125 0.40959025000000004 0.30806178906250004 0.401891940625 0.3144499921875 0.401297709375 0.31964295 0.4049113203125 0.32865502968750004 0.418129084375 0.3349194546875