1 0.7688582359375 0.55593543125 0.7623384078125001 0.5655905078125001 0.7620730499999999 0.5741790390625 0.764285796875 0.5780733484375 0.773726709375 0.5871425328125001 0.7771785078125 0.588689734375 0.78812383125 0.5868232765625 0.7971809703125 0.583142984375 0.8083916515625 0.5726879953124999 0.8093061374999999 0.5682604109375 0.80735875 0.5557775703125001 0.8032578203125 0.5500694234375 0.7963542203125 0.5469750234374999 0.77602719375 0.5504412999999999 0.7688582359375 0.55593543125
1 0.746996121875 0.5084037984374999 0.73956180625 0.5224864578124999 0.7411846296875 0.5328888265625 0.7433973765624999 0.5367831375 0.7471737421875 0.5404108109375 0.7521891593750001 0.5416913734375 0.761570865625 0.540091553125 0.76750076875 0.5369445328125 0.7759087796874999 0.52910329375 0.7783868859374999 0.5244090734375 0.781130346875 0.5111263234375001 0.7801566531249999 0.5048849015625 0.7729284890625 0.499710028125 0.7588559312500001 0.5021097578125 0.746996121875 0.5084037984374999
1 0.67515745625 0.48007354375 0.6730039140625 0.4868482375 0.67619035625 0.49698396562499997 0.6806158499999999 0.5047725875 0.6884931453124999 0.5141084078125 0.70230034375 0.5202972078125 0.7132456656249999 0.518430753125 0.7185264421875 0.511122784375 0.7153400015625 0.5009870546874999 0.7068135765625 0.4874902859375 0.69079363125 0.4774071765625 0.6857782140625 0.4761266125 0.6779601265624999 0.47745979531250005 0.67515745625 0.48007354375
1 0.693034909375 0.43003693906249996 0.6912059328125 0.4388921078125 0.691265140625 0.4495611109375 0.695749840625 0.468018734375 0.7023880828125 0.4797016671875 0.7080526296875 0.48514317656249994 0.71274348125 0.4843432671875 0.718348821875 0.4791157734375 0.7220659796875 0.47207444218749994 0.7226559031249999 0.4655663859375 0.7194102546875001 0.44476164999999995 0.7117983171875 0.42683729843749996 0.7080219546875 0.423209625 0.6955130140625 0.42534271874999996 0.693034909375 0.43003693906249996
1 0.574787759375 0.3305951734375 0.572309653125 0.3352893921875 0.574581609375 0.3498527078125 0.5783579734375001 0.35348038125 0.592165171875 0.35966918125 0.6065622937499999 0.35934992499999996 0.6168584859374999 0.353322521875 0.6190120265625 0.34654782812499996 0.61803833125 0.3403064078125 0.615825584375 0.336412096875 0.6082728562499999 0.32915675 0.60136925625 0.32606235 0.5947902203125001 0.3250484234375 0.579154046875 0.32771478906249996 0.574787759375 0.3305951734375
1 0.467281925 0.36174258125000003 0.469494671875 0.3656368921875 0.4751592171875 0.3710784015625 0.4855146171875 0.375720003125 0.49209365156249996 0.37673392968749997 0.507729828125 0.3740675625 0.513010603125 0.3667595953125 0.5117123421875001 0.3584377015625 0.5057232328125 0.35091571718750003 0.48846423281250007 0.343179715625 0.46970082343749997 0.34637935625 0.46598366406249997 0.3534206875 0.467281925 0.36174258125000003
1 0.42314968437499995 0.531590578125 0.42132070937500005 0.54044574375 0.42521548749999993 0.565411425 0.429965546875 0.5752805203125 0.434066475 0.5809886671875 0.43751827499999996 0.5825358671875 0.4468999796875 0.5809360484375 0.4506171375 0.5738947171875 0.4524461140625 0.5650395500000001 0.448551334375 0.54007386875 0.44347671093749996 0.5281243015625 0.4378121640625 0.522682790625 0.43123312968749994 0.5216688640625 0.4268668421875 0.524549246875 0.42314968437499995 0.531590578125
1 0.471623971875 0.6365229375 0.45572243749999997 0.647777834375 0.44704906875 0.66420760625 0.44613458125000005 0.668635190625 0.447432840625 0.67695708125 0.44964558749999994 0.6808513921875 0.453421953125 0.6844790656249999 0.45843737031250004 0.6857596296875 0.46625545781250005 0.684426446875 0.47655165000000005 0.67839904375 0.483071478125 0.6687439671875001 0.48646407031249994 0.6596221640625 0.4873785578125 0.6551945781249999 0.48543116875000003 0.6427117375 0.4816548046875 0.6390840640625 0.47475120468750004 0.635989665625 0.471623971875 0.6365229375
1 0.4941944203125 0.6988845218749999 0.49581724375 0.7092868890624999 0.4980299921875 0.7131812 0.5096836515625001 0.72614469375 0.5234908500000001 0.73233349375 0.535999790625 0.7302004015625 0.5397169484375001 0.7231590703124999 0.5380941234375001 0.712756703125 0.5336686296875001 0.7049680828125 0.5185631703125 0.6904573875 0.5151113703125 0.6889101875 0.502277865625 0.6889628078125 0.4979115796875 0.691843190625 0.4941944203125 0.6988845218749999
1 0.5518706484375 0.6570119531249999 0.5516052890625 0.6656004828125 0.5555000671875 0.6905661640625 0.557712815625 0.694460475 0.567478290625 0.7056101328125 0.5737327624999999 0.7045435859375 0.5786889703125 0.695155146875 0.579603459375 0.6907275609375 0.5801933828125 0.6842195046875 0.5762986031249999 0.6592538234374999 0.573436728125 0.651198565625 0.565883996875 0.6439432187499999 0.5580659109375 0.645276403125 0.5552632390625 0.6478901484375 0.5518706484375 0.6570119531249999
1 0.4996198828125 0.7371089234375 0.542353546875 0.7298217421875 0.53488855625 0.6819708531249999 0.49215489218749997 0.689258034375 0.4996198828125 0.7371089234375
1 0.5561178859375 0.7082628703125 0.5853106234375 0.7032847624999999 0.5754665734375 0.640184003125 0.5462738359375 0.6451621109375 0.5561178859375 0.7082628703125
1 0.4504294765625 0.689271678125 0.492647146875 0.6820724890625 0.4849646984375 0.6328276828125 0.4427470265625 0.6400268734375001 0.4504294765625 0.689271678125
1 0.42835240625 0.5855192031249999 0.4564975203125 0.5807197421875 0.4468676828125 0.5189920953125 0.4187225671875 0.5237915546874999 0.42835240625 0.5855192031249999
1 0.6796944593750001 0.5262879093749999 0.7198325203125 0.5194433453125 0.7120429640625 0.46951198125 0.671904903125 0.47635654531249993 0.6796944593750001 0.5262879093749999
1 0.7423923734375 0.544077475 0.7872212843749999 0.5364330015625 0.7809474468750001 0.49621744999999995 0.7361185328125 0.503861921875 0.7423923734375 0.544077475
1 0.764885403125 0.5922063421875 0.8133575453124999 0.5839406031250001 0.8070837078125 0.543725053125 0.7586115640625 0.5519907890625 0.764885403125 0.5922063421875
1 0.6979462437499999 0.4889917140625 0.727654975 0.48392561718750005 0.7174863578124999 0.41874438437499995 0.6877776265625 0.42381048125 0.6979462437499999 0.4889917140625
1 0.5766559375 0.3665962203125 0.6225168375 0.3587757671875 0.6164572125000001 0.31993332812499997 0.5705963109375001 0.32775378125 0.5766559375 0.3665962203125
1 0.4694799484375 0.3827259625 0.5148248578125 0.3749935 0.5089826890625 0.3375449765625 0.46363778125 0.345277440625 0.4694799484375 0.3827259625
0 0.4575172171875 0.733726871875 0.48217546406249995 0.7295220109375 0.476557246875 0.6935090171875 0.45189899999999994 0.6977138765625 0.4575172171875 0.733726871875
0 0.675544171875 0.7105159765625 0.7002024203125 0.7063111171875 0.6950840328125001 0.67350205 0.670425784375 0.677706909375 0.675544171875 0.7105159765625
0 0.6160137796875 0.45944595625 0.6424701875000001 0.4549344640625 0.6366020546875 0.41731950468749995 0.6101456484375001 0.4218309953125 0.6160137796875 0.45944595625
0 0.4261505609375 0.3940659953125 0.4514029828125 0.3897598125 0.4460346796875 0.35534878124999997 0.42078225781249995 0.3596549625 0.4261505609375 0.3940659953125
0 0.8072147281250001 0.3118167265625 0.8360791078125 0.3068946140625 0.8303375546874999 0.27009103749999996 0.8014731749999999 0.2750131515625 0.8072147281250001 0.3118167265625
2 0.6354020734375 0.7222736140625 0.6624682921875 0.7176581328125 0.6572265703125 0.6840584875 0.6301603515624999 0.6886739687500001 0.6354020734375 0.7222736140625
2 0.9132656796875 0.6790129140625 0.9415358859375 0.674192121875 0.9359176671875 0.6381791265625 0.9076474625 0.6429999171875 0.9132656796875 0.6790129140625
2 0.46515297968749997 0.5689597921875 0.48981122812500005 0.56475493125 0.484442925 0.5303439 0.459784678125 0.5345487609374999 0.46515297968749997 0.5689597921875
2 0.591323828125 0.503062103125 0.617186059375 0.49865193124999996 0.612194253125 0.4666542515625 0.5863320203125 0.47106442031249995 0.591323828125 0.503062103125
2 0.6231188000000001 0.5050408640625 0.648371221875 0.50073468125 0.6432528343749999 0.467925615625 0.6180004140625 0.47223179843749996 0.6231188000000001 0.5050408640625
2 0.850279834375 0.5681613734375001 0.8773460515625 0.5635458921875001 0.8721043296875 0.52994624375 0.8450381109375 0.534561725 0.850279834375 0.5681613734375001
2 0.783809 0.54172436875 0.81087521875 0.5371088859375 0.8061300796875001 0.5066923640625001 0.7790638609375 0.5113078453125001 0.783809 0.54172436875
2 0.6929970812499999 0.426604721875 0.7194534890625001 0.42209322812499994 0.7140851859375 0.3876821953125 0.687628778125 0.3921936890625 0.6929970812499999 0.426604721875
2 0.682171665625 0.36518774062500003 0.7068299140625001 0.3609828796875 0.7014616109375 0.32657184687499996 0.6768033625000001 0.3307767078125 0.682171665625 0.36518774062500003
2 0.743003984375 0.327700040625 0.770070203125 0.32308456093750004 0.7644519859375001 0.28707156562499997 0.7373857671875 0.291687046875 0.743003984375 0.327700040625
0 0.46212599687499994 0.729982846875 0.47026864843749994 0.7307301374999999 0.47743760625 0.7252360062500001 0.4792665828125 0.7163808390625 0.47731919375 0.703897996875 0.47133008125 0.6963760140625 0.463187428125 0.6956287234375 0.4575820890625 0.7008562171875 0.455103984375 0.7055504390625 0.4541894953125 0.709978021875 0.45646145000000005 0.7245413359375 0.46212599687499994 0.729982846875
0 0.680501728125 0.709830771875 0.693010665625 0.7076976796875 0.697052390625 0.7027368234375 0.6963440546874999 0.687906871875 0.6897058140625 0.6762239421875 0.6862540125 0.674676740625 0.675308690625 0.6765431984375 0.6715915328125 0.6835845296875 0.6722998703124999 0.6984144796875 0.6767253640625001 0.7062031 0.680501728125 0.709830771875
0 0.803990396875 0.2872386359375 0.8056132203124999 0.29764100312499997 0.8081505343750001 0.30361578749999996 0.8153786984375 0.308790659375 0.8231967875 0.3074574765625 0.8275630734374999 0.30457709374999997 0.8312802312500001 0.2975357625 0.8312210234374999 0.28686675781250004 0.8286837125 0.2808919734375 0.826470965625 0.2769976640625 0.8189182359375 0.2697423171875 0.809861096875 0.27342261093750003 0.8058193734374999 0.2783834671875 0.803990396875 0.2872386359375
0 0.4279853359375 0.3876660328125 0.4317617 0.3912937046875 0.444270640625 0.3891606125 0.446748746875 0.3844663921875 0.447928590625 0.37145027812500003 0.44317853281249997 0.361581184375 0.43940216875000004 0.3579535109375 0.4296958984375 0.3574728578125 0.4240905578125 0.36270035156249997 0.42317607031250004 0.367127934375 0.42577258906250004 0.38377172187499997 0.4279853359375 0.3876660328125
0 0.6158277296875 0.44961019375 0.6230558937499999 0.45478506718749995 0.6324375984375 0.45318524687500006 0.63524026875 0.4505715 0.6377183734375 0.44587728125000003 0.6392227859374999 0.43494163906249994 0.634472725 0.42507254687499996 0.6256809421875 0.42016430937499993 0.622553709375 0.42069758281249997 0.6169483687499999 0.42592507656249995 0.6123167234375 0.43739398906250004 0.6158277296875 0.44961019375
2 0.46430592343750005 0.558745509375 0.468406853125 0.56445365625 0.475310453125 0.5675480562499999 0.4856066453125 0.561520653125 0.4877601859375 0.554745959375 0.48548823125 0.5401826437499999 0.4832754828125 0.536288334375 0.47761093906249996 0.5308468234375 0.46822923125000004 0.53244664375 0.46203396874999997 0.5441821953125 0.46111948125 0.548609778125 0.46430592343750005 0.558745509375
2 0.59261029375 0.49628575937499997 0.599838459375 0.501460634375 0.6107837796875 0.4995941765625 0.615415425 0.4881252640625 0.6134680375 0.47564242187500005 0.60904254375 0.46785380156249995 0.6055907421875 0.4663066015625 0.5946454218749999 0.4681730578125 0.5918427515625 0.47078680625 0.588450159375 0.4799086078125 0.5900729828125 0.490310975 0.59261029375 0.49628575937499997
2 0.6214045390625 0.49564724687500006 0.6255054671875 0.50135539375 0.6339726859375 0.50418315625 0.6386635375 0.503383246875 0.644268878125 0.498155753125 0.6464224187500001 0.4913810609375 0.644150465625 0.47681774531250004 0.638161353125 0.46929576093750003 0.6347095515625 0.4677485609375 0.628455084375 0.4688151078125 0.6212861249999999 0.4743092390625 0.61945715 0.48316440624999996 0.6214045390625 0.49564724687500006
2 0.6338585625000001 0.70924134375 0.636071309375 0.7131356546875 0.6436240375 0.720391 0.6530057421875 0.7187911796875001 0.6558084125 0.7161774328125 0.6588764421875 0.70497515625 0.65725361875 0.6945727890625 0.6550408703125 0.6906784781249999 0.6459245218749999 0.68368976875 0.6381064359375 0.6850229515625 0.635303765625 0.6876366984375 0.631911171875 0.696758503125 0.6338585625000001 0.70924134375
2 0.7095855703125 0.42294298750000003 0.714866346875 0.415635021875 0.7157808343750001 0.41120743906249996 0.71383344375 0.39872459843749997 0.7059561515625 0.38938877656250004 0.695010828125 0.391255234375 0.689730053125 0.39856320156249997 0.688815565625 0.40299078593750004 0.6910875203125 0.4175541 0.6933002671875 0.42144840937500005 0.7095855703125 0.42294298750000003
2 0.67978695625 0.35540653125 0.6873396859375001 0.362661878125 0.6907914859375001 0.3642090796875 0.69704595625 0.36314253281250003 0.7035657843750001 0.3534874546875 0.7044802703124999 0.349059871875 0.7025328828124999 0.33657703125 0.6965437703124999 0.3290550484375 0.68840111875 0.3283077578125 0.67966854375 0.3340685234375 0.6784294921875 0.336415634375 0.6778395671874999 0.342923690625 0.67978695625 0.35540653125
2 0.742803165625 0.3168950015625 0.74690409375 0.322603146875 0.75035589375 0.3241503484375 0.7613012171875 0.32228389062499996 0.76658199375 0.31497592343749997 0.76749648125 0.3105483390625 0.765549090625 0.2980654984375 0.757671796875 0.288729678125 0.74516285625 0.2908627703125 0.7423601875 0.29347651875 0.7396167234375 0.30675926875 0.742803165625 0.3168950015625
2 0.7812487625 0.5324643296875 0.783461509375 0.5363586406249999 0.79257785625 0.5433473515625 0.803523178125 0.54148089375 0.806001284375 0.5367866734375 0.807830259375 0.5279315062500001 0.8058828703125 0.5154486656249999 0.803670121875 0.5115543546875 0.796441959375 0.50637948125 0.785172071875 0.5061654640625 0.782693965625 0.5108596859375 0.779950503125 0.5241424359375 0.7812487625 0.5324643296875
2 0.84742288125 0.555353075 0.851848375 0.5631416953125 0.859076540625 0.56831656875 0.873149096875 0.5659168390625 0.8756272031250001 0.56122261875 0.8758925609375 0.5526340875 0.8739451718750001 0.540151246875 0.871732425 0.5362569359375 0.8645042593750001 0.5310820656249999 0.8551225546874999 0.532681884375 0.8495172140625 0.5379093765625 0.846124621875 0.54703118125 0.84742288125 0.555353075
2 0.909645159375 0.65580523125 0.9131561671874999 0.6680214359375001 0.9207088953125 0.6752767828125 0.9241606953125 0.6768239828125 0.9304151656249999 0.6757574359375 0.9332178343749999 0.6731436890625 0.9366104296875 0.6640218875 0.9336893453125 0.645297625 0.926136615625 0.638042278125 0.91955758125 0.63702835 0.9136276750000001 0.6401753703125 0.90991051875 0.6472167015625 0.909645159375 0.65580523125