1 0.6694998484375 0.2510840359375 0.67235635625 0.262124625 0.6951266640625 0.2741099265625 0.7241993421874999 0.2682190875 0.7292412390624999 0.253918171875 0.7089556265625 0.2430893234375 0.67825065625 0.2426712546875 0.6694998484375 0.2510840359375
1 0.6426580734375 0.3162797 0.649296003125 0.316594603125 0.6742154421875 0.31154531093750004 0.6796291562500001 0.3071285328125 0.6825581781250001 0.301555303125 0.6801097406250001 0.2920919421875 0.6701709703125001 0.28746612968749996 0.6656096578125 0.28673044999999997 0.646103934375 0.2873629640625 0.6336442140625 0.28988761093750004 0.62615388125 0.29472516249999997 0.6232248593749999 0.30029839375 0.6252652234375 0.308184528125 0.6281579890625 0.310918209375 0.6426580734375 0.3162797
1 0.6127059953125 0.4285831421875 0.6280222234374999 0.4370990859375 0.6375529203125 0.440147671875 0.648752165625 0.44119825312499994 0.6570586453125 0.43951515781249995 0.6608038109375001 0.43709638125000005 0.66414090625 0.43310037812499996 0.6649933078125 0.42794792031249995 0.6633610156249999 0.42163901406250004 0.660060178125 0.41732810625 0.6521980265625 0.4122815203125 0.6310600125 0.40660512656250003 0.6144470531249999 0.40997132187499996 0.6090333390625 0.4143880984375 0.607772865625 0.4179633265625 0.608997084375 0.4226950078125 0.6127059953125 0.4285831421875
1 0.6713504515625 0.5876713437500001 0.6775803109375 0.5864090203125001 0.6813254765625001 0.58399024375 0.6838464265625 0.5768397875 0.6797656984375 0.5610675171875 0.6710874 0.552866475 0.660740559375 0.5466634375 0.6495413125 0.5456128546875 0.6433114546875001 0.546875178125 0.6370453375 0.556444409375 0.639493775 0.5659077734375 0.649396290625 0.5788404953125 0.6622278265625 0.5861999859375 0.6713504515625 0.5876713437500001
1 0.6223277203124999 0.60092438125 0.626889034375 0.601660059375 0.6331188937500001 0.6003977359375 0.636864059375 0.597978959375 0.641461628125 0.590407728125 0.6381970453125 0.5777899109375 0.6278864578125 0.5632799625 0.6225090015625 0.5593898312500001 0.61546299375 0.5574976984375 0.60092665625 0.5604431187500001 0.5975895609374999 0.564439121875 0.596737159375 0.569591578125 0.6037106546875 0.5880975296875001 0.6123889499999999 0.59629856875 0.6223277203124999 0.60092438125
1 0.49871869531249996 0.49483750625 0.50824939375 0.49788609062500006 0.537322071875 0.4919952515625 0.543143859375 0.48915569999999997 0.551894665625 0.48074291875 0.553155140625 0.4771676921875 0.551930921875 0.47243600937499997 0.5490381578125 0.4697023296875 0.5395074578125 0.4666537453125 0.5307929062500001 0.46675961718750003 0.512103328125 0.4705465859375 0.4967145890625 0.47864446093749996 0.49378556875 0.484217690625 0.49582593125 0.49210382499999994 0.49871869531249996 0.49483750625
1 0.4592536625 0.40987898125 0.47460614687499997 0.41008801406249995 0.493295725 0.4063010453125 0.4970408921875 0.40388227031249996 0.5037150796875001 0.39589026562499996 0.5049755546875 0.3923150359375 0.5033432624999999 0.3860061265625 0.4958891859375 0.3825367703125 0.486766559375 0.38106541250000003 0.45936242812500006 0.38495825156249996 0.44397368750000005 0.393056128125 0.44271321406249997 0.39663135625 0.4443455046875 0.40294026406250005 0.4497229640625 0.4068303984375 0.4592536625 0.40987898125
1 0.4346967828125 0.331859171875 0.44337507656249997 0.34006021406250003 0.4483444625 0.3423731171875 0.4549823953125 0.342688021875 0.46080418281249996 0.339848471875 0.4641412765625 0.3358524703125 0.46625415312499996 0.3271247859375 0.4609492046875 0.30662083125 0.4572402953125 0.3007326984375 0.44730152500000003 0.2961068875 0.43858697187500006 0.29621275625 0.4298361640625 0.3046255375 0.42857569062499995 0.3082007671875 0.4277232890625 0.31335322187500003 0.4309878703125 0.325971040625 0.4346967828125 0.331859171875
1 0.452307165625 0.29011288125 0.45564425937499997 0.2861168796875 0.4564966609375 0.28096442499999996 0.454048225 0.271501059375 0.44826269218750003 0.26603370000000004 0.43583923125 0.2602514375 0.42463998593749996 0.25920085312499996 0.40761895312499996 0.2609898203125 0.40053669375 0.2674046 0.403393203125 0.2784451921875 0.41455619062500004 0.287802684375 0.4311328921875 0.29274339843749997 0.452307165625 0.29011288125
1 0.43698245625 0.5687635609374999 0.4477736265625 0.568236915625 0.453595415625 0.5653973671875 0.46319862343749996 0.5518321296875001 0.466980046875 0.54110644375 0.46289931875 0.525334171875 0.455445240625 0.5218648140625 0.44506214218749995 0.523968684375 0.4413169734375 0.5263874609375 0.436311334375 0.532381465625 0.43045329062500004 0.543527925 0.42667186875 0.5542536124999999 0.4311969234375 0.5632962 0.43698245625 0.5687635609374999
1 0.68531135 0.3101269625 0.6773539296875 0.2793710328125 0.61868941875 0.2912579078125 0.6266468374999999 0.3220138375 0.68531135 0.3101269625
1 0.7331166125 0.26682720625 0.7237309359374999 0.2305509828125 0.665066425 0.24243785624999997 0.6744520984375 0.27871408125 0.7331166125 0.26682720625
1 0.6701271140625 0.4372738421875 0.6602313468750001 0.39902608281249996 0.602605146875 0.4107025703125 0.6125009140625 0.44895032968750004 0.6701271140625 0.4372738421875
1 0.6875442328125 0.5847967625 0.675608103125 0.53866286875 0.633037396875 0.5472887421875 0.644973528125 0.5934226359375 0.6875442328125 0.5847967625
1 0.64681891875 0.59844343125 0.6348827890625001 0.5523095375 0.5943887015625 0.5605146359375001 0.60632483125 0.6066485312500001 0.64681891875 0.59844343125
1 0.5568368609375 0.4892860078125 0.5496955859375 0.4616845328125 0.49051192187500003 0.4736766 0.49765319375 0.5012780765625 0.5568368609375 0.4892860078125
1 0.5092764062499999 0.4047145796875 0.501625040625 0.3751415703125 0.43932644375 0.3877648 0.446977809375 0.4173378109375 0.5092764062499999 0.4047145796875
1 0.47055704374999996 0.3395322140625 0.4581108234375 0.2914267875 0.423846596875 0.29836956406250004 0.436292815625 0.346474990625 0.47055704374999996 0.3395322140625
1 0.45904375625 0.28873958437499997 0.44935202656250006 0.25128043906249997 0.3979556859375 0.261694603125 0.40764741562499995 0.2991537484375 0.45904375625 0.28873958437499997
1 0.4747572625 0.5627610671875 0.46343324218750004 0.5189930140625 0.4203433796875 0.5277240796875 0.4316674 0.571492134375 0.4747572625 0.5627610671875
2 0.7122469375 0.5557226515625 0.7056157546875 0.5300927109375 0.6749856109375 0.5362991312500001 0.6816167937500001 0.5619290718750001 0.7122469375 0.5557226515625
2 0.657331559375 0.39837701718749996 0.6508023953125 0.37314138125 0.6180956328125 0.37976857656249996 0.6246247984375 0.4050042125 0.657331559375 0.39837701718749996
2 0.572433878125 0.3383934359375 0.5657006765625 0.3123691875 0.5355896890625 0.318470415625 0.5423228890625 0.3444946640625 0.572433878125 0.3383934359375
2 0.6020516640625 0.2522930546875 0.5952164453125001 0.22587449999999998 0.561471371875 0.2327120828125 0.568306590625 0.2591306375 0.6020516640625 0.2522930546875
2 0.558190975 0.24748602968750003 0.55155979375 0.2218560859375 0.518853028125 0.22848328125 0.5254842125 0.254113225 0.558190975 0.24748602968750003
2 0.523919003125 0.2585801546875 0.5172878203125 0.2329502140625 0.4851002125 0.23947221718749997 0.491731396875 0.2651021578125 0.523919003125 0.2585801546875
2 0.553493290625 0.541827471875 0.5468621078125 0.51619753125 0.5146745 0.52271953125 0.5213056828125 0.548349471875 0.553493290625 0.541827471875
2 0.42734954375 0.47029070468749995 0.42082037968749997 0.44505506875 0.388632771875 0.45157707187499996 0.3951619375 0.47681270781249996 0.42734954375 0.47029070468749995
2 0.420870409375 0.409348509375 0.4142392265625 0.38371856875 0.38205161875 0.3902405703125 0.3886828015625 0.4158705109375 0.420870409375 0.409348509375
2 0.4184694125 0.3177098546875 0.4114301578125 0.2905026859375 0.3802808609375 0.2968143 0.387320115625 0.32402146875 0.4184694125 0.3177098546875
0 0.5519577265625 0.2761458984375 0.5448164515625 0.248544421875 0.509513915625 0.2556975859375 0.5166551875 0.2832990609375 0.5519577265625 0.2761458984375
0 0.583669846875 0.4493974953125 0.5768346281250001 0.4229789421875 0.54049378125 0.430342490625 0.5473290000000001 0.45676104687499997 0.583669846875 0.4493974953125
0 0.45092338125 0.390394715625 0.44408816093750003 0.363976159375 0.409304778125 0.3710241296875 0.416139996875 0.39744268437499997 0.45092338125 0.390394715625
0 0.453947590625 0.48233037031250003 0.4474184265625 0.45709473593750005 0.4167882828125 0.46330115625 0.42331744843749997 0.488536790625 0.453947590625 0.48233037031250003
0 0.43537835156250004 0.577388153125 0.42864515000000003 0.55136390625 0.3969766984375 0.557780715625 0.40370990000000007 0.5838049640625 0.43537835156250004 0.577388153125
2 0.7009399703125 0.5584369984374999 0.7046851359375 0.5560182250000001 0.71009885 0.551601446875 0.711359325 0.54802621875 0.709318959375 0.54014008125 0.7064261953125001 0.537406403125 0.69441080625 0.533201365625 0.6757212265625 0.5369883328125 0.6711236578124999 0.5445595671875 0.67275595 0.5508684734375 0.6814342453125 0.559069515625 0.68848025 0.56096164375 0.7009399703125 0.5584369984374999
2 0.632728559375 0.40460712499999996 0.645188278125 0.402082478125 0.6489334453125 0.399663703125 0.654347159375 0.395246925 0.655199559375 0.39009446875 0.653159196875 0.38220833593750003 0.647373665625 0.3767409734375 0.6361744203125 0.375690390625 0.6278679406250001 0.3773734890625 0.624122775 0.3797922640625 0.617856659375 0.3893614984375 0.6194889515625001 0.39567040625 0.6227897890625 0.39998131406250004 0.632728559375 0.40460712499999996
2 0.5470973031249999 0.3439422265625 0.553735234375 0.34425713125 0.5637102609375 0.3405760328125 0.5691239765625 0.33615925468749996 0.571644925 0.329008796875 0.569604559375 0.3211226625 0.5617424093750001 0.31607607656250003 0.5571810968750001 0.3153403984375 0.544721378125 0.31786504375 0.537639115625 0.324279821875 0.53637864375 0.32785505000000004 0.53841900625 0.3357411875 0.5417198437499999 0.3400520953125 0.5470973031249999 0.3439422265625
2 0.5898084046875 0.2556120953125 0.5935535703125 0.25319332031249997 0.5998196874999999 0.24362408593749998 0.5977793218749999 0.23573795 0.594478484375 0.23142704374999998 0.5828711656250001 0.2287992328125 0.5745646875 0.23048233125 0.5649977328125 0.23574065625 0.5616606390625 0.23973665937500002 0.564109075 0.24920002187499998 0.56989460625 0.2546673828125 0.5794253031250001 0.2577159671875 0.5898084046875 0.2556120953125
2 0.5533179031250001 0.24972666562499998 0.5579154734375 0.242155434375 0.5550589625 0.23111484531249998 0.552166196875 0.22838116562500002 0.54512019375 0.22648903437499998 0.536405640625 0.226594903125 0.5247620671875 0.23227400468749998 0.5201644984375 0.239845234375 0.5230210078125 0.25088582656249997 0.5412662578125 0.2538285390625 0.5495727375 0.252145440625 0.5533179031250001 0.24972666562499998
2 0.51093310625 0.26329460937500004 0.51634681875 0.25887783125 0.5226129359375 0.2493085984375 0.5209806453125 0.2429996890625 0.5151951125 0.23753233125 0.5081491078125 0.2356401984375 0.49361276875 0.2385856203125 0.489867603125 0.2410043953125 0.48567810624999996 0.250152853125 0.48731039843749996 0.25646176249999997 0.49598869375000004 0.2646628015625 0.50055000625 0.2653984796875 0.51093310625 0.26329460937500004
2 0.411518403125 0.3182966421875 0.41778451875 0.3087274109375 0.41492800937499996 0.29768681875 0.40083599843749995 0.29390255781249996 0.39045289843750003 0.2960064296875 0.38670773281250004 0.29842520625 0.38003354375 0.30641721093749996 0.3820739078125 0.314303346875 0.3949054421875 0.3216628359375 0.39946675468750004 0.3223985171875 0.407773234375 0.32071541875 0.411518403125 0.3182966421875
2 0.40985911406250003 0.41324788281249997 0.4156809 0.41040833125000004 0.42027846875 0.4028371 0.42072279687499997 0.3961074171875 0.4124525734375 0.3894836046875 0.40332994843750003 0.388012246875 0.3908702296875 0.39053689375 0.3871250625 0.39295566875 0.3837879671875 0.396951671875 0.38705255 0.4095694890625 0.389945315625 0.4123031703125 0.3994760140625 0.41535175312500006 0.40985911406250003 0.41324788281249997
2 0.401706915625 0.47465657656250004 0.40834484687500006 0.4749714796875 0.41624325625 0.47171115625000004 0.4249940609375 0.4632983765625 0.42625453750000003 0.45972314687500004 0.42462224531250004 0.4534142375 0.41260685468749997 0.449209203125 0.4059689234375 0.448894296875 0.39766244375 0.45057739531249996 0.3905801828125 0.456992175 0.389319709375 0.4605674015625 0.390952 0.466876309375 0.3942528375 0.47118721875 0.401706915625 0.47465657656250004
2 0.54415054375 0.5437288421875001 0.547895709375 0.5413100656250001 0.5508247296875 0.535736834375 0.5479682203125 0.5246962453124999 0.53802945 0.520070434375 0.5234931125 0.523015853125 0.514742303125 0.531428634375 0.514706046875 0.5397355453125 0.5229762703125 0.54635935625 0.5275375828125 0.5470950359375 0.5383287546875 0.546568390625 0.54415054375 0.5437288421875001
0 0.58111236875 0.44162443749999997 0.57866393125 0.43216107656249997 0.5687251609375 0.4275352640625 0.554188821875 0.430480684375 0.5454380140625 0.438893465625 0.5478864515625 0.448356828125 0.555748603125 0.45340341406249995 0.5603099140625 0.45413909218750004 0.5727696328125 0.45161444843750004 0.5765148 0.449195671875 0.58111236875 0.44162443749999997
0 0.43151397031250005 0.3955807734375 0.44148899531249997 0.3918996734375 0.44690270937500004 0.38748289687500004 0.44816318437499997 0.3839076671875 0.445306675 0.3728670796875 0.433291284375 0.3686620421875 0.42290818437500005 0.3707659125 0.41541785156250005 0.3756034640625 0.4112283546875 0.384751921875 0.4120445015625 0.387906378125 0.41742195937500004 0.3917965109375 0.42239134375000004 0.394109415625 0.43151397031250005 0.3955807734375
0 0.43319177499999995 0.48653600937499997 0.44565149374999996 0.4840113640625 0.44939666093749997 0.48159258749999995 0.4527337546875 0.47759658437499997 0.45358615625 0.472444128125 0.4527700109375 0.4692896734375 0.4469844796875 0.46382231406249996 0.43745378281249997 0.46077373125000004 0.4249940609375 0.4632983765625 0.418319875 0.4712903828125 0.4170594 0.474865609375 0.41828361875000003 0.479597290625 0.42406914999999995 0.4850646515625 0.43319177499999995 0.48653600937499997
0 0.430380778125 0.5601417453125 0.422518628125 0.555095159375 0.4059056703125 0.55846135625 0.39882340781250003 0.5648761343750001 0.402087990625 0.57749395 0.40954206875 0.5809633078124999 0.424078409375 0.5780178890625 0.427823575 0.5755991140625001 0.432829215625 0.5696051093750001 0.430380778125 0.5601417453125
0 0.5428260375 0.2767512671875 0.5490921531249999 0.2671820359375 0.5470517874999999 0.2592959 0.5416743296875 0.255405765625 0.53255170625 0.253934409375 0.52216860625 0.25603828125 0.5134177984375 0.26445106093750004 0.515866234375 0.2739144265625 0.5191670734375 0.27822533125 0.5286977703125 0.28127391562500004 0.5370042500000001 0.27959081874999997 0.5428260375 0.2767512671875