1 0.7359375 0.3229166671875 0.7484375 0.3375 0.7578125 0.3375 0.765625 0.3291666671875 0.765625 0.3145833328125 0.759375 0.2979166671875 0.7515625 0.2875 0.7484375 0.2854166671875 0.7390625 0.2854166671875 0.7328125 0.28958333281250004 0.73125 0.29375 0.7296875 0.3 0.7296875 0.3083333328125 0.7328125 0.3166666671875 0.7359375 0.3229166671875
1 0.7484375 0.40208333281249997 0.7578125 0.40208333281249997 0.7609375 0.4 0.7640625 0.3958333328125 0.765625 0.3875 0.765625 0.36666666718749996 0.7640625 0.35625 0.7609375 0.3479166671875 0.75625 0.3416666671875 0.746875 0.3416666671875 0.740625 0.3541666671875 0.7390625 0.3625 0.7390625 0.3854166671875 0.74375 0.39791666718749996 0.7484375 0.40208333281249997
1 0.6953125 0.4770833328125 0.709375 0.4791666671875 0.721875 0.47083333281249995 0.73125 0.4604166671875 0.73125 0.4479166671875 0.7296875 0.44375 0.7265625 0.44166666718750003 0.70625 0.44166666718750003 0.69375 0.45 0.6875 0.4583333328125 0.6875 0.46875 0.6890625 0.47291666718750003 0.6953125 0.4770833328125
1 0.646875 0.5645833328125 0.65 0.5625 0.6578125 0.5458333328125 0.659375 0.5375 0.659375 0.51875 0.6578125 0.5125 0.653125 0.50625 0.6453125 0.50625 0.6390625 0.5145833328125 0.6328125 0.525 0.6328125 0.5541666671875001 0.6375 0.5625 0.646875 0.5645833328125
1 0.5796875 0.55 0.5859375 0.55 0.5890625 0.5479166671875 0.59375 0.5416666671875 0.5984375 0.5291666671875 0.6 0.5145833328125 0.6 0.49791666718750005 0.5953125 0.49375 0.5859375 0.49375 0.578125 0.5041666671875 0.5734375 0.51875 0.571875 0.5270833328125 0.571875 0.5375 0.5734375 0.54375 0.5796875 0.55
1 0.5578125 0.39791666718749996 0.578125 0.39791666718749996 0.5828125 0.3958333328125 0.5921875 0.3854166671875 0.5921875 0.3729166671875 0.590625 0.36875 0.5828125 0.3645833328125 0.5640625 0.3645833328125 0.5578125 0.36666666718749996 0.55 0.375 0.5484375 0.3791666671875 0.5484375 0.3895833328125 0.5515625 0.39375 0.5578125 0.39791666718749996
1 0.4421875 0.2791666671875 0.4515625 0.2916666671875 0.4546875 0.29375 0.4625 0.29375 0.46875 0.2875 0.46875 0.2791666671875 0.4640625 0.2520833328125 0.4578125 0.23958333281250002 0.45 0.23541666718749998 0.44375 0.2375 0.4390625 0.24375 0.4390625 0.2666666671875 0.440625 0.275 0.4421875 0.2791666671875
1 0.409375 0.43541666718750005 0.4171875 0.44375 0.4265625 0.44375 0.4296875 0.44166666718750003 0.43125 0.4375 0.43125 0.4125 0.428125 0.40208333281249997 0.41875 0.3875 0.4125 0.38333333281250004 0.4109375 0.38333333281250004 0.403125 0.3916666671875 0.4015625 0.3958333328125 0.4015625 0.4145833328125 0.4046875 0.4270833328125 0.409375 0.43541666718750005
1 0.4671875 0.5229166671875001 0.4703125 0.525 0.4765625 0.525 0.4828125 0.5208333328125 0.484375 0.5145833328125 0.484375 0.5041666671875 0.4828125 0.49375 0.4765625 0.4791666671875 0.4703125 0.47083333281249995 0.4671875 0.46875 0.4609375 0.46875 0.4546875 0.47291666718750003 0.453125 0.4791666671875 0.453125 0.49791666718750005 0.45625 0.5083333328124999 0.4671875 0.5229166671875001
1 0.4796875 0.6020833328124999 0.484375 0.60625 0.4921875 0.60625 0.4953125 0.6041666671875 0.5 0.5958333328125 0.5015625 0.5833333328125 0.5015625 0.5666666671875 0.5 0.5541666671875001 0.4984375 0.55 0.4921875 0.5458333328125 0.4890625 0.5458333328125 0.484375 0.55 0.478125 0.5604166671875 0.4765625 0.5708333328124999 0.4765625 0.5916666671875 0.478125 0.5979166671875 0.4796875 0.6020833328124999
1 0.47083593749999997 0.23611458281250003 0.43697656250000005 0.23611458281250003 0.43697656250000005 0.29584375 0.47083593749999997 0.29584375 0.47083593749999997 0.23611458281250003
1 0.59375 0.3631875 0.546875 0.3631875 0.546875 0.39860416718749997 0.59375 0.39860416718749997 0.59375 0.3631875
1 0.7671875 0.28263541718749996 0.7296875 0.28263541718749996 0.7296875 0.3395729171875 0.7671875 0.3395729171875 0.7671875 0.28263541718749996
1 0.7671953125 0.33959375 0.7395859375 0.33959375 0.7395859375 0.40278125 0.7671953125 0.40278125 0.7671953125 0.33959375
1 0.7328046875 0.44096875 0.6869765625 0.44096875 0.6869765625 0.47778124999999994 0.7328046875 0.47778124999999994 0.7328046875 0.44096875
1 0.600515625 0.49028124999999995 0.570828125 0.49028124999999995 0.570828125 0.5513854171875 0.600515625 0.5513854171875 0.600515625 0.49028124999999995
1 0.6614609375 0.5041770828125001 0.6328203125 0.5041770828125001 0.6328203125 0.5673645828125 0.6614609375 0.5673645828125 0.6614609375 0.5041770828125001
1 0.48489062499999996 0.46875 0.452078125 0.46875 0.452078125 0.5270833328125 0.48489062499999996 0.5270833328125 0.48489062499999996 0.46875
1 0.5041640625 0.54584375 0.4749921875 0.54584375 0.4749921875 0.6069479171875 0.5041640625 0.6069479171875 0.5041640625 0.54584375
1 0.43332812499999995 0.3861145828125 0.40207812499999995 0.3861145828125 0.40207812499999995 0.4437604171875 0.43332812499999995 0.4437604171875 0.43332812499999995 0.3861145828125
2 0.497921875 0.27846875 0.474484375 0.27846875 0.474484375 0.3131979171875 0.497921875 0.3131979171875 0.497921875 0.27846875
2 0.43489843749999996 0.35694791718749996 0.41197656250000003 0.35694791718749996 0.41197656250000003 0.38471875 0.43489843749999996 0.38471875 0.43489843749999996 0.35694791718749996
2 0.5182265625 0.4923541671875 0.49427343749999997 0.4923541671875 0.49427343749999997 0.5277708328124999 0.5182265625 0.5277708328124999 0.5182265625 0.4923541671875
2 0.6291640625 0.425 0.6036484375 0.425 0.6036484375 0.4583333328125 0.6291640625 0.4583333328125 0.6291640625 0.425
2 0.6802109375 0.4118125 0.6531328125 0.4118125 0.6531328125 0.4451458328125 0.6802109375 0.4451458328125 0.6802109375 0.4118125
2 0.7953203125 0.3993020828125 0.7708359375 0.3993020828125 0.7708359375 0.43403125 0.7953203125 0.43403125 0.7953203125 0.3993020828125
2 0.8875078125 0.23957291718749998 0.8614609375000001 0.23957291718749998 0.8614609375000001 0.27221875 0.8875078125 0.27221875 0.8875078125 0.23957291718749998
2 0.7255234374999999 0.5472291671875 0.6984453125 0.5472291671875 0.6984453125 0.5847291671875 0.7255234374999999 0.5847291671875 0.7255234374999999 0.5472291671875
2 0.6302109375 0.5236041671875 0.6041640625 0.5236041671875 0.6041640625 0.5548541671875 0.6302109375 0.5548541671875 0.6302109375 0.5236041671875
2 0.7703125 0.60834375 0.7453125 0.60834375 0.7453125 0.6402812499999999 0.7703125 0.6402812499999999 0.7703125 0.60834375
0 0.6817656249999999 0.3131979171875 0.656765625 0.3131979171875 0.656765625 0.3513854171875 0.6817656249999999 0.3513854171875 0.6817656249999999 0.3131979171875
0 0.6348984375 0.4576458328125 0.6109453125 0.4576458328125 0.6109453125 0.4909791671875 0.6348984375 0.4909791671875 0.6348984375 0.4576458328125
0 0.7375 0.5152708328125 0.7125 0.5152708328125 0.7125 0.5465208328125 0.7375 0.5465208328125 0.7375 0.5152708328125
0 0.8364609375000001 0.6138854171875 0.8119765624999999 0.6138854171875 0.8119765624999999 0.64653125 0.8364609375000001 0.64653125 0.8364609375000001 0.6138854171875
0 0.45260156250000005 0.5944479171875 0.42708593749999996 0.5944479171875 0.42708593749999996 0.62846875 0.45260156250000005 0.62846875 0.45260156250000005 0.5944479171875
2 0.48125 0.3125 0.4921875 0.3125 0.496875 0.30625 0.4984375 0.3020833328125 0.4984375 0.28958333281250004 0.49375 0.2791666671875 0.4890625 0.2770833328125 0.4828125 0.2770833328125 0.475 0.2854166671875 0.4734375 0.28958333281250004 0.4734375 0.2979166671875 0.4765625 0.30625 0.48125 0.3125
2 0.4296875 0.3916666671875 0.4328125 0.3895833328125 0.4359375 0.38333333281250004 0.4359375 0.36666666718749996 0.4328125 0.3604166671875 0.428125 0.35625 0.41875 0.35625 0.4140625 0.3625 0.4125 0.36666666718749996 0.4125 0.3791666671875 0.4234375 0.3916666671875 0.4296875 0.3916666671875
2 0.50625 0.5270833328125 0.5140625 0.5208333328125 0.515625 0.5166666671875 0.515625 0.5 0.5109375 0.4916666671875 0.5078125 0.4895833328125 0.4984375 0.4916666671875 0.49375 0.49791666718750005 0.4921875 0.5041666671875 0.4921875 0.5166666671875 0.496875 0.525 0.50625 0.5270833328125
2 0.6109375 0.4583333328125 0.615625 0.4583333328125 0.625 0.45416666718750004 0.6265625 0.45208333281249996 0.628125 0.4479166671875 0.628125 0.4375 0.6234375 0.4270833328125 0.6140625 0.42291666718750004 0.6046875 0.4291666671875 0.603125 0.43333333281249997 0.603125 0.4479166671875 0.6078125 0.45625 0.6109375 0.4583333328125
2 0.659375 0.44166666718750003 0.6640625 0.44375 0.6734375 0.44375 0.6796875 0.4375 0.68125 0.425 0.6796875 0.41875 0.6734375 0.41041666718750003 0.6640625 0.41041666718750003 0.65625 0.41875 0.6546875 0.42291666718750004 0.6546875 0.43125 0.65625 0.4375 0.659375 0.44166666718750003
2 0.6171875 0.55625 0.621875 0.55625 0.6265625 0.5541666671875001 0.6296875 0.55 0.63125 0.5333333328125 0.6296875 0.5270833328125 0.6265625 0.5229166671875001 0.6171875 0.51875 0.6125 0.5208333328125 0.60625 0.53125 0.6046875 0.5375 0.60625 0.5458333328125 0.6109375 0.5520833328125 0.6171875 0.55625
2 0.778125 0.43333333281249997 0.790625 0.43333333281249997 0.7953125 0.4270833328125 0.796875 0.4166666671875 0.7953125 0.40833333281249995 0.7921875 0.40208333281249997 0.7890625 0.4 0.7765625 0.4 0.7703125 0.40833333281249995 0.76875 0.4145833328125 0.7703125 0.425 0.775 0.43125 0.778125 0.43333333281249997
2 0.86875 0.275 0.878125 0.275 0.8859375 0.2666666671875 0.8875 0.2604166671875 0.8875 0.2520833328125 0.8859375 0.24583333281250003 0.8796875 0.2375 0.871875 0.23541666718749998 0.8625 0.24583333281250003 0.8609375 0.25 0.8609375 0.2604166671875 0.8625 0.2666666671875 0.86875 0.275
2 0.709375 0.5833333328125 0.7140625 0.5833333328125 0.7171875 0.58125 0.7234375 0.5708333328124999 0.7234375 0.5604166671875 0.721875 0.55625 0.7125 0.5458333328125 0.709375 0.5458333328125 0.7 0.5520833328125 0.696875 0.5604166671875 0.6984375 0.5729166671875 0.7046875 0.58125 0.709375 0.5833333328125
2 0.7515625 0.6416666671875 0.7546875 0.64375 0.7625 0.64375 0.7671875 0.6395833328125 0.7703125 0.6291666671875 0.7703125 0.6208333328125 0.76875 0.6145833328125 0.7640625 0.6083333328125 0.759375 0.60625 0.75 0.6083333328125 0.7453125 0.6145833328125 0.74375 0.6208333328125 0.74375 0.6291666671875 0.7453125 0.6333333328124999 0.7515625 0.6416666671875
0 0.6734375 0.3479166671875 0.6796875 0.34375 0.6828125 0.33541666718749996 0.68125 0.3229166671875 0.675 0.3145833328125 0.665625 0.3145833328125 0.6609375 0.31875 0.6578125 0.325 0.65625 0.3375 0.6578125 0.3416666671875 0.6640625 0.3479166671875 0.6734375 0.3479166671875
0 0.628125 0.4916666671875 0.634375 0.48333333281249996 0.6359375 0.47291666718750003 0.634375 0.46666666718750005 0.628125 0.4583333328125 0.61875 0.4583333328125 0.6125 0.46458333281249997 0.6109375 0.46875 0.6109375 0.48333333281249996 0.6171875 0.4916666671875 0.628125 0.4916666671875
0 0.7171875 0.5479166671875 0.7203125 0.55 0.728125 0.55 0.734375 0.54375 0.7375 0.5354166671875 0.7375 0.5291666671875 0.7359375 0.5229166671875001 0.7296875 0.5145833328125 0.7171875 0.5145833328125 0.7125 0.5208333328125 0.7109375 0.5270833328125 0.7109375 0.5354166671875 0.7125 0.5416666671875 0.7171875 0.5479166671875
0 0.8171875 0.6479166671875001 0.821875 0.65 0.8265625 0.65 0.83125 0.6458333328125 0.8359375 0.6333333328124999 0.834375 0.6208333328125 0.8265625 0.6125 0.8171875 0.6125 0.8125 0.6166666671875001 0.809375 0.625 0.809375 0.6333333328124999 0.8125 0.6416666671875 0.8171875 0.6479166671875001
0 0.44375 0.6270833328125 0.45 0.61875 0.45 0.6041666671875 0.4484375 0.6 0.4390625 0.59375 0.4296875 0.6 0.428125 0.6041666671875 0.428125 0.6208333328125 0.434375 0.6270833328125 0.44375 0.6270833328125