0 0.7332611828125 0.42694805156250004 0.7378066375000001 0.43181818125 0.7488455984375 0.43668831093750005 0.7683261171875 0.43668831093750005 0.772582971875 0.435064934375 0.7830447328125001 0.42694805156250004 0.7849206343749999 0.42045454531250004 0.7823232328125 0.41071428593750003 0.777705628125 0.40422077968750003 0.76883116875 0.39935065000000003 0.7579365078125 0.39772727343750003 0.7471861468750001 0.39935065000000003 0.7345598859375 0.40746753281250003 0.73051948125 0.41396103906250004 0.7309523812500001 0.42370129843750004 0.7332611828125 0.42694805156250004
0 0.6813852812500001 0.5746753250000001 0.6836940828125 0.5779220781250001 0.69264069375 0.5844155843750001 0.697041846875 0.5860389609375 0.7165223671875001 0.5860389609375 0.725036075 0.5827922078125 0.73124098125 0.5762987015625 0.7331168828125 0.5698051953125 0.7329004328125001 0.5649350656250001 0.7282106781250001 0.5568181812499999 0.721500721875 0.5519480515625 0.7126984140625 0.5487012984375 0.6997114 0.5487012984375 0.69329004375 0.5503246749999999 0.6828282828125001 0.5584415578125 0.68080808125 0.5616883109375 0.6813852812500001 0.5746753250000001
0 0.575252525 0.5730519484375 0.5925685421875 0.5730519484375 0.6010822499999999 0.5698051953125 0.609379509375 0.5616883109375 0.6087301593750001 0.5470779218749999 0.6041847031249999 0.5422077921875 0.5930735921875 0.5357142859375 0.58217893125 0.5340909093749999 0.5671717171874999 0.5373376624999999 0.5588023078125001 0.5438311687499999 0.5568542578125 0.5487012984375 0.5572871578124999 0.5584415578125 0.5619769125 0.5665584421875 0.575252525 0.5730519484375
0 0.5363636359374999 0.428571428125 0.540764790625 0.43019480468750004 0.553751803125 0.43019480468750004 0.560173159375 0.428571428125 0.56868686875 0.425324675 0.5748196250000001 0.41720779218750004 0.574242425 0.40422077968750003 0.5673881671875 0.396103896875 0.5541847046874999 0.391233765625 0.541197690625 0.391233765625 0.5326839828125001 0.39448051875 0.5222943734375 0.40422077968750003 0.5228715734375 0.41720779218750004 0.5251803749999999 0.42045454531250004 0.5363636359374999 0.428571428125
0 0.5304473296875 0.29545454531250004 0.5373737375000001 0.30519480468750004 0.54408369375 0.310064934375 0.552886003125 0.3133116890625 0.5637085140625 0.3133116890625 0.5701298703125001 0.3116883109375 0.58066378125 0.30519480468750004 0.5847041843749999 0.29870129843750004 0.5865079359375 0.29058441562500004 0.584126984375 0.28571428593750003 0.5795093796875 0.27922077968750003 0.575036075 0.27597402656250003 0.5662337671875 0.27272727343750003 0.54891775 0.27272727343750003 0.540404040625 0.27597402656250003 0.53210678125 0.28409090937500003 0.5304473296875 0.29545454531250004
0 0.596969696875 0.185064934375 0.603679653125 0.189935065625 0.6124819625 0.19318181875 0.6254689765625 0.19318181875 0.6318903312499999 0.1915584421875 0.6443722937499999 0.1801948046875 0.64372294375 0.16558441562499998 0.6413419921875 0.16071428593749998 0.634559884375 0.1542207796875 0.627922078125 0.1509740265625 0.6148629140625 0.14935065 0.6084415578125 0.1509740265625 0.595815296875 0.15909090937499998 0.5917748921875 0.16558441562499998 0.5923520921875001 0.178571428125 0.596969696875 0.185064934375
0 0.40735930781249996 0.30194805156250004 0.4141414140625 0.3084415578125 0.42510822499999995 0.3116883109375 0.4380952390625 0.3116883109375 0.4445165953125 0.310064934375 0.45490620625 0.30032467500000004 0.45418470468749994 0.28409090937500003 0.4495671 0.27759740312500003 0.4450937953125 0.27435065000000003 0.434126984375 0.271103896875 0.421139971875 0.271103896875 0.4126262625 0.27435065000000003 0.40634920625 0.27922077968750003 0.40230880156250004 0.28571428593750003 0.40259740156249996 0.29220779218750004 0.40735930781249996 0.30194805156250004
0 0.41572871562499997 0.246753246875 0.42012987031250004 0.2483766234375 0.43961038906249994 0.2483766234375 0.44386724375000003 0.246753246875 0.4501443 0.2418831171875 0.45418470468749994 0.2353896109375 0.453679653125 0.2240259734375 0.446681096875 0.2126623375 0.4356421359375 0.2077922078125 0.416161615625 0.2077922078125 0.40562770625000005 0.2142857140625 0.4015873015625 0.2207792203125 0.402236653125 0.2353896109375 0.4045454546875 0.2386363640625 0.41572871562499997 0.246753246875
1 0.5416305921875 0.449675325 0.5482683984375 0.452922078125 0.5871572875 0.45129870156249996 0.6044011546875 0.449675325 0.6172438671875 0.446428571875 0.621428571875 0.44318181875 0.6209956703125 0.43344155781250004 0.61868686875 0.43019480468750004 0.6120490625 0.42694805156250004 0.596897546875 0.42694805156250004 0.5602453093750001 0.43019480468750004 0.5494949484375 0.43181818125 0.5390331890625 0.439935065625 0.5416305921875 0.449675325
1 0.779365078125 0.5389610390625 0.7836219328125 0.5373376624999999 0.7878066375 0.5340909093749999 0.7865079359375 0.5048701296875 0.783477634375 0.48538961093750005 0.7789321796875 0.48051948125 0.7616161625 0.48051948125 0.75541125625 0.4870129875 0.7569264078125 0.5211038968749999 0.759523809375 0.5308441562499999 0.7641414140625 0.5373376624999999 0.76854256875 0.5389610390625 0.779365078125 0.5389610390625
1 0.6002886000000001 0.3084415578125 0.6111832609375 0.310064934375 0.621861471875 0.30681818125000004 0.660101009375 0.29058441562500004 0.666378065625 0.28571428593750003 0.6683982687500001 0.28246753281250003 0.6680375187500001 0.27435065000000003 0.6635642140625 0.271103896875 0.659163059375 0.26948051875 0.6483405484375 0.26948051875 0.597258296875 0.28896103906250004 0.5932178921875 0.29545454531250004 0.59350649375 0.30194805156250004 0.6002886000000001 0.3084415578125
1 0.6544733046875 0.310064934375 0.658874459375 0.3116883109375 0.6696969703125 0.3116883109375 0.678282828125 0.310064934375 0.7209956703125 0.29707792187500004 0.7272727265625 0.29220779218750004 0.7292207796875 0.28733766250000004 0.7267676765625 0.28084415625000003 0.722294371875 0.27759740312500003 0.7049783546875 0.27759740312500003 0.6878066375 0.28084415625000003 0.6707070703125 0.28571428593750003 0.6495670984374999 0.29707792187500004 0.6498557 0.30357142812500004 0.6544733046875 0.310064934375
1 0.6008658015624999 0.27272727343750003 0.609523809375 0.27272727343750003 0.6137806640625 0.271103896875 0.61789321875 0.266233765625 0.6174603171874999 0.25649350625 0.6107503609375 0.2516233765625 0.5642857140624999 0.228896103125 0.5555555546875001 0.2272727265625 0.5470418484375 0.23051948125 0.5450216453125 0.233766234375 0.5455266953125 0.2451298703125 0.5589466078124999 0.2548701296875 0.589898990625 0.26948051875 0.6008658015624999 0.27272727343750003
1 0.5015873015625 0.18181818125 0.5426406921875 0.1801948046875 0.559884559375 0.178571428125 0.56832611875 0.17370129843749998 0.5701298703125001 0.16558441562499998 0.56774891875 0.16071428593749998 0.5610389609374999 0.15584415625 0.5199134187500001 0.15584415625 0.4961760453125 0.1574675328125 0.48773448906250005 0.16233766249999998 0.4860028859375 0.17207792187499998 0.4928571421875 0.1801948046875 0.5015873015625 0.18181818125
1 0.515295815625 0.14935065 0.54321789375 0.14448051875 0.5494949499999999 0.1396103890625 0.54891775 0.1266233765625 0.54227994375 0.1233766234375 0.5033189046875 0.1233766234375 0.477489178125 0.1266233765625 0.46904761875 0.13149350625 0.4672438671875 0.1396103890625 0.471933621875 0.1477272734375 0.48290043281250006 0.1509740265625 0.515295815625 0.14935065
1 0.525468975 0.28084415625000003 0.527561328125 0.27922077968750003 0.53160173125 0.27272727343750003 0.5313852812500001 0.2678571421875 0.49942279999999994 0.23051948125 0.490548340625 0.22564935 0.47972582968750005 0.22564935 0.47337662187499996 0.228896103125 0.47135642187500004 0.2321428578125 0.471645021875 0.2386363640625 0.5036796531250001 0.27759740312500003 0.5081529578125 0.28084415625000003 0.525468975 0.28084415625000003
2 0.641847040625 0.3668831171875 0.6546176046875 0.3620129875 0.65663780625 0.358766234375 0.65627705625 0.35064934999999997 0.6538961046875 0.34577922031249997 0.6360750375 0.33441558437499996 0.625108225 0.33116883124999996 0.6142857140625 0.33116883124999996 0.6037518046875 0.33766233749999996 0.6040404046875001 0.34415584374999997 0.6110389609375 0.35551948125 0.6331890328124999 0.3668831171875 0.641847040625 0.3668831171875
2 0.6122655124999999 0.3831168828125 0.6228715734375 0.378246753125 0.6292207796875 0.375 0.63124098125 0.371753246875 0.6310245296875 0.3668831171875 0.622077921875 0.3603896109375 0.5937950937500001 0.3571428578125 0.5766233765625 0.3603896109375 0.5682539671875 0.3668831171875 0.570707071875 0.3733766234375 0.5796536796875 0.3798701296875 0.5884559890625 0.3831168828125 0.6122655124999999 0.3831168828125
2 0.5669552671875 0.5324675328125 0.5799422796875 0.5324675328125 0.5862193359375001 0.5275974031249999 0.5879509390625001 0.5178571421875 0.5855699859375 0.5129870125 0.5743145734375 0.503246753125 0.565440115625 0.49837662343750005 0.5544733046875 0.49512987031250005 0.541486290625 0.49512987031250005 0.535209234375 0.5 0.535497834375 0.50649350625 0.5424963921875 0.5178571421875 0.5581529578125 0.5292207796875 0.5669552671875 0.5324675328125
2 0.4474025984375 0.5211038968749999 0.477705628125 0.5211038968749999 0.4883838390625 0.5178571421875 0.49249639375000004 0.5129870125 0.4919913421875 0.5016233765625 0.4875180375 0.49837662343750005 0.474386725 0.49512987031250005 0.45923520937499995 0.49512987031250005 0.446320346875 0.496753246875 0.43780663750000004 0.5 0.43160173124999995 0.50649350625 0.43405483437500003 0.5129870125 0.44300144374999995 0.51948051875 0.4474025984375 0.5211038968749999
2 0.47012987031250003 0.39935065000000003 0.4743867234375 0.39772727343750003 0.48261183281250003 0.3879870125 0.48167388125 0.3668831171875 0.479292928125 0.3620129875 0.472582971875 0.3571428578125 0.4616883109375 0.35551948125 0.453246753125 0.3603896109375 0.44920634843749996 0.3668831171875 0.44769119843749994 0.38149350625 0.45028860000000004 0.391233765625 0.459307359375 0.39935065000000003 0.47012987031250003 0.39935065000000003
2 0.40613275625 0.371753246875 0.414862915625 0.3733766234375 0.427849928125 0.3733766234375 0.43643578749999995 0.371753246875 0.44069264218750004 0.3701298703125 0.44480519375 0.365259740625 0.446681096875 0.358766234375 0.4332611828125 0.34902597343749997 0.4266955265625 0.34740259687499997 0.40281385312499995 0.34577922031249997 0.389971140625 0.34902597343749997 0.3857864359375 0.35227272656249997 0.38614718593749997 0.3603896109375 0.3929292921875 0.3668831171875 0.40613275625 0.371753246875
2 0.377922078125 0.32142857187499996 0.38239538125 0.32467532499999996 0.39329004218749997 0.32629870156249996 0.397546896875 0.32467532499999996 0.4016594515625 0.31980519531249996 0.40541125625 0.30681818125000004 0.40252525156249996 0.29058441562500004 0.3956709953125 0.28246753281250003 0.3868686875 0.27922077968750003 0.3803751796875 0.27922077968750003 0.36991342031249996 0.28733766250000004 0.3678932171875 0.29058441562500004 0.366089465625 0.29870129843750004 0.36868686875 0.3084415578125 0.377922078125 0.32142857187499996
2 0.522005771875 0.2516233765625 0.5284271281249999 0.25 0.5389610390625 0.24350649375 0.5470418484375 0.23051948125 0.546392496875 0.215909090625 0.54393939375 0.209415584375 0.5393939390625 0.2045454546875 0.53066378125 0.202922078125 0.524242425 0.2045454546875 0.5138528140624999 0.2142857140625 0.50598845625 0.2321428578125 0.5131313125 0.246753246875 0.522005771875 0.2516233765625