0 0.5232508421875 0.320516790625 0.5261847734375 0.3179695171875 0.5329063609375 0.30632878125 0.53485910625 0.2953454265625 0.5343685140625001 0.2911273890625 0.529717509375 0.2789115265625 0.5223778718750001 0.271351959375 0.517363734375 0.26990032343750003 0.5062364406250001 0.2714342140625 0.501712896875 0.2742006171875 0.49767994531250004 0.2811850578125 0.49548190312499996 0.290059390625 0.49768956875 0.30904056562500004 0.49976977343750006 0.313039478125 0.5071094125 0.320599046875 0.5105339343749999 0.322269809375 0.5232508421875 0.320516790625
0 0.41466653593749997 0.3311994203125 0.4200438046875 0.321886834375 0.421142828125 0.3174496671875 0.41868986562500005 0.296359471875 0.416609659375 0.292360559375 0.40927002031250004 0.2848009921875 0.39789743125 0.2842258640625 0.38885034375 0.28975866875 0.384817390625 0.2967431109375 0.38261935 0.30561744375 0.384336421875 0.320380578125 0.38849683437500004 0.328378403125 0.3955911765625 0.33382895 0.3990156984375 0.3354997171875 0.41173260625 0.33374669687499997 0.41466653593749997 0.3311994203125
0 0.42511568125 0.490471521875 0.41019110937500003 0.47324336562499997 0.3958845890625 0.47521551406249996 0.39160633906250003 0.48009093593749996 0.387818684375 0.489184396875 0.3872102546875 0.4978396015625 0.3884367375 0.5083846984375 0.3928424453125 0.518491540625 0.3999367859375 0.5239420906250001 0.41424330625000005 0.52196994375 0.4187668515625 0.519203540625 0.42438941718749995 0.511999971875 0.4263421625 0.50101661875 0.42511568125 0.490471521875
0 0.705859209375 0.4324856515625 0.7080572515625 0.4236113171875 0.7065854734375 0.4109572015625 0.704259971875 0.40484926874999994 0.695085425 0.395399809375 0.6900712875 0.39394817187500003 0.6789439953125 0.395482065625 0.6730761328125 0.400576615625 0.6676988625 0.4098892015625 0.6665998421875 0.41432636718750004 0.6688075078125 0.43330754374999997 0.674557534375 0.4410862390625 0.684831103125 0.4460985328125 0.691434853125 0.44733104375000005 0.700481940625 0.44179823906250004 0.705859209375 0.4324856515625
0 0.7950146453125 0.46305228125 0.79280698125 0.44407110625 0.7833871343750001 0.432512628125 0.778373 0.431060990625 0.7624768656249999 0.433252265625 0.7595429328125001 0.435799540625 0.752821346875 0.4474402765625 0.7517223265624999 0.45187744218750003 0.7534394 0.466640578125 0.75551960625 0.47063948906249997 0.7665290625 0.48197884062499996 0.7715431984375 0.483430478125 0.78267049375 0.4818965859375 0.7914722859375 0.47425476250000004 0.7950146453125 0.46305228125
0 0.7729067625 0.53681335 0.7795105125 0.538045859375 0.787213284375 0.5348412031249999 0.7930811453125 0.529746653125 0.79821311875 0.518325046875 0.796005453125 0.49934387031250005 0.7918450421875 0.49134604687500005 0.7847507 0.4858954984375 0.7765573375 0.48488211718749996 0.7686092703125 0.4859777546875 0.7624961124999999 0.4889632828125 0.7582178625 0.4938387046875 0.755774525 0.5006040171875 0.754675503125 0.505041184375 0.7563925765625 0.5198043203125 0.7605529875 0.52780214375 0.7660577187500001 0.53347181875 0.7729067625 0.53681335
0 0.7392892078125 0.567161515625 0.731704275 0.5574929265625 0.724855228125 0.5541514000000001 0.7105487078125 0.556123546875 0.703336528125 0.5635462437500001 0.7008931890625 0.57031155625 0.70334615 0.5914017515625 0.7111763828125001 0.6031793578125 0.7196150421875 0.606301759375 0.7307423359375 0.6047678671875001 0.7366101984375 0.5996733187500001 0.7406431484375 0.5926888781249999 0.742105303125 0.5774874859375 0.7392892078125 0.567161515625
0 0.69894044375 0.5812949093750001 0.6977139625000001 0.5707498109375 0.6935535500000001 0.5627519875 0.6862139125 0.5551924203125 0.6811997765625 0.5537407828124999 0.6668932562500001 0.55571293125 0.65858205625 0.5675727937499999 0.6577283296875 0.5741189796875 0.659445403125 0.5888821156249999 0.66911054375 0.602549615625 0.6775492046875 0.6056720171875 0.6839076578125 0.60479550625 0.692954746875 0.599262703125 0.6969876968750001 0.5922782609375 0.69894044375 0.5812949093750001
1 0.54071734375 0.26239537031250004 0.538028709375 0.267051665625 0.5397457828125 0.2818148 0.5452505125 0.2874844765625 0.5706843265625 0.28397843749999996 0.594037934375 0.2764734859375 0.597335 0.2631619859375 0.5968444078124999 0.258943946875 0.5926839953124999 0.2509461234375 0.5876698593749999 0.24949448593749998 0.554533271875 0.2562051828125 0.54071734375 0.26239537031250004
1 0.5730387 0.37365289375 0.572675565625 0.38441711875 0.584921128125 0.43415707656249997 0.5925060640625001 0.4438256640625 0.60204374375 0.4425109 0.6049776734375001 0.43996362343750006 0.6071757156250001 0.43108929218750003 0.60264255 0.406000184375 0.5944395625000001 0.3771312953125 0.58660933125 0.36535368749999997 0.5770716499999999 0.366668453125 0.5730387 0.37365289375
1 0.67639244375 0.44297613125 0.6713783062500001 0.44152449374999997 0.6420293765625 0.43914173281249996 0.6277228546875 0.4411138796875 0.624788925 0.443661153125 0.6236899031250001 0.44809832031249996 0.6251616796875 0.46075243749999995 0.6340909328125 0.4680928765625 0.666864384375 0.4721464046875 0.67958129375 0.47039338593749996 0.6852038578124999 0.463189815625 0.6860575828125001 0.45664362968749994 0.68373208125 0.4505357 0.67639244375 0.44297613125
1 0.5422853546875 0.5536045734374999 0.549379696875 0.559055121875 0.5602616968749999 0.555412209375 0.5877660921875 0.5280495734375 0.592898065625 0.516627965625 0.59191688125 0.5081918859375001 0.584331946875 0.4985232984375 0.5763838796874999 0.4996189375 0.544601234375 0.5318569953125001 0.54056828125 0.5388414375 0.5422853546875 0.5536045734374999
1 0.4479787 0.47874853125000005 0.4362333515625 0.4610821203125 0.41262482343749995 0.43862254375000004 0.4092003 0.4369517796875 0.40125223437499996 0.4380474171875 0.39721928125 0.4450318578125 0.39869105781249997 0.45768597499999997 0.41019110937500003 0.47324336562499997 0.43379963750000006 0.4957029421875 0.4372241609375 0.49737370625 0.443582615625 0.49649719687499994 0.44651654531249996 0.493949921875 0.44895988437499995 0.48718460781250006 0.4479787 0.47874853125000005
1 0.482832359375 0.48680097031249997 0.47059642031250004 0.4649165203125 0.45151143437499996 0.43969054218750003 0.44356336875 0.4407861796875 0.4406294375 0.44333345468749996 0.43794080312499994 0.4479897484375 0.439657875 0.46275288437500006 0.44565319687500005 0.47264059999999997 0.4613136578125 0.49619581406249996 0.4725684125 0.509644184375 0.478926865625 0.508767675 0.48186079687500005 0.5062204 0.48454943124999994 0.50156410625 0.482832359375 0.48680097031249997
1 0.8294089390625 0.2033138625 0.7917488078125 0.212790959375 0.7811121062499999 0.21854289374999997 0.7770791546875 0.225527334375 0.778060340625 0.2339634109375 0.7838103640625 0.24174210624999998 0.7888245015625001 0.24319374374999997 0.8126687031250001 0.23990683124999998 0.8352864234374999 0.226074821875 0.8377297625000001 0.21930950624999998 0.8369938734375 0.21298244843749997 0.8328334625 0.2049846265625 0.8294089390625 0.2033138625
1 0.8776360515625001 0.34023561875 0.8770276203125 0.3488908234375 0.8842590484375 0.39717914374999996 0.8925798703125001 0.413174790625 0.9005279390625001 0.4120791546875 0.9056599109375 0.40065754687500005 0.9054049921875 0.37069301875 0.9024614375000001 0.34538478281249996 0.8962208203124999 0.3333880484375 0.8927962984375 0.331717284375 0.881669003125 0.333251178125 0.8776360515625001 0.34023561875
2 0.474335959375 0.3165455171875 0.47310947968750006 0.3060004203125 0.47078397499999997 0.2998924890625 0.45769431406249994 0.284554225 0.4460764265625 0.2818700796875 0.4365387453125 0.28318484375 0.432260496875 0.2880602671875 0.43116147656250003 0.29249743281249996 0.4342228671875 0.30493242187499997 0.438383278125 0.31293024375 0.4457229171875 0.3204898125 0.45599648593750003 0.3255021046875 0.4718926203125 0.32331082968749997 0.47323693593750005 0.32098268281250003 0.474335959375 0.3165455171875
2 0.6016132484375001 0.2582865640625 0.5989246125000001 0.26294285781250004 0.6003963890625 0.275596975 0.6059011203125 0.2812666515625 0.61091525625 0.2827182890625 0.631580228125 0.27986963125000003 0.637448090625 0.2747750828125 0.6444149734375 0.265243365625 0.6424526046875 0.24837120937499998 0.637193171875 0.2448105546875 0.614938584375 0.2478783375 0.6016132484375001 0.2582865640625
2 0.5833315156250001 0.4343762046875 0.581369146875 0.4175040484375 0.5780624578125 0.4029600390625 0.57133125 0.386745265625 0.562892590625 0.3836228640625 0.5554351140625 0.388936540625 0.5529917765625 0.395701853125 0.55189275625 0.40013902031250004 0.5545910140625 0.4233382359375 0.559242015625 0.4355540984375 0.56658165625 0.443113665625 0.5700061796875 0.4447844296875 0.577954246875 0.4436887921875 0.5808881765625 0.44114151718750005 0.5833315156250001 0.4343762046875
2 0.5050677 0.4280221671875 0.4971196328125 0.42911780625 0.4930866796875 0.436102246875 0.49137923125 0.44919461875 0.49383219375 0.4702848125 0.5000728109375 0.4822815484375 0.5055775390624999 0.4879512234375 0.5121812890624999 0.48918373437499996 0.5191481703124999 0.47965201718749995 0.5206103265625 0.4644506265625 0.5168130453125 0.44568857968750003 0.5124073375 0.43558173437500003 0.5050677 0.4280221671875
2 0.7430287484375 0.41879051250000005 0.7386230390625 0.40868367031249997 0.7349532203125 0.4049038859375 0.727005153125 0.405999521875 0.7200382703125 0.4155312390625 0.7164959125 0.4267337203125 0.7196847625 0.45415097187500003 0.7256800828125 0.4640386875 0.7306942203125 0.46549032500000004 0.7370526734375 0.4646138140625 0.7424299421875 0.4553012265625 0.7435289640625 0.450864059375 0.7447458203124999 0.4335536484375 0.7430287484375 0.41879051250000005
2 0.4368706515625 0.535993440625 0.4261064890625 0.5267631078125 0.41925744375 0.5234215796874999 0.40177169687500003 0.5258319828125 0.3988377640625 0.52837925625 0.3948048140625 0.535363696875 0.396276590625 0.5480178140625 0.40545113906249997 0.557467275 0.417314321875 0.5622604390625 0.4348000703125 0.5598500375000001 0.44042263437500007 0.5526464703125 0.44152165625000006 0.5482093031249999 0.4407857671875 0.54188224375 0.4368706515625 0.535993440625
2 0.7082424515625 0.6057266328125 0.7045726328125 0.6019468484375 0.694544359375 0.5990435765625 0.6777945 0.6077810359375 0.6735162515625001 0.6126564578125 0.6670399625 0.6264062109374999 0.6680211468749999 0.634842290625 0.6737711703125 0.6426209859374999 0.6806202171875 0.6459625140624999 0.6899126015625 0.642538728125 0.7016483234375 0.63234963125 0.707270890625 0.6251460640625 0.7094689328125 0.6162717296875 0.7082424515625 0.6057266328125
2 0.914019228125 0.528075225 0.9026466359375 0.5275000984375 0.8965334781250001 0.530485628125 0.8893213015624999 0.537908325 0.8815006921874999 0.5539862249999999 0.879547946875 0.564969578125 0.88052913125 0.5734056578125 0.8862791578125 0.5811843515625 0.8947178171875001 0.584306753125 0.9096327656250001 0.5736794015625 0.9165996484375001 0.5641476859375001 0.921486325 0.550617059375 0.9216041609375001 0.5377438140625 0.914019228125 0.528075225