0 0.248294940625 0.5647133546875 0.2476230390625 0.5579611921875001 0.2444750125 0.552473815625 0.234981146875 0.54597063125 0.21594362656250002 0.5429232078124999 0.20676081562499998 0.5447755765625 0.2018085671875 0.5473051515625 0.19577378437499998 0.554644896875 0.19360871562499998 0.5642652390625 0.19639589531249999 0.5713560046875 0.19990476562499998 0.5752399890625 0.20552891718750002 0.579462578125 0.2178597546875 0.583097584375 0.22668171718750002 0.58284860625 0.2411776203125 0.576863271875 0.24721240625 0.5695235249999999 0.248294940625 0.5647133546875
0 0.3631673109375 0.453531634375 0.35929759375 0.45125103906249997 0.346605915625 0.44921942187499997 0.33989922968749997 0.4498070046875 0.330355575 0.4532627640625 0.32184466718750004 0.46186729687500006 0.3204012875 0.4682808578125 0.322827625 0.4769750140625 0.331960646875 0.4850815875 0.353113446875 0.488467615625 0.35770485 0.48754143125000005 0.370085475 0.48121749375 0.3733330765625 0.46678698281250003 0.3719394859375 0.4632415984375 0.3631673109375 0.453531634375
0 0.3273569140625 0.4178985578125 0.3185847375 0.40818859218750003 0.3108453078125 0.40362739999999997 0.3023841859375 0.40227298906250003 0.2956775015625 0.40286057187499996 0.28401856875 0.405977728125 0.278344628125 0.41171408437499996 0.274425125 0.4193924328125 0.2750970265625 0.42614459531250004 0.2817539234375 0.43551595781249997 0.28562363749999997 0.437796553125 0.291608634375 0.4404157515625 0.302185034375 0.4421087640625 0.30889171875 0.44152118281249997 0.323387621875 0.43553584843750004 0.3273569140625 0.4178985578125
0 0.36548174375000003 0.4140344625 0.348559503125 0.411325640625 0.34185281875 0.411913221875 0.33194831874999997 0.41697237343750004 0.3283896609375 0.42304733125 0.3276181828125 0.4362130546875 0.336390359375 0.44592301875 0.3423753546875 0.44854221718750004 0.3617737203125 0.4499862515625 0.37167821874999996 0.44492710156250004 0.3777130015625 0.43758735625 0.37636919999999996 0.4240830296875 0.36935145937499997 0.4163150578125 0.36548174375000003 0.4140344625
0 0.3394881125 0.7437651453125 0.3409314921875 0.737351584375 0.33850515625 0.7286574296875 0.32973297968750004 0.7189474640625 0.323747984375 0.716328265625 0.313171584375 0.714635253125 0.3064648984375 0.715222834375 0.2940842734375 0.721546771875 0.29124730625 0.7244149484375 0.2880494921875 0.7288865171875 0.2858844234375 0.7385068578125 0.28691716875 0.7436556296875 0.2918196296875 0.751085 0.301674340625 0.7559847937499999 0.31436601875000003 0.7580164109374999 0.32354883125 0.756164040625 0.3334533296875 0.751104890625 0.3394881125 0.7437651453125
0 0.32072418593749996 0.8271414343749999 0.3182978515625 0.818447278125 0.311280109375 0.81067930625 0.30354067812499996 0.8061181156250001 0.2950795578125 0.8047637046875 0.2883728734375 0.8053512859374999 0.2763530953125 0.8100718328125 0.2682030328125 0.817072975 0.26567711875 0.82829670625 0.268103453125 0.8369908640625001 0.2751211953125 0.8447588343750001 0.281106190625 0.8473780328125 0.29379787031250004 0.8494096499999999 0.30298068125 0.8475572796874999 0.31572215 0.839629953125 0.3189199640625 0.8351583843749999 0.32072418593749996 0.8271414343749999
0 0.5160393125 0.786976890625 0.5082998812499999 0.7824156984374999 0.48926236406249995 0.7793682734375 0.4818339890625 0.7831626375 0.47012526406250005 0.7962387359374999 0.47146906875 0.8097430624999999 0.4767323734375 0.8155690421875 0.4844718046875 0.8201302328125 0.4992787640625 0.8225004515625001 0.508461575 0.8206480828125 0.51625079375 0.8152503296875 0.5222855765625 0.8079105859375 0.5223353656249999 0.7979516421875 0.5195481843749999 0.7908608765625 0.5160393125 0.786976890625
0 0.530112259375 0.7244446734375 0.5223728265625 0.7198834828125 0.5100419921875 0.716248475 0.501220028125 0.7164974546875 0.491676371875 0.7199532140625 0.4860024328125 0.72568956875 0.48275482968750005 0.74012008125 0.48905088281250003 0.7510948328125 0.49679031250000005 0.7556560250000001 0.513712553125 0.7583648468749999 0.5253714875 0.7552476890625 0.533521553125 0.748246546875 0.5356866218749999 0.7386262046875001 0.534653875 0.7334774328125 0.530112259375 0.7244446734375
1 0.302421165625 0.6066006374999999 0.293960046875 0.6052462265624999 0.289368640625 0.6061724109375 0.28157942343750003 0.6115701640625 0.28049688906250003 0.616380334375 0.286643575 0.6572319171875 0.2915460359375 0.6646612875 0.303876871875 0.66829629375 0.31342052656249997 0.6648405328125 0.31661833906250003 0.660368965625 0.31738981875 0.6472032421875 0.3153243265625 0.6369056953125 0.308045315625 0.6108232265625 0.302421165625 0.6066006374999999
1 0.23233100312500002 0.4408938171875 0.2231481953125 0.44274618906249996 0.22031122500000003 0.445614365625 0.21129010781250002 0.4856991203125 0.2116011640625 0.49405467343750004 0.2189797484375 0.5002192546875001 0.22744087031250002 0.5015736656249999 0.2369845234375 0.49811790624999996 0.24523416406249998 0.47119887499999996 0.24780986718750003 0.45001620156250005 0.244661840625 0.4445288265625 0.23867684531250002 0.4419096265625 0.23233100312500002 0.4408938171875
1 0.41989389062500004 0.610454675 0.3948215859375 0.6147469953125 0.37150371875 0.6209813078125 0.3651080890625 0.62992444375 0.36964970468749997 0.638957203125 0.381980540625 0.6425922109375 0.39327863125 0.64107844375 0.44239049374999995 0.6273450281249999 0.4463099953125 0.6196666796875 0.44140753593750004 0.6122373125 0.433307259375 0.6092795109375 0.41989389062500004 0.610454675
1 0.3027070875 0.7611335671874999 0.269945140625 0.750905753125 0.25090762031249997 0.747858328125 0.24595536875000001 0.750387903125 0.2431184015625 0.75325608125 0.24131417656249998 0.76127303125 0.24270776875000002 0.7648184140625001 0.260301909375 0.7742794 0.284602734375 0.7831528015625 0.309986096875 0.7872160359375 0.317775315625 0.7818182828125 0.3195795375 0.7738013328125 0.3181859484375 0.7702559499999999 0.314677078125 0.7663719640625 0.3027070875 0.7611335671874999
1 0.4751770921875 0.7737912734375 0.47130737656250005 0.7715106781250001 0.42828008593750005 0.7679454031249999 0.40852087499999995 0.7681047609375 0.398977221875 0.7715605203125 0.3950577171875 0.7792388671875 0.3978449 0.786329634375 0.40558433125000004 0.790890825 0.4313285359375 0.7933506671874999 0.4662555515625 0.793958140625 0.47084695468750004 0.79303195625 0.47616005 0.7888989921875 0.47832511875000006 0.7792786515625 0.4751770921875 0.7737912734375
1 0.3598817609375 0.8284261125000001 0.3464683921875 0.8296012765624999 0.34115529843750003 0.833734240625 0.3393510734375 0.8417511921875 0.344253534375 0.8491805625 0.40348137656249994 0.8586614390625 0.41230334218750003 0.858412459375 0.4197317171875 0.8546180953125001 0.42292952968749997 0.850146528125 0.4208640375 0.8398489828125 0.4152398875 0.8356263937499999 0.3598817609375 0.8284261125000001
1 0.4291757921875 0.871080225 0.4168449578125 0.86744521875 0.380524353125 0.8632923625 0.3561737375 0.8643779015625 0.3504997984375 0.8701142562499999 0.3494172640625 0.8749244265625 0.35220444687499997 0.88201519375 0.3560741609375 0.8842957890625 0.404725603125 0.8920836515625 0.41989340625000005 0.89285048125 0.4269609359375 0.8906595093749999 0.43263487500000003 0.884923153125 0.433717409375 0.8801129828124999 0.4291757921875 0.871080225
1 0.42013050625000004 0.49255074062500004 0.4229176859375 0.49964150625 0.43906845 0.5155160515625 0.4654347671875 0.5346870015625 0.4827178515625 0.535792434375 0.4869982015625 0.5265106953124999 0.48070215000000005 0.5155359421875 0.44380921874999996 0.4847130359375 0.43323281874999997 0.483020021875 0.4261652890625 0.4852109953125 0.42013050625000004 0.49255074062500004
2 0.43699063125000004 0.43710929062500004 0.43172732500000005 0.4312833109375 0.4201181796875 0.4244415234375 0.4077873453125 0.4208065171875 0.39509566406249996 0.4187749 0.3883889796875 0.41936248281250005 0.3805997609375 0.42476023593749995 0.37951722656250003 0.42957040625 0.380549971875 0.4347191796875 0.3875677125 0.44248715 0.3974224234375 0.4473869453125 0.40975325937499996 0.45102195156249997 0.42456021875000005 0.4533921703125 0.433743028125 0.4515398015625 0.4365799984375 0.4486716234375 0.43802337812500003 0.4422580625 0.43699063125000004 0.43710929062500004
2 0.556118215625 0.46282320625000006 0.5476570953125 0.4614687953125 0.5402287203125 0.4652631578125 0.533111403125 0.47741307343750006 0.5302246453125 0.49024019531249996 0.53265098125 0.49893435156250004 0.5379142875 0.5047603296875 0.5417840015625 0.507040925 0.54812984375 0.508056734375 0.5551973718750001 0.5058657625 0.5644299703125 0.494054446875 0.5666448265625 0.4744751640625 0.5599879296875 0.4651038015625 0.556118215625 0.46282320625000006
2 0.397820246875 0.650111203125 0.3914744078125 0.6490953937499999 0.38440687812499996 0.6512863656250001 0.3766176578125 0.65668411875 0.37022203125 0.665627253125 0.36589189375000003 0.6848679359375 0.36903991875000003 0.6903553125 0.372909634375 0.6926359078125001 0.3813707546875 0.69399031875 0.39091440781250003 0.690534559375 0.40226228593749996 0.6790618484375 0.40623157968749996 0.66142455625 0.403444396875 0.654333790625 0.397820246875 0.650111203125
2 0.190784071875 0.6352426312499999 0.1766490125 0.639624575 0.17381204374999998 0.6424927515625 0.172729509375 0.6473029234375 0.1846497109375 0.6625002640625001 0.20611356875000003 0.6742418453125001 0.2145746890625 0.67559625625 0.22659446875000003 0.670875709375 0.2287595375 0.66125536875 0.22282432812500003 0.6486772249999999 0.217200178125 0.6444546359375 0.201360471875 0.63693564375 0.190784071875 0.6352426312499999
2 0.45998463437500003 0.6368060125 0.451884359375 0.6338482125 0.43496211875 0.631139390625 0.4282554328125 0.631726971875 0.4095289703125 0.6370351000000001 0.40700305468750003 0.6482588328125 0.41015108125 0.653746209375 0.41402079843750006 0.6560268046875 0.44151943749999994 0.660428640625 0.44822612343749996 0.6598410578125 0.4574089328125 0.6579886890625 0.4676742765625 0.6513261499999999 0.46839596562499997 0.6481193671875001 0.465608784375 0.6410286015625 0.45998463437500003 0.6368060125
2 0.44528957656249996 0.682627121875 0.4336804296875 0.6757853359375 0.4188734703125 0.673415115625 0.4121667859375 0.6740026984374999 0.4072145375 0.6765322734375 0.40365587812500003 0.6826072328125 0.40608221406249995 0.6913013890624999 0.41309995468749994 0.6990693593749999 0.43069409687500004 0.7085303453125 0.44761633749999996 0.7112391671875 0.4525685859375 0.7087095921875 0.45540555625 0.7058414140625 0.45684893437499996 0.6994278546875 0.45230731874999996 0.6903950953125 0.44528957656249996 0.682627121875
2 0.40733876406249997 0.7928328171875 0.4013537703125 0.79021361875 0.3844315296875 0.787504796875 0.3756095640625 0.7877537765625 0.364311475 0.7892675437500001 0.35440697656250003 0.7943266921875 0.35157000781250003 0.7971948703125 0.349765784375 0.805211821875 0.35502908906249997 0.8110378015625 0.3715904859375 0.8153500125 0.3888735703125 0.8164554453124999 0.4054847546875 0.8108087140625001 0.40832172343749995 0.807940534375 0.410486790625 0.79832019375 0.40733876406249997 0.7928328171875
2 0.551003790625 0.7095162046875 0.5460515406249999 0.712045778125 0.536458096875 0.7254604812500001 0.536358521875 0.74537836875 0.5412609828125 0.7528077390625 0.5472459781250001 0.7554269375 0.5557070984375 0.7567813484375 0.5684485671874999 0.74885401875 0.572007225 0.7427790609375 0.5710242671875 0.7276713453125 0.5668434953125 0.7170351968750001 0.563334625 0.7131512109375 0.551003790625 0.7095162046875