0 0.3069273265625 0.5713725875 0.317113184375 0.579197365625 0.32671823906249997 0.5818310390625 0.33612969375 0.5827343484374999 0.349569271875 0.578033028125 0.358012721875 0.5702845046875 0.3618472453125 0.562949509375 0.36068564062499997 0.552567309375 0.3553023125 0.546059371875 0.3407011296875 0.5403784921875 0.319960959375 0.5422393734375001 0.30901944531250003 0.5484642953125001 0.305184921875 0.5557992890625 0.3069273265625 0.5713725875
0 0.427440096875 0.4626864859375 0.41688578437499996 0.4723721421875 0.415355721875 0.47950037187500005 0.418821790625 0.4896758078125 0.4315057109375 0.4990241859375 0.44111076562499996 0.5016578609375 0.45263308281250003 0.5006240390625 0.461463734375 0.49633624843749996 0.472018046875 0.48665059218750006 0.4727737046875 0.47260089531249994 0.46988843906250005 0.46761656093750004 0.45739812031250004 0.4599985484375 0.4525955921875 0.4586817109375 0.43185542187500003 0.46054259062499997 0.427440096875 0.4626864859375
0 0.5006396093750001 0.49282125312499997 0.47989943906250004 0.4946821328125 0.4754841140625 0.496826028125 0.467040665625 0.5045745515625 0.465317003125 0.509972415625 0.46686580937500005 0.5238153484375 0.4695574734375 0.52706931875 0.479549728125 0.5331637265625 0.48435225624999995 0.5344805640625 0.49145924843750005 0.5355906375 0.5050924265625001 0.532619684375 0.5160339406250001 0.5263947625000001 0.5200620640625 0.5207901328125 0.521785728125 0.51539226875 0.5179324578125 0.5017560999999999 0.512742728125 0.4969785296875 0.5006396093750001 0.49282125312499997
0 0.444657965625 0.38773668125 0.4327484453125 0.38530976875 0.419115265625 0.388280721875 0.408173753125 0.39450564374999997 0.402421965625 0.4055081359375 0.40338996875 0.4141599703125 0.40627523437499996 0.41914430625000004 0.4187655546875 0.4267623171875 0.42356808125 0.4280791546875 0.430675075 0.429189228125 0.4398929265625 0.4283621703125 0.446612715625 0.426011509375 0.45716702812500004 0.41632585312500003 0.459084290625 0.41265835624999997 0.46022714843749996 0.40206939375 0.45465022031249996 0.3938310890625 0.444657965625 0.38773668125
0 0.3619907609375 0.29378511406249996 0.3579626375 0.2993897421875 0.356238975 0.30478760781249997 0.357206978125 0.3134394390625 0.36028584375 0.3201541421875 0.36547557343750003 0.3249317140625 0.3752742296875 0.329295753125 0.38238121875000003 0.330405828125 0.3962079984375 0.3291652421875 0.40714951250000003 0.32294031875 0.41309490000000004 0.31366819375 0.41135249375000005 0.2980948953125 0.40347109999999997 0.2900633546875 0.39136798281249996 0.2859060765625 0.3752367390625 0.287353428125 0.3619907609375 0.29378511406249996
0 0.484520665625 0.0783060609375 0.47261115 0.07587914999999999 0.4518709796875 0.07774003125 0.44304032656250003 0.08202782187499999 0.43690134062499997 0.0895695828125 0.43537127968749995 0.09669781250000001 0.4363392828125 0.10534964531249999 0.44460787812499997 0.11684191875000001 0.44960400624999997 0.1198891234375 0.4592090609375 0.1225227984375 0.47534030312500003 0.121075446875 0.48206009375000003 0.1187247875 0.48839268125 0.1129133921875 0.49433806562499993 0.10364126874999999 0.495868128125 0.0965130359375 0.492208459375 0.0846072359375 0.484520665625 0.0783060609375
0 0.235301515625 0.36807065 0.23146699062499998 0.3754056453125 0.23320939687500003 0.3909789453125 0.23590106249999998 0.3942329140625 0.24819778124999997 0.4001205578125 0.255304771875 0.4012306296875 0.2714360140625 0.3997832796875 0.280266665625 0.39549548749999996 0.28851651562499997 0.3860165984375 0.286774109375 0.3704432984375 0.2740901890625 0.36109492187500003 0.264485134375 0.3584612453125 0.2506583546875 0.3597018328125 0.239523240625 0.3641963875 0.235301515625 0.36807065
2 0.2254841140625 0.3427354421875 0.23144824531250002 0.35443448125 0.2366379734375 0.359212053125 0.243744965625 0.36032212656249996 0.25276921875 0.3577647015625 0.2654343921875 0.34614191562499996 0.271186178125 0.335139421875 0.269250171875 0.3178357546875 0.256953453125 0.3119481125 0.24543113593750002 0.312981934375 0.24101580937499997 0.315125828125 0.234683221875 0.320937221875 0.226820575 0.3338768453125 0.2254841140625 0.3427354421875
2 0.33774703437500003 0.24352823125 0.32258379375 0.253627415625 0.3206665328125 0.2572949140625 0.3216345359375 0.2659467453125 0.3318203921875 0.2737715234375 0.33662291875 0.275088359375 0.3527541625 0.2736410078125 0.363889278125 0.26914645312499996 0.370221865625 0.263335059375 0.378278115625 0.252125803125 0.380001775 0.24672793906249998 0.37672930937500004 0.2382828703125 0.36942871875 0.2354424296875 0.3532974734375 0.23688977968749997 0.33774703437500003 0.24352823125
2 0.38166920000000004 0.17841658437500002 0.3668931640625 0.19197650156249998 0.3630586390625 0.1993114953125 0.36460744375 0.21315442812500002 0.3722952390625 0.2194556 0.3770977640625 0.220772440625 0.3863156171875 0.21994538281249998 0.4037833203125 0.20963943437500002 0.41203317031250003 0.200160540625 0.41509329062500006 0.18590408125 0.40912915937500005 0.1742050421875 0.40432663281250003 0.17288820625 0.39280431718750003 0.173922028125 0.386084528125 0.1762726875 0.38166920000000004 0.17841658437500002
2 0.48023040625 0.43522937500000003 0.4594902375 0.43709025312499994 0.45296404843750004 0.44117127968750003 0.44912952500000003 0.448506275 0.44951672499999995 0.451967009375 0.4522083921875 0.455220978125 0.4719993015625 0.4656794296875 0.48141075625 0.4665827375 0.49754199843749997 0.4651353875 0.511175178125 0.46216443281249997 0.5155905046875 0.4600205375 0.517507765625 0.4563530390625 0.5142353 0.44790797187500003 0.511543634375 0.444654003125 0.49674885 0.43724275625000003 0.48023040625 0.43522937500000003
2 0.5057168703125 0.371771840625 0.506491271875 0.37869330625000003 0.5141790640624999 0.38499448125 0.5189815921875 0.38631131875 0.5281994437499999 0.3854842609375 0.5437498859375001 0.3788458109375 0.557945121875 0.3600947921875 0.5594751812500001 0.3529665609375 0.5565899171875001 0.3479822265625 0.5492893249999999 0.3451417859375 0.53546254375 0.346382371875 0.5199121046874999 0.35302082343749996 0.511468653125 0.360769346875 0.5057168703125 0.371771840625
2 0.5618358796875 0.4156732890625 0.5633846859375 0.429516221875 0.5658827515625 0.43103982187499995 0.5731833421875 0.43388026249999995 0.5847056578125 0.432846440625 0.593729909375 0.4302890171875 0.6104232109375001 0.4130616015625 0.614064134375 0.403996240625 0.6125153265625001 0.39015330625 0.6077128 0.3888364703125 0.58927709375 0.39049058593749997 0.58044644375 0.394778375 0.5696985296875 0.4027336640625 0.5618358796875 0.4156732890625
1 0.2780995671875 0.3345191265625 0.2736842421875 0.3366630234375 0.26754525625 0.3442047828125 0.2683196578125 0.35112625 0.2735093875 0.355903821875 0.280809978125 0.3587442609375 0.2923322953125 0.3577104390625 0.3462842078125 0.34063552656249996 0.35453405937500004 0.331156634375 0.35145519375 0.3244419328125 0.348763528125 0.3211879640625 0.3439610015625 0.3198711265625 0.3278297578125 0.321318478125 0.30056340000000004 0.327260384375 0.2780995671875 0.3345191265625
1 0.29421206718750004 0.3121006125 0.30054465625 0.3062892203125 0.3043791796875 0.298954225 0.31625120624999997 0.259438809375 0.315670403125 0.2542477078125 0.305484546875 0.246422934375 0.2893533046875 0.24787028437499997 0.283214315625 0.25541204375 0.271923090625 0.3001185609375 0.2751955578125 0.30856363125 0.28268974999999996 0.3131344359375 0.29421206718750004 0.3121006125
1 0.41722289999999995 0.2049381125 0.4222190265625 0.2079853171875 0.45814118125 0.21699641718749998 0.47946215312499996 0.22032663593750001 0.4909844703125 0.21929281406249998 0.49962152031249996 0.2132746578125 0.5007643796875 0.2026856921875 0.49307658749999994 0.1963845203125 0.4667594890625 0.19000709531249999 0.4312245359375 0.1844567296875 0.41989581875 0.18722091875 0.4135632328125 0.1930323109375 0.41453123593749996 0.2016841453125 0.41722289999999995 0.2049381125
1 0.41333214218750003 0.149359615625 0.40564434687500006 0.1430584453125 0.39623289375000004 0.142155134375 0.337865653125 0.16137394375 0.329228603125 0.1673921015625 0.33058380781249996 0.17950466874999998 0.3357735375 0.18428223906250002 0.3497939171875 0.18477201875 0.40605029375 0.16749034062499998 0.41238288125 0.1616789484375 0.41333214218750003 0.149359615625
1 0.195338640625 0.13571174375 0.1982239046875 0.140696078125 0.2032200328125 0.143743284375 0.2172404140625 0.1442330640625 0.22165574062500001 0.14208916875 0.2256838640625 0.1364845390625 0.22527791874999997 0.11205264374999999 0.2152669171875 0.0849870703125 0.21257525312499997 0.0817331015625 0.20527466093750002 0.0788926625 0.19375234375 0.079926484375 0.18741975625 0.08573787656250001 0.18647049843750002 0.0980572078125 0.195338640625 0.13571174375
1 0.6508980578125 0.35874568125 0.6422610046874999 0.3647638390625 0.6407309453125001 0.3718920703125 0.6457645624999999 0.4168816015625 0.6532587546874999 0.42145240937499995 0.669389996875 0.42000505625000006 0.6755289859375 0.41246329687500005 0.6699145640624999 0.362282665625 0.6647248375 0.35750509375 0.6508980578125 0.35874568125
1 0.6238253 0.3664179546875 0.630932290625 0.367528028125 0.6376520796875 0.3651773671875 0.6483999921875 0.35722207968749997 0.65585669375 0.3198505578125 0.6543078875 0.30600762656249997 0.6493117609375 0.3029604203125 0.6329869171875 0.3026774046875 0.626460728125 0.30675843125 0.6226262046875 0.3140934265625 0.6155567046875 0.35492568125 0.6161375062500001 0.36011678125 0.6238253 0.3664179546875
0 0.6315505828125 0.4146614546875 0.6108104109375 0.416522334375 0.6000624984375 0.424477625 0.5943107125 0.43548011718749996 0.5952787140625 0.44413194999999994 0.6006620453125 0.45063988593750004 0.6081562375 0.45521069374999995 0.612958765625 0.45652753281249997 0.636003396875 0.4544598875 0.640418725 0.452315990625 0.648862175 0.44456746562499994 0.6525030953125001 0.43550210624999997 0.65192229375 0.4303110046875 0.648843428125 0.42359630312499996 0.6411556375 0.41729513125000006 0.6315505828125 0.4146614546875
1 0.3414128515625 0.0474527625 0.3623466203125 0.0473222484375 0.40824228749999997 0.04145659375 0.4191838 0.035231671874999995 0.42071386093749996 0.0281034421875 0.418022196875 0.024849471875 0.40822354375 0.0204854296875 0.35713814843749997 0.021573515625 0.33889604218749997 0.024957996875 0.334480715625 0.027101892187499997 0.3304525921875 0.0327065203125 0.33122699375 0.0396279875 0.3414128515625 0.0474527625
2 0.538260234375 0.03852961875 0.5409519 0.041783587500000004 0.560162009375 0.047050939062500005 0.5810957796875 0.0469204265625 0.596839821875 0.042012340625 0.6052832718750001 0.034263817187500004 0.6041216671875 0.023881617187500002 0.5987383375 0.017373679687499997 0.5891332828125 0.014740004687499999 0.570310375 0.0129333859375 0.5497638078125 0.016524634375 0.5386286921875 0.0210191890625 0.53498776875 0.030084549999999998 0.538260234375 0.03852961875
2 0.6143388640625 0.281629990625 0.6191413921875 0.2829468296875 0.6306637078125 0.28191300625000004 0.6473570078125 0.26468559062499997 0.65272159375 0.250222365625 0.6515599875 0.239840165625 0.6440657953125 0.23526935937500001 0.6302390156250001 0.236509946875 0.6258236921875 0.238653840625 0.6112412515625001 0.25394412499999997 0.6077939296875 0.2647398546875 0.6091491359375001 0.2768524203125 0.6143388640625 0.281629990625