0 0.8309884109375 0.5191751296875 0.8429717906249999 0.5135691875 0.8484354484375001 0.5002851734375 0.8466462375000001 0.49139987500000004 0.8379183609374999 0.48173752500000006 0.82877154375 0.4789762015625 0.8125813296875 0.4771630828125 0.7958674359375 0.4839762484375 0.79324034375 0.4888929984375 0.792507196875 0.5009697937500001 0.79671403125 0.5083888515625 0.8011303375000001 0.5123573984375 0.81017241875 0.516843978125 0.8309884109375 0.5191751296875
0 0.6193722296875 0.5527970671875 0.621475646875 0.556506596875 0.6325164125 0.5664279609375 0.637037453125 0.568671253125 0.65785344375 0.571002403125 0.6673144671875 0.5685879593750001 0.6722544484374999 0.563930225 0.6772991640625 0.5575472328125 0.6778228421875 0.5489209515625 0.67361600625 0.5415018921875 0.6647833953125 0.5335648015625 0.6557413125 0.5290782203125 0.644176875 0.5277831359375 0.6347158515625 0.53019758125 0.6250453578124999 0.5360625375 0.6200006421875 0.5424455312500001 0.6193722296875 0.5527970671875
0 0.6759114671875001 0.4653316 0.677805415625 0.4724916421875 0.684429871875 0.4784444609375 0.6889509125 0.4806877515625 0.7096621703125 0.48474415937500004 0.7191231921875 0.48232971406249997 0.7239584390625 0.4793972359375 0.7290031546875 0.47301424531249997 0.7297363015625 0.46093745156250004 0.7255294671875 0.45351839062500005 0.7211131609375 0.44954984531250003 0.71207108125 0.4450632671875 0.693567978125 0.44299113125 0.688837465625 0.444198353125 0.679166971875 0.4500633109375 0.6766446140625 0.45325480625000003 0.6759114671875001 0.4653316
0 0.8019070484374999 0.6913538765625 0.8064280890625 0.69359716875 0.8226183062500001 0.6954102859375 0.829661703125 0.6944620796875001 0.8393321968749999 0.6885971234375 0.8418545546875 0.6854056265625 0.8427971718749999 0.6698783203125 0.8385903359375 0.6624592625 0.8341740312500001 0.6584907171875 0.82513195 0.6540041343749999 0.806628846875 0.651932 0.7971678234375 0.654346446875 0.787392596875 0.661936659375 0.786554715625 0.675738709375 0.7886581328125 0.6794482375 0.8019070484374999 0.6913538765625
0 0.7188874046875 0.831437378125 0.73507761875 0.8332504953125 0.73980813125 0.832043271875 0.7518962484375 0.8247120750000001 0.7544186046875 0.82152058125 0.7554659578125 0.8042680171875001 0.746633346875 0.796330925 0.7285491828125 0.787357765625 0.71929763125 0.786321696875 0.7098366078125 0.788736140625 0.7025837390625 0.7931348593750001 0.6975390234375001 0.7995178515625 0.6968058765625 0.8115946453125 0.7053242828124999 0.82470750625 0.7188874046875 0.831437378125
0 0.5322679109374999 0.7601655609375 0.550771015625 0.7622376953125001 0.5651720203124999 0.755165515625 0.570321471875 0.7470572671875 0.56874173125 0.7347214578125 0.56232674375 0.7253181265624999 0.55559755 0.7210905624999999 0.5510765078125 0.7188472734375 0.53951206875 0.7175521875 0.525320534375 0.72117385625 0.5180676656250001 0.7255725734375 0.51260400625 0.7388565890625001 0.5144979546874999 0.7460166328125 0.525433984375 0.7576632546875001 0.5322679109374999 0.7601655609375
0 0.48664727656249995 0.782848340625 0.4914825234375 0.7799158609375 0.49652723906249996 0.77353286875 0.4974698578125 0.7580055625 0.488846715625 0.746617959375 0.47980463437500004 0.7421313796875 0.46361441875000003 0.7403182609375001 0.4469005265625 0.7471314234374999 0.4418558109375 0.753514415625 0.44101792968750003 0.767316465625 0.45184922343749995 0.78068834375 0.45868315 0.78319065 0.4771862546875 0.785262784375 0.48664727656249995 0.782848340625
0 0.4628026765625 0.868764275 0.46490609374999997 0.8724738046875 0.48046789843750004 0.8846384609375001 0.49897100156249996 0.8867105953125 0.5060144 0.885762390625 0.518207253125 0.8767059375 0.52093908125 0.870063928125 0.5214627578125001 0.8614376484375 0.519568809375 0.8542776046875 0.5174653921875 0.850568075 0.508528046875 0.8443562390625001 0.5040070046875 0.8421129484375 0.48550390312499997 0.840040815625 0.478460503125 0.8409890203125 0.4662676515625 0.8500454734374999 0.4636405578125 0.8549622250000001 0.4628026765625 0.868764275
2 0.7258698124999999 0.5629865875 0.7266029578125 0.5509097953125 0.7094614140625 0.526409328125 0.6956888203125 0.5231299703125 0.686227796875 0.5255444140625001 0.681287815625 0.53020215 0.678137046875 0.5437451828125 0.682239146875 0.5528894984375 0.693175175 0.5645361203125 0.6997996343749999 0.570488940625 0.7112593375 0.57350928125 0.7231379828125 0.569628596875 0.7258698124999999 0.5629865875
2 0.61514796875 0.4689487 0.6242947859375 0.47171002343749996 0.6660315046874999 0.47464707031250003 0.6731796390625 0.471973609375 0.6739127859375 0.4598968140625 0.669601215625 0.4542030125 0.6582462453125 0.44945741562499997 0.64909943125 0.446696090625 0.630596325 0.4446239546875 0.61892715 0.4450541296875 0.6117790171874999 0.447727590625 0.6067342984375 0.45411058125 0.6065248296875 0.45756109218749996 0.6107316640625 0.46498015312499996 0.61514796875 0.4689487
2 0.615374865625 0.541927496875 0.6227324703125 0.535803521875 0.6231514109375 0.528902496875 0.6166316890625 0.5212244203124999 0.5986522609375 0.5105260046875 0.59181833125 0.5080236984375001 0.571002340625 0.5056925453125001 0.566271828125 0.5068997671875 0.5637494703125 0.5100912640625 0.5632257953125 0.5187175453124999 0.5719536703125 0.52837989375 0.5877249453125 0.5370940375 0.608331465625 0.5428757015625 0.615374865625 0.541927496875
2 0.592926675 0.75827371875 0.597447715625 0.7605170078125 0.60669926875 0.7615530749999999 0.616160290625 0.75913863125 0.6186826484375 0.755947134375 0.6192063250000001 0.747320853125 0.6130008078125 0.734467009375 0.6043776671875001 0.7230794046875 0.5977532078125 0.717126584375 0.5887111265625 0.71264000625 0.579459575 0.7116039375 0.5747290640625 0.712811159375 0.5695796140625 0.7209194078125 0.5689512015625 0.73127094375 0.5730533 0.740415259375 0.592926675 0.75827371875
2 0.6479210234375 0.8113310609375001 0.6437141890625 0.8039120000000001 0.632778159375 0.7922653796875 0.614693996875 0.78329221875 0.6031295562500001 0.781997134375 0.5957719531250001 0.788121109375 0.5951435421875 0.7984726453125 0.601558528125 0.807875978125 0.6148074453125 0.8197816171874999 0.6283705671875001 0.8265114875 0.6422478953125 0.8280655890625 0.647083140625 0.8251331093750001 0.6479210234375 0.8113310609375001
2 0.7832206140625 0.8073762203125 0.7905782171875 0.8012522453124999 0.7908924234375 0.7960764765625 0.7888937421875 0.790641690625 0.7755400906250001 0.7804613078125 0.7574559265625 0.771488146875 0.7366399359375 0.7691569953124999 0.7294918 0.771830459375 0.7267599734375 0.7784724656249999 0.7287586546875 0.78390725 0.7353831125 0.789860071875 0.75557069375 0.8025427593750001 0.767030396875 0.8055631015625 0.7832206140625 0.8073762203125
2 0.4488467515625 0.98357939375 0.4604111921875 0.984874478125 0.46755932656250004 0.9822010171875 0.47302298593750003 0.968917 0.46471405 0.9523536265624999 0.4514651328125 0.9404479875 0.4424230515625 0.9359614078125 0.43096334687500004 0.9329410656249999 0.42391994843749997 0.9338892734375 0.4190847015625 0.93682175 0.41393525000000003 0.9449299984374999 0.4157244609375 0.953815296875 0.42424286718750004 0.9669281578125 0.43749178125 0.9788337968749999 0.4488467515625 0.98357939375
2 0.400433296875 0.7454015984375 0.40474486875000004 0.7510954015625 0.41147406093749994 0.755322965625 0.42072561249999996 0.7563590328124999 0.425456125 0.755151809375 0.43523135156250004 0.7475615953125 0.4379631828125 0.7409195875 0.438696328125 0.7288427937499999 0.43270028125 0.7125384359375 0.4282839734375 0.708569890625 0.419032421875 0.7075338234374999 0.409466665625 0.7116735234375 0.40200432499999994 0.7195227546875 0.39927249531250003 0.7261647625000001 0.39853934999999996 0.7382415578125 0.400433296875 0.7454015984375
1 0.8400827703125 0.7529496390625 0.84249168125 0.7132687437499999 0.8407024671875 0.704383446875 0.834078009375 0.6984306265625 0.81788779375 0.696617509375 0.810739659375 0.69929096875 0.8079030953125 0.707658234375 0.807807071875 0.7475981468749999 0.8119091718749999 0.7567424609375 0.8186383671874999 0.7609700234375001 0.83020280625 0.762265109375 0.8349333187499999 0.7610578859375 0.8400827703125 0.7529496390625
1 0.718390046875 0.49440650937499997 0.7118703234375 0.48672843437499996 0.6866380265625 0.48042873437500005 0.6404850015625 0.47352314062499995 0.6333368687500001 0.4761966015625 0.6306050375 0.48283861093749997 0.6347071375 0.491982925 0.6460621078125001 0.496728525 0.7013619484375 0.506395440625 0.7083006140625 0.507172490625 0.715448746875 0.5044990296874999 0.7179711046875 0.5013075328125 0.718390046875 0.49440650937499997
1 0.5229815062500001 0.606270875 0.5317093828125 0.6159332234375 0.598783134375 0.6234447125 0.6106617812499999 0.6195640296875 0.6113949265625 0.607487234375 0.606978621875 0.6035186890625 0.6001446921875 0.60101638125 0.5353838296875 0.593763909375 0.5258180718750001 0.5979036109375 0.5229815062500001 0.606270875
1 0.6242423296874999 0.7027232078125001 0.6290775765625 0.6997907296875 0.6297059875000001 0.6894391921875 0.6208733765625001 0.6815021 0.5895402953125 0.6606232999999999 0.5782900609375 0.6541524453124999 0.5620998453125 0.652339328125 0.5548469765624999 0.6567380468749999 0.55221988125 0.6616547984375 0.55411383125 0.668814840625 0.5629464421875 0.676751934375 0.610260265625 0.7028943625 0.6195118171875 0.7039304296875 0.6242423296874999 0.7027232078125001
1 0.693532946875 0.7504336265625 0.6941613578125 0.7400820875 0.6920579390625 0.7363725578125 0.6830158578125001 0.731885978125 0.6713466828125 0.73231615 0.6281436703125001 0.753532690625 0.618473178125 0.7593976484375 0.6178447671875 0.769749184375 0.6221563375 0.7754429890625001 0.626677378125 0.777686278125 0.6405547046875 0.7792403796875 0.66210384375 0.7694947375 0.693532946875 0.7504336265625
1 0.5159642468750001 0.72186304375 0.5563306953125 0.70901376875 0.5661059234375 0.7014235546875 0.5666296 0.692797275 0.5600051406250001 0.686844453125 0.5554840999999999 0.6846011640625 0.5462325484375 0.6835650953125 0.4963003421875 0.7005540734375 0.486525115625 0.7081442859375 0.48610617500000003 0.7150453125 0.48820959375 0.7187548421875001 0.4949387859375 0.7229824046875 0.5018774500000001 0.7237594546875 0.5159642468750001 0.72186304375
1 0.8342350234374999 0.9259933 0.832236340625 0.9205585125000001 0.8256118828125001 0.9146056937499999 0.816465065625 0.9118443703124999 0.8117345546875001 0.9130515921875 0.80437695 0.9191755687500001 0.8025964515625 0.9485049218749999 0.8079640875 0.97516081875 0.8170061671875001 0.9796473984375 0.8263624546875 0.9789582093750001 0.8336153234375001 0.9745594921875 0.8357100281250001 0.9400543671875001 0.8342350234374999 0.9259933
1 0.68658156875 1 0.68570394375 0.994471809375 0.6812876359375 0.9905032625000001 0.6767665968750001 0.9882599734375 0.616631509375 0.9815255359374999 0.6000223515625 0.986613440625 0.5976047296875 0.98807968125 0.5972905234375 0.99325545 0.603382790625 1 0.68658156875 1