0 0.521927384375 0.251394921875 0.5282518125 0.24646969843750002 0.5327196015625 0.2394197703125 0.5351470625 0.22800779375000002 0.5320046031250001 0.2102217 0.5245780453125 0.2017228734375 0.5158459140625 0.1978113671875 0.5074811593749999 0.19837454062499998 0.50115673125 0.2032997640625 0.49650525625 0.2081123515625 0.494445171875 0.2239990109375 0.49499623593750003 0.2307110328125 0.4992605796875 0.2416724703125 0.504830496875 0.24804658906250002 0.511889678125 0.25207073125 0.521927384375 0.251394921875
0 0.3938646625 0.2487684765625 0.3964758109375 0.2395938421875 0.3974140078125 0.230531840625 0.3950063046875 0.221695109375 0.3927822875 0.2150957234375 0.381826140625 0.20458482656250002 0.3667695796875 0.2055985421875 0.357650315625 0.21746105781249997 0.35522285625 0.228873034375 0.355957609375 0.2378223984375 0.3600382640625 0.24654649375 0.369321459375 0.257170025 0.37285105 0.259182096875 0.386234659375 0.25828101718749996 0.3938646625 0.2487684765625
0 0.2866179859375 0.43821547031249997 0.2909020859375 0.428928203125 0.2892488921875 0.40879213124999997 0.2872085625 0.40443008281250004 0.27978200468750003 0.3959312578125 0.272722825 0.39190711562499997 0.2610121671875 0.392695559375 0.25468773906250003 0.3976207828125 0.24891437500000002 0.4092580296875 0.2507512578125 0.4316314421875 0.26003445625 0.4422549734375 0.26709363750000004 0.446279115625 0.27545839375000003 0.445715940625 0.2802935578125 0.44314069375000004 0.2866179859375 0.43821547031249997
0 0.313300296875 0.33293243906250003 0.3094033296875 0.3264456859375 0.2967742296875 0.316047425 0.285063571875 0.31683586875 0.27724988125 0.32411106875 0.27314947031250003 0.335635678125 0.2746189765625 0.3535344109375 0.27684299375 0.36013379843750004 0.2824129109375 0.3665079171875 0.2946746328125 0.37243149531249997 0.30769086562500003 0.36705573281250004 0.314953490625 0.35306851250000004 0.313300296875 0.33293243906250003
0 0.2460543875 0.292465746875 0.24884922656250003 0.2855284515625 0.24756340937500002 0.26986706250000003 0.24552308125 0.265505015625 0.23048627812500003 0.246270025 0.2204485703125 0.2469458359375 0.21394045468749998 0.249633715625 0.207799715625 0.25679627968749996 0.2040666796875 0.2727955734375 0.2048014328125 0.28174493906250003 0.20702544843749998 0.2883443265625 0.2181652859375 0.3010925640625 0.22169487656250003 0.3031046359375 0.2384243859375 0.3019782859375 0.2460543875 0.292465746875
0 0.5472902453125 0.35542360781250004 0.5537983609375 0.352735728125 0.5597554109375 0.343335821875 0.5608773 0.3365111640625 0.5595914796875 0.320849775 0.5573674640624999 0.3142503875 0.54994090625 0.3057515625 0.5412087750000001 0.301840053125 0.534516971875 0.30229059375 0.5296818062499999 0.304865840625 0.52223549375 0.316615721875 0.5209299171875 0.3212030390625 0.5223994249999999 0.3391017703125 0.5264800796875 0.3478258640625 0.5320499984375 0.3541999828125 0.5372525390625 0.35609941875 0.5472902453125 0.35542360781250004
0 0.283744121875 0.5261475890625 0.2897011734375 0.5167476843750001 0.292312321875 0.50757305 0.2912101921875 0.494149003125 0.2871295359375 0.48542490625 0.2780300296875 0.4770387171875 0.2644627328125 0.4757024546875 0.25795461406250003 0.47839033750000004 0.25181387499999996 0.48555290156249997 0.2492027265625 0.4947275359375 0.2508559203125 0.5148636062499999 0.2528962484375 0.519225653125 0.25846616718750004 0.5255997734375 0.26552534687499996 0.5296239140625 0.2789089578125 0.5287228359375 0.283744121875 0.5261475890625
0 0.1630684453125 0.5725173796874999 0.1705147578125 0.5607675015625 0.17163664375 0.5539428421875 0.1703508265625 0.538281453125 0.1662701703125 0.5295573578125 0.1571706609375 0.5211711671875 0.14044115 0.5222975171875001 0.1356059859375 0.524872765625 0.129465246875 0.532035328125 0.126854096875 0.5412099640625 0.12832360468749998 0.5591086921875 0.13036393125 0.563470740625 0.139647128125 0.5740942703125 0.14837925937500002 0.5780057796875 0.15339811406249998 0.5776678734375 0.1630684453125 0.5725173796874999
2 0.537515253125 0.277341934375 0.5365968109375 0.2661552296875 0.5343727953124999 0.259555840625 0.5271299265625 0.2532943578125 0.520438121875 0.25374489843750003 0.51560295625 0.2563201421875 0.50666738125 0.2704200015625 0.5014450828125 0.2887692703125 0.5027309 0.304430659375 0.50681155625 0.3131547546875 0.5120140984375 0.315054190625 0.5203788515625 0.3144910140625 0.5309873796875 0.3002785234375 0.537515253125 0.277341934375
2 0.4825962171875 0.366528396875 0.4883695796875 0.3548911515625 0.48949146718750003 0.34806649218749997 0.48802196093749994 0.3301677625 0.48598163281250006 0.325805715625 0.480411715625 0.319431596875 0.4752091734375 0.31753216093750003 0.46870105625 0.3202200421875 0.45976547968750003 0.3343198984375 0.45603244531250003 0.3503191921875 0.4556453125 0.36609321562499997 0.4580530171875 0.374929946875 0.4599096546875 0.37705465312499997 0.46343924531249997 0.379066725 0.47347695156249997 0.378390915625 0.4825962171875 0.366528396875
2 0.43253210624999994 0.4328909078125 0.433837678125 0.428303590625 0.43310292656250005 0.419354225 0.430511534375 0.4082801546875 0.42253391249999994 0.39306930625000003 0.41510735312499997 0.3845704796875 0.4080481734375 0.3805463375 0.40302931875 0.38088424375 0.3968885796875 0.3880468078125 0.398541775 0.408182878125 0.4007657921875 0.4147822671875 0.40670308593750004 0.4256310671875 0.4178429203125 0.43837930468749997 0.4278806265625 0.43770349375000006 0.43253210624999994 0.4328909078125
2 0.3875856265625 0.3976719828125 0.383504971875 0.3889478859375 0.37811874218749997 0.3848111109375 0.37124324999999997 0.3830243078125 0.3567377546875 0.390750046875 0.346129228125 0.404962540625 0.3448236515625 0.40954985781250003 0.3461094703125 0.425211246875 0.3533523390625 0.431472728125 0.3617170953125 0.43090955312499996 0.3762225890625 0.42318381718750003 0.3881366921875 0.40438400625000004 0.3875856265625 0.3976719828125
2 0.26894439531250003 0.26392812499999996 0.26765857656250003 0.2482667359375 0.2652508734375 0.2394300078125 0.2574569390625 0.2264565 0.243154890625 0.2161708734375 0.2331171828125 0.21684668281250002 0.22864939374999999 0.2238966140625 0.22956783593750002 0.23508331875000002 0.23587250625 0.250406803125 0.249236359375 0.269754428125 0.256295540625 0.2737785703125 0.2613143953125 0.2734406640625 0.2644766078125 0.27097805468749997 0.26894439531250003 0.26392812499999996
2 0.5607785171875 0.43775469375 0.56542999375 0.4329421078125 0.5665518781250001 0.4261174484375 0.5639802421875 0.3947946703125 0.5598995875 0.386070575 0.556002621875 0.379583821875 0.5524730296875 0.37757175 0.5424353234375 0.3782475609375 0.536294584375 0.385410125 0.5353563859375 0.394472125 0.536274828125 0.40565883124999996 0.539233596875 0.421207584375 0.543497940625 0.43216902187499995 0.5472112203124999 0.4364184328125 0.5524137625 0.43831786875 0.5607785171875 0.43775469375
2 0.5657381 0.49816290625 0.5679818734375 0.4845135890625 0.566512365625 0.466614859375 0.5641046625 0.4577781296875 0.55965663125 0.44457935156249995 0.5559433515625 0.44032993906250006 0.5492515484375 0.4407804796875 0.54143785625 0.4480556796875 0.537888509375 0.4662923140625 0.5393580171875 0.48419104218750003 0.5438060484375 0.49738982187499997 0.549375965625 0.5037639390625 0.557924409375 0.50543810625 0.5627595750000001 0.5028628578125 0.5657381 0.49816290625
2 0.2875423078125 0.633877871875 0.2953559984375 0.626602675 0.298150834375 0.61966538125 0.29741608125 0.610716015625 0.29184616406249997 0.6043418968750001 0.28311403125 0.6004303906249999 0.2613656671875 0.6018946453125 0.256530503125 0.604469890625 0.2520627125 0.6115198203125 0.250757140625 0.6161071375 0.25149189375000003 0.6250565031249999 0.255388859375 0.63154325625 0.2607750890625 0.6356800328125 0.269323534375 0.6373541984375 0.279361240625 0.6366783890625001 0.2875423078125 0.633877871875
1 0.320478015625 0.21546434531249997 0.3167647375 0.2112149328125 0.31156219531249996 0.2093154984375 0.2946489953125 0.20820450625000003 0.266208828125 0.21011930156249997 0.2600680890625 0.21728186562500001 0.26098653125000004 0.228468571875 0.2702697265625 0.2390921015625 0.29238546875 0.24210252968749998 0.31747973281249997 0.24041300468750001 0.3232530953125 0.22877575781249998 0.320478015625 0.21546434531249997
1 0.278883321875 0.3644958453125 0.2738644671875 0.36483374999999996 0.267723728125 0.3719963140625 0.2690095453125 0.38765770312500003 0.272722825 0.39190711562499997 0.315077909375 0.41605197031249996 0.323442665625 0.4154887953125 0.32772676562499997 0.406201525 0.326624634375 0.392777478125 0.3210547171875 0.3864033578125 0.278883321875 0.3644958453125
1 0.22385962343750002 0.3704501421875 0.22257380468750002 0.35478875468750004 0.21886052656250002 0.35053934062500003 0.21533093593750002 0.3485272703125 0.20194732656249997 0.34942835 0.1807500265625 0.35760463124999997 0.16791748281250002 0.36521773281250003 0.1617767453125 0.37238029687499996 0.1604711703125 0.3769676140625 0.1613896125 0.3881543203125 0.1669595296875 0.3945284390625 0.185361990625 0.393289453125 0.21455666875 0.3800753171875 0.22385962343750002 0.3704501421875
1 0.250934946875 0.43386878125 0.24742511406249998 0.41160800625 0.24279339218749998 0.39617188593749997 0.2374071640625 0.39203510937499997 0.22736945625 0.3927109203125 0.22290166875 0.39976084843750004 0.22196346875 0.408822846875 0.2334311703125 0.4665431796875 0.239184778125 0.475154640625 0.250895434375 0.47436619531249996 0.2551795359375 0.4650789234375 0.250934946875 0.43386878125
1 0.2233737078125 0.487467696875 0.21780378906250003 0.48109357812500003 0.2077660828125 0.4817693875 0.20199272031249998 0.493406634375 0.2119711578125 0.5534769421875 0.219581403125 0.5642131078125 0.22961910937500002 0.5635372984375 0.23575985 0.5563747343750001 0.233922965625 0.5340013234375001 0.22818911718749998 0.50514115625 0.2233737078125 0.487467696875
1 0.1002192953125 0.2167954859375 0.0697387984375 0.2143482328125 0.054682239062500006 0.2153619484375 0.0483578109375 0.2202871703125 0.0461140390625 0.23393648749999998 0.0501946953125 0.2426605828125 0.0741670734375 0.247795715625 0.1059531453125 0.24565565 0.1117265078125 0.23401840625 0.109318803125 0.22518167500000003 0.1002192953125 0.2167954859375
1 0.0174763078125 0.4383383421875 0.0230462234375 0.44471246249999996 0.03308393125 0.44403665312499996 0.037551720312499995 0.436986721875 0.03867360625 0.4301620640625 0.0338977109375 0.37199119375 0.031673693749999995 0.3653918046875 0.024430825 0.3591303203125 0.01439311875 0.35980613125 0.0108276234375 0.365432290625 0.012289453124999999 0.41476905625000005 0.0174763078125 0.4383383421875
1 0.3930765203125 0.485040925 0.3847117640625 0.48560410000000004 0.36014880625 0.51425435625 0.34990765625 0.53294153125 0.3510097859375 0.5463655765625 0.35657970156249996 0.5527396953125 0.3682903609375 0.5519512515625 0.39862668125 0.5116637500000001 0.40142151875 0.5047264546875 0.39846275000000003 0.4891777015625 0.3930765203125 0.485040925