0 0.772918434375 0.46569203437500006 0.7904258125 0.47011541875 0.7951679828125 0.469594803125 0.8083020421875 0.4626006484375 0.8119552875 0.4463360328125 0.8104975156249999 0.44253018437499997 0.8050282234375 0.43599203124999997 0.797005184375 0.43052741718750004 0.7838746484375 0.4272098765625 0.76709439375 0.42984526250000005 0.759067828125 0.43469233906250004 0.7557799078125 0.44933049374999995 0.760883875 0.45749510937500004 0.772918434375 0.46569203437500006
0 0.5766381875000001 0.5673514234375 0.5839305796875001 0.5760689640625001 0.5879421 0.578801271875 0.6054494796875 0.5832246578125 0.6123800703125 0.5832569640624999 0.6251488046875 0.5778892718749999 0.6284332015625 0.573562809375 0.6291673765625 0.55999819375 0.6258865046875 0.5540129625 0.6160403671875 0.5463689609375 0.5985329875 0.541945575 0.58904865 0.54298680625 0.5813874078125 0.5462074234375 0.5781030125 0.550533884375 0.5759110640625 0.5602926546875 0.5766381875000001 0.5673514234375
0 0.48475265468749995 0.46163510781249995 0.48256070624999997 0.4713938765625 0.48729934999999996 0.4811849546875 0.49276864375 0.48772310937499996 0.50298010625 0.4937406484375 0.5164759640625001 0.495431725 0.5314331218749999 0.4906169546875 0.537271265625 0.48521695468750003 0.5390978890625 0.477084646875 0.5380054390625 0.47165233906250004 0.5310783734375 0.46130833750000005 0.527066853125 0.4585760296875 0.5186784906249999 0.4547378765625 0.5077363781249999 0.451973259375 0.5008057859374999 0.451940953125 0.4880370515625 0.4573086453125 0.48475265468749995 0.46163510781249995
0 0.459658071875 0.24388678125 0.4625736171875 0.2514984734375 0.4742428546875 0.261321859375 0.49175023125 0.2657452453125 0.501234571875 0.2647040140625 0.506342065625 0.2625569375 0.5121802093750001 0.2571569375 0.5143721578125 0.2473981671875 0.508541065625 0.23217478125 0.502706446875 0.22726308906249998 0.49212965937500003 0.22287200937499999 0.48775281562500006 0.2217661640625 0.47608005468750003 0.222254471875 0.4633113203125 0.22762216406250002 0.459661596875 0.2335750890625 0.459658071875 0.24388678125
0 0.46734399375 0.1684843140625 0.46952889062500003 0.1793489296875 0.4768212796875 0.18806646875 0.4848443203125 0.193531084375 0.4979748546875 0.196848625 0.5074591921875 0.1958073921875 0.515120434375 0.192586778125 0.521323903125 0.185560315625 0.5231505249999999 0.1774280078125 0.51914253125 0.1643840046875 0.5154963359375 0.1600252359375 0.5074732953125001 0.154560621875 0.4943427609375 0.15124308125000002 0.48741217031249995 0.151210775 0.47756250624999996 0.1538784671875 0.4720896875 0.1576520046875 0.46734399375 0.1684843140625
0 0.561428525 0.24381847343750002 0.5727324375 0.255268321875 0.590239815625 0.2596917078125 0.5949819859375001 0.259171090625 0.6077507203125 0.2538033984375 0.611035115625 0.24947693593750003 0.6135923875 0.23809170625 0.6110421671874999 0.2288535515625 0.607395971875 0.2244947796875 0.5993729328125 0.219030165625 0.581865553125 0.21460677968750003 0.5723812140625 0.2156480109375 0.5614355765625 0.2231950890625 0.55778585625 0.2291480125 0.561428525 0.24381847343750002
0 0.666493953125 0.20848862656249997 0.6675864 0.2139209359375 0.67269036875 0.22208555 0.6825365078125001 0.22972955156250002 0.695667040625 0.233047090625 0.7025976328125 0.2330793984375 0.7179201140625 0.22663816718750002 0.7212045109375 0.2223117046875 0.7237617843749999 0.210926475 0.7226693359375 0.205494165625 0.711365425 0.19404431875 0.7029770609375 0.1902061640625 0.6920349484375 0.1874415484375 0.67452404375 0.19332985625000002 0.671604971875 0.19602985625 0.6683205765625 0.2003563203125 0.666493953125 0.20848862656249997
0 0.6825576609375 0.16785939218749998 0.6854732078125 0.1754710859375 0.6945886953125 0.1863680109375 0.7029770609375 0.1902061640625 0.713919171875 0.1929707796875 0.7208497625 0.1930030875 0.7285110046875001 0.189782471875 0.7369028953125001 0.1833089328125 0.7390948421875 0.17355016406249998 0.736909946875 0.1626855484375 0.7314406531250001 0.1561473921875 0.721229190625 0.150129853125 0.710287078125 0.1473652375 0.7033564890624999 0.14733293125 0.6931414984375001 0.151627084375 0.6873033546875 0.1570270859375 0.6825576609375 0.16785939218749998
1 0.78862386875 0.4060658734375 0.792635390625 0.408798184375 0.8013890796875 0.4110098765625 0.8061312484375 0.41048925937499997 0.8112387421875 0.4083421828125 0.8145231390625 0.404015721875 0.8137960140624999 0.3969569515625 0.798849434375 0.3708366421875 0.788276171875 0.356133871875 0.78244155625 0.351222178125 0.7693110203125 0.34790464062500004 0.7616497812499999 0.3511252546875 0.758365384375 0.3554517171875 0.76055028125 0.3663163328125 0.78862386875 0.4060658734375
1 0.7626681890625 0.57310311875 0.7736103015625 0.5758677343749999 0.778352471875 0.57534711875 0.7834599640625 0.5732000421875 0.7900358093750001 0.54392373125 0.7922312828125 0.5238532671875 0.7889504125 0.5178680375 0.7761852031250001 0.5129240375 0.766335540625 0.5155917296875 0.76305114375 0.519918190625 0.7564753 0.5491945 0.7553757984375 0.564385578125 0.7586566703125001 0.5703708109375001 0.7626681890625 0.57310311875
1 0.776585784375 0.40818064375 0.7820586031250001 0.40440710468749996 0.7831545765625 0.3995277203125 0.7565387609374999 0.36358402500000003 0.744869525 0.3537606390625 0.7295505671875 0.349890178125 0.721889328125 0.35311079375 0.7193320562500001 0.364496025 0.7510553640625 0.39829264375 0.7609015015625 0.40593664374999994 0.7718436140625 0.408701259375 0.776585784375 0.40818064375
1 0.6387433796875001 0.2908529421875 0.649685490625 0.2936175578125 0.6544276609375 0.293096940625 0.65990048125 0.2893234015625 0.662457753125 0.277938171875 0.658095009375 0.2355855515625 0.6504372968750001 0.22849447343749998 0.6394951843750001 0.2257298578125 0.6347530140625001 0.22625047343750002 0.6292801953125 0.2300240125 0.6267229234375 0.2414092453125 0.63035854375 0.27670309375 0.6332740875 0.28431478593750004 0.6387433796875001 0.2908529421875
1 0.6226761453125 0.34179386875 0.6274183156250001 0.341273253125 0.63507955625 0.33805263750000003 0.6372715046875 0.32829386875 0.6299791140625 0.31957632812500003 0.58548706875 0.291147403125 0.5723565359375 0.2878298640625 0.5672490390625 0.289976940625 0.56432996875 0.292676940625 0.562868671875 0.2991827875 0.5697957359375 0.30952678749999996 0.6099109375 0.3368498671875 0.6226761453125 0.34179386875
1 0.595386090625 0.14411600625 0.6023166828125001 0.1441483140625 0.6096125984375 0.142554159375 0.64646455625 0.1123335421875 0.6493871546875 0.09932185 0.639906340625 0.0900513875 0.6256798328125 0.0916132328125 0.615099521875 0.0975338484375 0.5957619937499999 0.1115544640625 0.58372038125 0.1239809265625 0.5822590828124999 0.13048677343749998 0.5869977265624999 0.1402778515625 0.595386090625 0.14411600625
1 0.640271665625 0.088424925 0.647205784375 0.078145540625 0.642101815625 0.0699809234375 0.6289712796875 0.066663384375 0.6242291109375 0.067184 0.5771692171875 0.0810753859375 0.5709657484374999 0.088101846875 0.5713275484375 0.0967870796875 0.5808083609375 0.1060575421875 0.59430421875 0.10774861718749999 0.640271665625 0.088424925
1 0.47344521874999995 0.46049695156250003 0.47599896406250003 0.4594234140625 0.48147178281249997 0.45564987500000004 0.48256775625000004 0.45077049062499996 0.4741934953125 0.4056855640625 0.468724203125 0.399147409375 0.45814741562499994 0.39475633125 0.44829775312500003 0.39742402499999996 0.4453786796875 0.40012402343750003 0.44391738125 0.406629871875 0.44937609843750004 0.44410310468749997 0.455937840625 0.45607356718750003 0.47344521874999995 0.46049695156250003
2 0.65035973125 0.45535172343749997 0.6518175046875 0.4591575703125 0.6616636421875 0.46680157031249997 0.6747941765625 0.470119109375 0.6839131921875 0.47070434062500005 0.7028818671875 0.4686218796875 0.71309685625 0.46432772499999997 0.7149234796874999 0.45619541718749995 0.71383103125 0.45076310781249995 0.7101848359375 0.4464043390625 0.7021617953125 0.4409397234375 0.686477515625 0.438695721875 0.674804753125 0.43918402968750003 0.6572938500000001 0.44507233749999997 0.6514557062499999 0.45047233750000004 0.65035973125 0.45535172343749997
2 0.620438365625 0.48560464843749995 0.62992623125 0.47425172499999996 0.62993328125 0.4536283390625 0.6211831171875 0.441104953125 0.6084179078124999 0.4361609515625 0.6011219921875 0.43775510625 0.592364778125 0.44585510624999997 0.58944218125 0.4588667984375 0.600742565625 0.48062834062500004 0.6047540859375 0.48336064843750004 0.6135077734375 0.485572340625 0.620438365625 0.48560464843749995
2 0.596709890625 0.5397661921875 0.6018173859375 0.5376191140625 0.60620128125 0.5181015734375001 0.5981817656249999 0.5023252640625 0.5905240515625 0.4952341890625 0.5773935156250001 0.49191664843750005 0.5726513468750001 0.4924372640625 0.5700976 0.49351080312500006 0.566444353125 0.50977541875 0.572275446875 0.5249988046875 0.5795678359374999 0.53371634375 0.58357935625 0.536448653125 0.596709890625 0.5397661921875
2 0.5168201359375 0.555675421875 0.524843175 0.5611400375 0.5554810890625 0.5688809625 0.56241168125 0.5689132703124999 0.5726266671875 0.564619115625 0.574818615625 0.554860346875 0.57336084375 0.5510545015625 0.5653378015625 0.545589884375 0.5591378609375 0.542304653125 0.5306883703125 0.5351166515625 0.52120403125 0.5361578828125 0.5131774640625 0.541004959375 0.5117161671875 0.54751080625 0.513173940625 0.551316653125 0.5168201359375 0.555675421875
2 0.42528229843750004 0.49989110937500003 0.425644096875 0.508576340625 0.430382740625 0.5183674203125 0.43439426093750005 0.5210997265625 0.44095952812499994 0.5227584953125 0.44570169687499994 0.5222378812499999 0.456282009375 0.516317265625 0.46066238125 0.50711141875 0.463219653125 0.49572618593750006 0.46103475781250003 0.4848615703125 0.4573885625 0.4805028 0.4533770421875 0.4777704921875 0.44462335 0.47555880000000006 0.4398811828125 0.476079415625 0.43148929062499997 0.4825529546875 0.427839571875 0.48850587812499996 0.42528229843750004 0.49989110937500003
2 0.517653028125 0.253383396875 0.5216645484375 0.25611570625 0.5326066593750001 0.258880321875 0.5373488281250001 0.25835970625 0.54501006875 0.255139090625 0.5515788625 0.2464861671875 0.555232109375 0.2302215515625 0.5541396625 0.22478924218750002 0.5472125937500001 0.2144452421875 0.5344473843750001 0.209501240625 0.52715146875 0.21109539375000003 0.52167865 0.21486893437500001 0.514013884375 0.228401240625 0.5125525859375 0.23490708749999997 0.517653028125 0.253383396875
2 0.42354381406249997 0.250231090625 0.432659303125 0.26112801406249997 0.4436014140625 0.2638926296875 0.4512626578125 0.26067201406249996 0.4581967734375 0.250392628125 0.459661596875 0.2335750890625 0.45674605156250003 0.22596339531249998 0.45309985625 0.22160462656250002 0.4490883375 0.2188723171875 0.438146225 0.2161077015625 0.4279312375 0.22040185625 0.42172776875 0.22742831875 0.41953582031250003 0.2371870875 0.42062826875 0.24261939687499998 0.42354381406249997 0.250231090625
2 0.8061418249999999 0.3795541796875 0.8178145859375 0.3790658734375 0.82292208125 0.37691879687499996 0.8262064765625 0.37259233593749996 0.8276677749999999 0.3660864890625 0.82365978125 0.3530424859375 0.8127211953125 0.33996617812499996 0.8065212515625 0.336680946875 0.7933907171875 0.33336340781249996 0.7886485484375 0.333884021875 0.78317573125 0.3376575625 0.78061845625 0.3490427921875 0.8061418249999999 0.3795541796875