0 0.3569045125 0.6644995687499999 0.3458576390625 0.6751092078125 0.34163715156249996 0.6852075156249999 0.3405652375 0.6960996875000001 0.34317113125 0.7056866703125 0.348409796875 0.7114724875 0.357326271875 0.715953115625 0.3641526578125 0.7154417890625 0.3746702875 0.7069312 0.3773030546875 0.7031300359375 0.3820662171875 0.6842386031250001 0.3799895625 0.6725525718750001 0.376325184375 0.667163684375 0.37370585312500004 0.6642707765625 0.36426013749999997 0.6618891953125 0.3569045125 0.6644995687499999
0 0.5212804125 0.6434345984375 0.5176026 0.6447397875 0.5070849671875 0.6532503765625 0.5039229609375 0.6591505890625 0.50074751875 0.6717448765625 0.5017791296875 0.68093493125 0.504914265625 0.6884228640625001 0.511727215625 0.6946056125 0.5164500734375 0.695796403125 0.523276459375 0.6952850749999999 0.5311613234375 0.6905756515625 0.5364268562500001 0.682973321875 0.5411900203125 0.6640818890625 0.5406742140625 0.6594868625 0.5364940328125 0.64950295 0.5338747015624999 0.6466100406249999 0.5212804125 0.6434345984375
0 0.51726145 0.55312179375 0.5209123921875001 0.5652047546875 0.52457676875 0.5705936421875 0.5387453421874999 0.5741660140625 0.5487337343750001 0.5677544734375 0.5539992671875 0.5601521421875 0.5582331890625001 0.543359759375 0.5551114875 0.5291777484375 0.5482985390625 0.522995 0.538852821875 0.5206134203125 0.533600725 0.5215216781249999 0.5251866187500001 0.5283301484375 0.5183333640625001 0.5422296249999999 0.51726145 0.55312179375
0 0.38826404062500003 0.47371499375 0.3850885984375 0.48630928281249997 0.3866360140625 0.5000943609374999 0.39291972343750003 0.50837615625 0.4055140125 0.5115515984375001 0.4149731640625 0.50723910625 0.420238696875 0.49963677500000003 0.423400703125 0.4937365609375 0.4265761453125 0.481142271875 0.42606033906249996 0.4765472453125 0.4208351125 0.4640673546875 0.41821578125 0.46117444531249996 0.4056214921875 0.45799900468750004 0.3935295734375 0.46611266249999994 0.38826404062500003 0.47371499375
0 0.2854196453125 0.443319503125 0.275431253125 0.44973104375000006 0.27016571875 0.457333375 0.265931796875 0.47412575781250005 0.2669634078125 0.4833158109375 0.26905349843750004 0.48830776875000004 0.2742921640625 0.494093584375 0.27848578125 0.4973834234375 0.2868864515625 0.49726902656250005 0.2942420765625 0.49465865156250005 0.30318542187499997 0.4857511328125 0.306347428125 0.47985091874999997 0.3089936296875 0.46935567968749997 0.30796201875 0.46016562499999997 0.3048268828125 0.45267769218750004 0.2969688875 0.44399896562499996 0.2854196453125 0.443319503125
0 0.14726393124999998 0.479925409375 0.136217059375 0.49053504531250003 0.133055053125 0.496435259375 0.131453896875 0.5094264765625 0.13301474687499998 0.51651748125 0.1377241703125 0.5244023484375 0.14191778906250002 0.5276921859375 0.15608636250000002 0.5312645578125 0.17028180625 0.5214487828125 0.17344381250000002 0.5155485671875 0.1766192546875 0.5029542796875 0.17558764375 0.493764228125 0.17245250625 0.4862762921875 0.1672138453125 0.48049047656250005 0.1546195578125 0.477315034375 0.14726393124999998 0.479925409375
0 0.31139272500000004 0.32038392656250003 0.305082146875 0.32549027812500003 0.2998166125 0.3330926109375 0.296641171875 0.3456869 0.297143540625 0.356976 0.29923363125 0.3619679578125 0.304472296875 0.3677537734375 0.3202151578125 0.371723075 0.332307075 0.3636094171875 0.33546908124999997 0.357709203125 0.3386445234375 0.345114915625 0.338142153125 0.333825815625 0.33343273125 0.32594095 0.32504549374999997 0.31936127187499996 0.3187483515625 0.3177735515625 0.31139272500000004 0.32038392656250003
0 0.23894869999999999 0.31551328437500004 0.23418553593749997 0.3344047171875 0.23626219375000002 0.34609074687499997 0.2456944734375 0.35516640312500003 0.256714475 0.3579449140625 0.2640701015625 0.3553345390625 0.2703806796875 0.3502281875 0.273013446875 0.3464270203125 0.277776609375 0.3275355890625 0.2772608046875 0.32294056250000003 0.272035575 0.3104606703125 0.26941624375 0.3075677609375 0.2552476703125 0.3039953890625 0.24789204531250003 0.3066057640625 0.23894869999999999 0.31551328437500004
1 0.410142825 0.5596009109375 0.4195885421875 0.5619824906249999 0.42379559375 0.5585782546875 0.43011960781249997 0.546777828125 0.4359278171875 0.5303823750000001 0.44702842968749995 0.492996440625 0.445467578125 0.4859054359375 0.4365511015625 0.4814248046875 0.42603347031250005 0.48993539375 0.4218129828125 0.5000337046875 0.409667325 0.534923659375 0.40596264218749994 0.5496169953125001 0.40752349375 0.556708 0.410142825 0.5596009109375
1 0.439718384375 0.734494440625 0.468055534375 0.7416391859375 0.47226258750000005 0.7382349500000001 0.474895353125 0.734433784375 0.47754155625 0.72393854375 0.47702574999999997 0.7193435171875 0.471787084375 0.7135577015625 0.462870609375 0.709077071875 0.42981060312499997 0.7007415359375 0.42192573906249997 0.7054509578125 0.417691815625 0.72224334375 0.4213561921875 0.7276322296875 0.439718384375 0.734494440625
1 0.2426317875 0.5731779453125 0.25050321875 0.575162596875 0.25418103125 0.573857409375 0.2604916109375 0.5687510546875 0.2857607953125 0.53493749375 0.29155556875 0.5252361140625 0.29262748437499997 0.5143439437499999 0.2879180625 0.5064590796874999 0.28162091875 0.5048713578124999 0.2742652921875 0.507481734375 0.2426720921875 0.553095721875 0.240025890625 0.5635909625 0.2405416953125 0.5681859890625 0.2426317875 0.5731779453125
1 0.2367832734375 0.609655621875 0.23254935156249998 0.62644800625 0.2346394421875 0.6314399625 0.2404073484375 0.63512673125 0.24565944687500002 0.6342184734375 0.251970025 0.629112121875 0.27514911875000003 0.5903066031249999 0.278840365625 0.582307340625 0.2814865671875 0.5718121015625 0.2809707609375 0.5672170750000001 0.27573210000000004 0.5614312578125 0.26943495624999997 0.5598435375 0.25312255 0.5780555046875 0.24416576874999998 0.5936570984375 0.2367832734375 0.609655621875
1 0.22342607499999997 0.4634086421875 0.2343520328125 0.5130456734375 0.23748716875000003 0.5205336078125 0.2469328859375 0.522915190625 0.2527142234375 0.519907884375 0.255346990625 0.5161067187499999 0.257463953125 0.5077105265624999 0.25696158125 0.49642142656250005 0.25020237343749996 0.46346238125 0.24393209843750002 0.4484865125 0.23291209531249998 0.44570800000000005 0.229234284375 0.44701318749999996 0.22396875 0.4546155203125 0.22342607499999997 0.4634086421875
1 0.1683126296875 0.45621015624999994 0.17515245 0.44900475625 0.18096065781249998 0.4326093015625 0.1925905109375 0.3931243203125 0.193133184375 0.3843311984375 0.1868494765625 0.376049403125 0.1768745203125 0.3757668703125 0.1700347015625 0.382972271875 0.16263877031250001 0.40566486875 0.1525832046875 0.4455467796875 0.1557183421875 0.45303471562500003 0.1599119609375 0.4563245546875 0.1683126296875 0.45621015624999994
1 0.15740010625 0.39987905156250003 0.16691299843750002 0.3687902609375 0.16641062812500002 0.3575011609375 0.159597678125 0.3513184140625 0.151197009375 0.3514328109375 0.1443571890625 0.3586382125 0.13485773437499998 0.3830329265625 0.12533140781250002 0.42081579218750004 0.1268922578125 0.4279067953125 0.1394865453125 0.43108223749999997 0.145797125 0.425975884375 0.15740010625 0.39987905156250003
1 0.269676784375 0.4393501984375 0.2743996421875 0.4405409890625 0.2817552671875 0.4379306140625 0.28385879375 0.4362284984375 0.28809271718749996 0.4194361125 0.286002625 0.41444415625 0.255629125 0.37553115937500003 0.24933198124999997 0.37394343750000003 0.24565416875 0.375248625 0.240917875 0.3807519078125 0.23827167343750003 0.3912471484375 0.24087757031249998 0.40083413125 0.269676784375 0.4393501984375
2 0.3203279125 0.5771403312500001 0.3281993421875 0.5791249828125 0.3318771546875 0.57781979375 0.33977545625 0.5664162968750001 0.3418924171875 0.5580201046875 0.3361648171875 0.5342511140624999 0.3267325375 0.5251754578125001 0.32043539375 0.5235877359375001 0.3114920484375 0.5324952546875 0.308845846875 0.5429904953125 0.309348215625 0.5542795968750001 0.31613429531250004 0.573850490625 0.3203279125 0.5771403312500001
2 0.34714451562500004 0.557111846875 0.35082232812499997 0.5558066609375001 0.35555862031249996 0.5503033765625001 0.3629276796875 0.540998928125 0.3687493234375 0.5179093984375001 0.3677177125 0.508719346875 0.36353753125 0.4987354328125 0.3577696265625 0.495048665625 0.3493555203125 0.5018571359374999 0.3419730265625 0.517855659375 0.3382414734375 0.54593714375 0.3424216578125 0.5559210578125 0.34714451562500004 0.557111846875
2 0.48740375468749997 0.518803821875 0.4900096515625 0.52839080625 0.4968091671875 0.5412676281250001 0.5010027828125 0.544557465625 0.5109777390625 0.54484 0.51728831875 0.5397336453125 0.5204637625 0.52713935625 0.51943215 0.51794930625 0.5121168296875 0.5004774578125 0.5026845484375 0.4914018015625 0.49638740625000005 0.48981408125000003 0.49007682656249996 0.494920434375 0.48690138593750004 0.507514721875 0.48740375468749997 0.518803821875
2 0.5064832765625 0.42984994531250004 0.50645640625 0.44323809531249997 0.5085464984375 0.44823005 0.5195665 0.4510085609375 0.5253478375 0.44800125937499996 0.5311426124999999 0.43829987812500004 0.5385519765625 0.40891320468750003 0.538036171875 0.40431817812500004 0.5338559890625 0.3943342671875 0.5280880859375 0.3906474984375 0.5202032203125 0.39535692031249997 0.5149376875 0.40295925156249995 0.5101879593749999 0.41515661093749995 0.5064832765625 0.42984994531250004
2 0.378939240625 0.41108674531249995 0.39940495781249996 0.4162468375 0.41096763437500006 0.4102322265625 0.4136004015625 0.406431059375 0.416246603125 0.39593582031249996 0.410492134375 0.385554978125 0.401575659375 0.3810743484375 0.3868778453125 0.3796010234375 0.3795222203125 0.3822114 0.3726824 0.3894168 0.3716104859375 0.4003089703125 0.374745621875 0.4077969046875 0.378939240625 0.41108674531249995
2 0.3775261734375 0.330360921875 0.373278815625 0.35384738125 0.37326538125000003 0.36054145625 0.3795356546875 0.3755173234375 0.3863620390625 0.375005996875 0.3921433796875 0.37199869375 0.3947761453125 0.36819752656250004 0.3984673921875 0.3601982640625 0.40164283437500004 0.34760397656249997 0.402185509375 0.3388108546875 0.40063809375000003 0.3250257765625 0.39592866875 0.31714091093749996 0.388057240625 0.315156259375 0.3838501875 0.31856049375 0.3775261734375 0.330360921875
2 0.317743609375 0.29519535 0.3161558890625 0.30149249375 0.3171875 0.31068254687499997 0.32347120937499996 0.3189643421875 0.3386848296875 0.3250326921875 0.352337596875 0.3240100390625 0.3581189359375 0.32100273281249997 0.360751703125 0.31720156718750003 0.3618236203125 0.3063093984375 0.3597335265625 0.3013174390625 0.3492562 0.28974580625 0.340339725 0.2852651765625 0.331939053125 0.2853795734375 0.3282612421875 0.2866847609375 0.317743609375 0.29519535
2 0.229234284375 0.44701318749999996 0.24394553281250003 0.4417924390625 0.252888878125 0.43288491875 0.25605088593750003 0.42698470625 0.2534449890625 0.417397721875 0.24086413593749997 0.40752820625 0.22143002968749997 0.4115581640625 0.2093381125 0.4196718234375 0.206176103125 0.4255720375 0.20563342968749998 0.4343651609375 0.20929780625 0.43975404687499997 0.215065709375 0.443440815625 0.229234284375 0.44701318749999996