0 0.479578025 0.703886775 0.4755976265625 0.7051009171875 0.46636148281249995 0.711970746875 0.46341477812500004 0.715908975 0.4576757359375 0.7358959203125 0.45846778125 0.745785634375 0.4615688609375 0.75395789375 0.46594528124999995 0.75768860625 0.47764483281250003 0.7612118078125001 0.48329659999999997 0.7605009796875 0.492532740625 0.75363115 0.49970149687500004 0.7413131484375 0.5009768390625 0.73687160625 0.5008224671875 0.7247611203125001 0.49565400000000004 0.7111406890625 0.4929489421875 0.7079132890625 0.479578025 0.703886775
0 0.357964440625 0.6720896859375001 0.3493659703125 0.6767387421875 0.3434725578125 0.6846152015625 0.33900885937499997 0.7001606015624999 0.339800903125 0.7100503171875 0.3429019828125 0.718222575 0.3516548265625 0.7256840046875 0.36399205 0.7269864328125 0.37322819375 0.7201166031249999 0.3761748984375 0.7161783734375 0.382551609375 0.693970659375 0.3821555890625 0.6890258015625 0.378020815625 0.678129459375 0.37531575625 0.6749020578125 0.3619448421875 0.6708755421875 0.357964440625 0.6720896859375001
0 0.381202609375 0.48365084375 0.3780142546875 0.4947547015625 0.37713493593749997 0.5041411015625 0.37959834375 0.51453413125 0.38333709374999997 0.5204856171875 0.39837937343749996 0.525015446875 0.41748933125 0.5090550171875 0.4206776859375 0.497951159375 0.42052331406250004 0.48584067343750004 0.41575086875 0.4771651 0.411374446875 0.4734343859375 0.396332165625 0.46890455624999994 0.387733696875 0.4735536140625 0.381202609375 0.48365084375
0 0.6890424187499999 0.600481653125 0.6771012203125 0.604124084375 0.6695364406250001 0.6114972265625 0.6637974 0.6314841703125 0.6641934218750001 0.636429028125 0.668328196875 0.6473253718749999 0.6737383109375 0.6537801734375 0.6854378624999999 0.6573033734375 0.6910896265625001 0.6565925453125 0.7026348062500001 0.6480052578125 0.7062191828125 0.6418462578125 0.710045209375 0.6285216296875 0.7092531671875 0.6186319124999999 0.7051183921875 0.60773556875 0.6963655484375 0.6002741406250001 0.6890424187499999 0.600481653125
0 0.7694424671875 0.5860885109375 0.7664957609374999 0.590026740625 0.7620320609375 0.605572140625 0.762428084375 0.6105169984375001 0.7675965515625001 0.624137428125 0.7703016078125 0.6273648281249999 0.787015253125 0.632397971875 0.792667015625 0.6316871421875 0.8048498671875001 0.6208790859375 0.8105889078124999 0.6008921421875 0.80876316875 0.588278340625 0.800647996875 0.5785961390625001 0.7889484453125 0.5750729390625 0.7832966796874999 0.57578376875 0.7694424671875 0.5860885109375
0 0.807199259375 0.5178361921875 0.79987613125 0.5180437062500001 0.7919153296875 0.5204719921875001 0.7849882234375001 0.5256243640625 0.7790948109375 0.5335008218749999 0.7746311125 0.5490462234375 0.7750271343749999 0.5539910796874999 0.77645685 0.5616600218750001 0.7801956 0.567611509375 0.7862433875 0.5718455390625 0.794600209375 0.5743621109375 0.803594703125 0.574657909375 0.812193175 0.5700088531249999 0.8180865890625 0.5621323953124999 0.8238256296875001 0.5421454531250001 0.8203285265625 0.529028334375 0.8149184109375 0.5225735359375 0.807199259375 0.5178361921875
0 0.73471309375 0.4477517296875 0.7283363828125 0.4699594453125 0.7297661 0.4776283890625 0.7362099078125001 0.486807275 0.7512521875 0.49133710312499995 0.7592129875 0.48890881718749996 0.7690868015625 0.47981821875 0.773946521875 0.4692176734375 0.775067490625 0.4526656453125 0.7719664125000001 0.44449338593750004 0.7665562953125 0.4380385859375 0.75485674375 0.43451538437500004 0.7452245796875 0.43644035625 0.73471309375 0.4477517296875
0 0.699856090625 0.4300164984375 0.68703556875 0.443045328125 0.6825718703125 0.4585907296875 0.6823302234375 0.465756359375 0.689170053125 0.4798801015625 0.7042123328125001 0.48440993125 0.7098640984375 0.48369910312500003 0.719100240625 0.4768292734375 0.7249936531250001 0.4689528171875 0.728182009375 0.45784895781249996 0.7280276375 0.4457384703125 0.7249265578124999 0.43756621406249996 0.7161737125000001 0.430104784375 0.7094882546875 0.42809152812500006 0.699856090625 0.4300164984375
1 0.5014399593750001 0.773203065625 0.515206896875 0.7821744374999999 0.549667878125 0.7949648109375 0.5553196453125 0.7942539828124999 0.5612130578125 0.7863775234375 0.5624884 0.78193598125 0.5613003328125 0.767101409375 0.537505209375 0.7551101499999999 0.5107633765624999 0.7470571203125 0.503836271875 0.75220949375 0.4993725734375 0.7677548937500001 0.5014399593750001 0.773203065625
1 0.5559305765625 0.6593211703125 0.55903165625 0.6674934312499999 0.5690598421875 0.6705133156249999 0.579571328125 0.6592019437500001 0.5935128171875 0.629621084375 0.6028362359375 0.6034751390624999 0.602044190625 0.593585425 0.5993391328125 0.590358025 0.589310946875 0.5873381390625 0.5794371328125 0.5964287374999999 0.557447565625 0.647714 0.5559305765625 0.6593211703125
1 0.6274435828125 0.5746933953125 0.6236175546875 0.588018025 0.624013578125 0.5929628828125 0.6267186359375 0.59619028125 0.6417609171875001 0.600720109375 0.6737584890625 0.6031174546875 0.6794102546875 0.6024066265625 0.6886463968750001 0.595536796875 0.692230775 0.5893777953125 0.6924724234374999 0.58221216875 0.68769998125 0.5735365953125 0.6743290640625 0.5695100796875 0.638351090625 0.5683268796875 0.6274435828125 0.5746933953125
1 0.5818536234375 0.524772446875 0.5902104453125 0.52728901875 0.600084259375 0.5181984171875 0.60263494375 0.5093153312500001 0.5991378421875 0.4961982171875 0.5743963 0.4622067578125 0.56333441875 0.4564627859375 0.5547359484375 0.4611118421875 0.5502722515625 0.47665724374999996 0.5533733296875 0.48482950156250004 0.5818536234375 0.524772446875
1 0.38324981875 0.5397617328125001 0.3794237921875 0.5530863625 0.382524871875 0.5612586203125 0.39088169375000004 0.563775190625 0.39486209375 0.56256105 0.4242418859375 0.5424548765625 0.44000911406250004 0.5254878171875 0.442559796875 0.5166047328125 0.44113008281250005 0.5089357875 0.438425025 0.5057083890625 0.43173956562500004 0.50369513125 0.4277591671875 0.5049092734375 0.39837937343749996 0.525015446875 0.38324981875 0.5397617328125001
1 0.42822228593749995 0.5412407328125 0.42375858749999995 0.5567861359374999 0.42582597499999997 0.5622343078125 0.4285310328125 0.5654617078124999 0.4368878546875 0.567978278125 0.461891225 0.544141390625 0.47893379375 0.522732790625 0.4833974921875 0.5071873890624999 0.48133010625 0.501739215625 0.4786250484375 0.498511815625 0.4719395890625 0.496498559375 0.45744770625 0.5090240734375 0.4364247359375 0.53164681875 0.42822228593749995 0.5412407328125
1 0.749197921875 0.8526384437500001 0.7522990015625 0.8608107046875 0.7627232125 0.8687754468750001 0.8015606156249999 0.885296534375 0.8055410171874999 0.8840823906249999 0.81143443125 0.8762059328125 0.81334744375 0.8695436187500001 0.811917728125 0.8618746749999999 0.7900356171875 0.8432211031250001 0.76496515 0.8356713875 0.759313384375 0.836382215625 0.75174860625 0.843755359375 0.749197921875 0.8526384437500001
1 0.8777118734375 0.7465711234375 0.880812953125 0.7547433828125001 0.8925125062499999 0.758266584375 0.89649290625 0.7570524390625 0.9053330265625 0.745237753125 0.9129850812500001 0.7185884953125 0.9185697484374999 0.6864910640625 0.9150726453125 0.673373946875 0.9067158234375 0.670857375 0.8949289953124999 0.686610290625 0.8785911937499999 0.7371847234375 0.8777118734375 0.7465711234375
2 0.4002989484375 0.7017278890624999 0.39440553437500003 0.7096043453124999 0.38890814375 0.7224256609374999 0.389304165625 0.72737051875 0.3930429171875 0.73332200625 0.4030711046875 0.736341890625 0.416045996875 0.7354235484375 0.43284691875 0.7211805765625 0.43643129687500004 0.7150215765625 0.439619653125 0.7039177171875 0.43922362968749995 0.698972859375 0.43818993749999996 0.696248775 0.4214762921875 0.69121563125 0.40953509062500004 0.694858059375 0.4002989484375 0.7017278890624999
2 0.5662271515625 0.7878874671875 0.578718746875 0.8013003828124999 0.6021178500000001 0.8083467828125 0.6084072859375 0.805415184375 0.6135086546874999 0.7876490109375001 0.607702515625 0.7762493515625 0.6022924015625 0.7697945515625 0.5805646640625 0.763251465625 0.5749128984375 0.7639622953125 0.5679857921875 0.769114665625 0.564159765625 0.782439296875 0.5662271515625 0.7878874671875
2 0.5520576312500001 0.59059648125 0.544888875 0.6029144828125 0.5378744921874999 0.6273429687500001 0.5382705140625 0.6322878265625 0.5397002296875 0.6399567703125 0.5467817078125 0.646914884375 0.5564138734374999 0.6449899140625 0.5665293375 0.6287336828125001 0.5726644000000001 0.6136915968750001 0.5777657671875 0.595925425 0.576336053125 0.58825648125 0.5736309953125 0.5850290796875 0.5652741734375 0.5825125078125 0.561293771875 0.583726653125 0.5520576312500001 0.59059648125
2 0.4814643 0.5645124218750001 0.48098100156249995 0.5788436796875 0.4840820828125 0.5870159375 0.49243890312499994 0.589532509375 0.5016750484375 0.58266268125 0.5082061312499999 0.5725654515625 0.5156165374999999 0.5530818203125001 0.5167375062499999 0.5365297906250001 0.51093136875 0.5251301328125 0.5036082390625001 0.525337646875 0.4966811328125 0.53049001875 0.4878410125 0.54230470625 0.4814643 0.5645124218750001
2 0.7279671015625 0.5977266265625001 0.7196773765625 0.62659665625 0.7215031125 0.6392104578125 0.7273092515624999 0.6506101156249999 0.7356660734375 0.6531266875 0.7402841437500001 0.6496917718749999 0.7468152296875 0.63959454375 0.751278928125 0.6240491421875001 0.7530375671875 0.6052763421875 0.7526415453124999 0.6003314843750001 0.7485067734374999 0.589435140625 0.7418213140625001 0.5874218828125 0.73616955 0.5881327109375001 0.7279671015625 0.5977266265625001
2 0.3966610921875 0.44246281249999997 0.39283506562500004 0.455787440625 0.3959361453125 0.4639596984375 0.398641203125 0.46718709843750006 0.4170262109375 0.47272355624999995 0.42498701250000004 0.47029527031249996 0.43820355468749994 0.4622113 0.44345929687499996 0.45655561406249995 0.44537231093749996 0.44989329843750003 0.44497628906250003 0.444948440625 0.44020384375 0.43627286875 0.42181883437499995 0.43073641093750004 0.40820627031249995 0.43387552500000004 0.3966610921875 0.44246281249999997
2 0.7044070640625 0.3951949828125 0.7018563796875 0.40407806874999996 0.7063871749999999 0.41991926875 0.7101259265625 0.42587075468749996 0.726597921875 0.43806952812500005 0.7379014500000001 0.43664787031249996 0.742519521875 0.43321295624999995 0.7457078796875 0.422109096875 0.7449158328125 0.412219384375 0.740143390625 0.40354381093749997 0.7293231578125 0.3906342109375 0.719932640625 0.385393553125 0.71197184375 0.3878218390625 0.7044070640625 0.3951949828125
2 0.922147565625 0.49695730625 0.91959688125 0.5058403921875 0.9197512531250001 0.5179508796875 0.9253157421875 0.5365161671875 0.93175955 0.545695053125 0.9378073390624999 0.54992908125 0.9501445593750001 0.551231509375 0.9600183734375 0.542140909375 0.9621730375 0.528312965625 0.9593136046874999 0.512975078125 0.95350746875 0.5015754218749999 0.9393445078125 0.4876591921875 0.9297123421875 0.48958416250000003 0.922147565625 0.49695730625