0 0.747350065625 0.460259353125 0.7516738953125001 0.46221398437500005 0.7731785859375 0.46397202968749995 0.777456634375 0.46272061875 0.7859669375 0.45701175625 0.7880487265625 0.4523784984375 0.787888478125 0.4411573546875 0.7834959687499999 0.43439366250000006 0.7726520515625 0.42710255625000004 0.7554482984375 0.4256961171875 0.7468922078125 0.428198940625 0.7362772203125 0.43693804218750004 0.7364603625 0.4497622078125 0.73865661875 0.45314405312500006 0.747350065625 0.460259353125
0 0.5966813281250001 0.5888430375 0.605374775 0.5959583390625001 0.6139995468749999 0.5982645796875 0.624751890625 0.599143603125 0.63118040625 0.5980679953125 0.6397136031249999 0.5939621515625 0.6439458625000001 0.5895047 0.6459589765625 0.5800623796875 0.643716934375 0.5734744921875 0.632850125 0.5645803671875 0.62205199375 0.5604953015625 0.61345011875 0.5597920828125 0.6027435578125 0.5621191015625 0.5942561468750001 0.5694309859375 0.5944392890625 0.58225515 0.5966813281250001 0.5888430375
0 0.4984908625 0.4815445484375 0.51146235625 0.48740843749999996 0.524342278125 0.4868602453125 0.5328983703125 0.48435742187499997 0.537153521875 0.481502990625 0.54138578125 0.4770455375 0.54339889375 0.46760321875 0.534613875 0.45407583437500004 0.5216423796874999 0.44821194531249997 0.5087395671875 0.44715711718750006 0.49592832500000006 0.452514371875 0.4896142734375 0.46160508125 0.4897058453125 0.4680171640625 0.4984908625 0.4815445484375
0 0.60706593125 0.41356559531250003 0.613563125 0.41729905 0.6329173453125 0.4188812921875 0.6414734359375001 0.41637846874999995 0.645728590625 0.41352403750000005 0.64993795625 0.40746356562499997 0.64977770625 0.3962424203125 0.647558559375 0.3912575546875 0.6388651109375 0.38414225156250004 0.6280669796875 0.3800571875 0.619465103125 0.37935396875 0.602352921875 0.38435961406249997 0.5981435546875 0.3904200890625 0.5983495890625 0.40484727343750004 0.60706593125 0.41356559531250003
0 0.609283621875 0.2680423265625 0.605097146875 0.2757058203125 0.60518871875 0.2821179015625 0.6096041203125 0.29048461406250004 0.61829756875 0.2975999171875 0.6290957015624999 0.30168498125 0.641975621875 0.30113678906249997 0.654763971875 0.2941765125 0.6568686546875 0.291146278125 0.6589504453125 0.28651302031250003 0.65883598125 0.278497915625 0.656593940625 0.2719100296875 0.6500509625 0.2649705328125 0.6457271312499999 0.263015903125 0.63925283125 0.26088546875 0.6241995484375 0.2596548359375 0.61564345625 0.2621576578125 0.609283621875 0.2680423265625
0 0.6191660390625 0.2080065640625 0.6256403390624999 0.21013700000000002 0.6385431515625 0.2111918265625 0.6449716671875 0.21011622187499998 0.6577142328125001 0.1999499046875 0.6575310890625 0.187125740625 0.6553119421875 0.18214087343750002 0.6444222390625 0.1716437265625 0.6400984078125 0.1696890953125 0.6228946578125 0.168282659375 0.6101063046874999 0.175242934375 0.6058969390625 0.1813034078125 0.6061029734375001 0.19573059375 0.6082992296875 0.1991124390625 0.6191660390625 0.2080065640625
0 0.4068648125 0.2322804390625 0.41125732031249995 0.23904412968750002 0.4221012375 0.2463352375 0.4285755390625 0.24846567187500002 0.43932788437500003 0.24934469374999998 0.44575639687499996 0.24826908906249998 0.45216202031249997 0.2455904609375 0.4584989640625 0.238102771875 0.45831582187500003 0.22527860781250003 0.45609667343750004 0.2202937390625 0.4473803328125 0.2115754171875 0.438732671875 0.2076661578125 0.42582985625 0.206611328125 0.4172737640625 0.2091141515625 0.4087634609375 0.2148230171875 0.4066587765625 0.217853253125 0.4068648125 0.2322804390625
0 0.41640529375 0.29870750468749996 0.42297116562500003 0.307250021875 0.42946835937500005 0.3109834765625 0.43594265937500004 0.31311391093749996 0.44669500468749995 0.3139929328125 0.4531235203125 0.312917328125 0.4637614 0.3057812484375 0.46586608281249997 0.3027510109375 0.4656600484375 0.2883238265625 0.459094178125 0.279781309375 0.45259698437500007 0.2760478546875 0.44612268281249995 0.2739174203125 0.4310694 0.27268678749999997 0.41825815781250003 0.278044040625 0.414048790625 0.2841045140625 0.414186146875 0.2937226359375 0.41640529375 0.29870750468749996
1 0.7789217749999999 0.5653139390625 0.7831998203125 0.564062528125 0.7895596546875 0.558177859375 0.78674529375 0.51151445625 0.7823985703125 0.50795680625 0.7737738000000001 0.5056505687499999 0.7673452859375 0.5067261734375 0.7609625578125 0.511007821875 0.7588807671875 0.5156410796875 0.7594301953125 0.5541135749999999 0.76382270625 0.5608772656250001 0.770319896875 0.564610721875 0.7789217749999999 0.5653139390625
1 0.6800216296875 0.408321809375 0.68645014375 0.407246203125 0.69280998125 0.401361534375 0.6926955171875 0.3933464328125 0.6793806296875 0.3634372328125 0.6684451421875 0.34973404218750004 0.6576699046875001 0.347252 0.651241390625 0.3483276046875 0.64700913125 0.35278505937500004 0.6471693796875 0.364006203125 0.6626347359375 0.3940912078125 0.6692235 0.40423674531250003 0.6800216296875 0.408321809375
1 0.6887136203125 0.264928975 0.6929916656249999 0.26367756249999996 0.6972468187499999 0.2608231328125 0.6970865703125 0.2496019875 0.6884160125000001 0.244089709375 0.6366674 0.2302522703125 0.628065521875 0.2295490515625 0.6174047484375 0.2350821109375 0.6175649984375 0.24630325625 0.6262355515625 0.2518155375 0.647808921875 0.2583826453125 0.6736603359375 0.2636983421875 0.6887136203125 0.264928975
1 0.49627025781249995 0.3260515453125 0.528298365625 0.312658409375 0.5432142921875001 0.3042709171875 0.5453189765625 0.30124068125000003 0.5451587265625 0.2900195375 0.5364881734375 0.2845072546875 0.5257358265625001 0.2836282328125 0.52145778125 0.28487964374999997 0.4894754578125 0.301478821875 0.47671 0.31004211875 0.476824465625 0.3180572203125 0.48336744375 0.3249967171875 0.49627025781249995 0.3260515453125
1 0.5829987 0.3827773734375 0.5937510453125 0.3836563953125 0.598029090625 0.38240498437500003 0.60226135 0.37794753124999997 0.6021468859375 0.369932428125 0.5933389734375 0.3548020234375 0.575837615625 0.33255631874999997 0.567144165625 0.3254410171875 0.5585422906249999 0.3247377984375 0.5542642453125 0.3259892109375 0.5500090921874999 0.3288436421875 0.55016934375 0.3400647859375 0.5699356359375 0.3705014 0.5829987 0.3827773734375
1 0.5093547578125001 0.189422403125 0.554514609375 0.1931143015625 0.57599640625 0.193269328125 0.5802515578125 0.1904148953125 0.584438034375 0.182751403125 0.5822188859375 0.177766534375 0.5756988 0.172430059375 0.56707403125 0.17012381875 0.5154627734375 0.1659045078125 0.5047562125 0.168231525 0.5005239546875 0.172688978125 0.5006384171875 0.18070408124999998 0.505030928125 0.1874677734375 0.5093547578125001 0.189422403125
1 0.487392209375 0.15560394375 0.4938665109375 0.157734378125 0.5239730781249999 0.16019564375 0.545454875 0.16035066874999998 0.56258995 0.15694804375 0.5646946328125 0.1539178078125 0.5645572765625 0.14429968437500001 0.5623610218749999 0.1409178390625 0.551562890625 0.1368327734375 0.5193058546875 0.1341957046875 0.4935231171875 0.13368906875 0.4849670265625 0.13619189062499998 0.4828623421875 0.139222128125 0.48302259375 0.150443271875 0.487392209375 0.15560394375
1 0.477306671875 0.5022287890625 0.4837351859375 0.5011531828125 0.4900950234375 0.49526851406250005 0.49002634375 0.4904594515625 0.4834375796875 0.48031391562500003 0.45941613437499995 0.4527317328125 0.44642175 0.4452648234375 0.43569229531250003 0.4459888203125 0.43146003593750004 0.450446271875 0.4315745015625 0.458461375 0.4512950078125 0.4856919484375 0.4665314359375 0.499746746875 0.477306671875 0.5022287890625
2 0.776151740625 0.3713484421875 0.7804297859375 0.37009703125 0.786789621875 0.3642123625 0.7867209421875 0.3594033 0.784501796875 0.3544184359375 0.7757854562500001 0.3457001125 0.7541663 0.3359269609375 0.739113015625 0.334696328125 0.7327302875 0.338977978125 0.7328905359375 0.35019912343750004 0.741629771875 0.3605204640625 0.7610984562499999 0.37011781093749996 0.776151740625 0.3713484421875
2 0.5692946359375 0.325616821875 0.58455395625 0.341274640625 0.5888777859375 0.3432292703125 0.59963013125 0.3441082921875 0.6039081765625001 0.34285688125 0.6081404375 0.33839943125 0.6078886156250001 0.320766203125 0.6034732140625 0.31239948906250004 0.5947568734375 0.30368116875 0.5861092125 0.299771909375 0.575356865625 0.2988928859375 0.5710788203125 0.30014429531250003 0.5668236671875 0.302998728125 0.564741878125 0.30763198593749996 0.5648334484374999 0.3140440671875 0.5692946359375 0.325616821875
2 0.5271079375000001 0.2293013375 0.5357327078125 0.231607575 0.5485897375000001 0.22945636249999998 0.5571458265625 0.22695353906250001 0.5720617531250001 0.2185660484375 0.5741435453125 0.2139327921875 0.5740061875 0.20431466562499997 0.5674861015625 0.19897819218749999 0.55243281875 0.197747559375 0.53959868125 0.20150179218750003 0.52681033125 0.20846206718750002 0.5204733890625 0.2159497546875 0.5205649609375 0.2223618390625 0.5271079375000001 0.2293013375
2 0.48846963125 0.38145405 0.4971401859375 0.386966328125 0.5078696390624999 0.38624233124999996 0.5249818203125 0.3812366875 0.533492125 0.3755278234375 0.5377014921875001 0.36946734999999997 0.5375870296875 0.361452246875 0.5332174109375 0.356291575 0.5288935796875001 0.3543369453125 0.5138402984375 0.3531063125 0.490414065625 0.3672026671875 0.48620469843749997 0.3732631421875 0.486273375 0.378072203125 0.48846963125 0.38145405
2 0.4901164578125 0.3463634 0.49231271249999997 0.3497452453125 0.5009603734375 0.35365450468750004 0.5095393578125 0.352754703125 0.5138174046875 0.3515032921875 0.5265828609375001 0.342939996875 0.5329198046875 0.3354523078125 0.53500159375 0.3308190515625 0.5348642375 0.3212009265625 0.5304946203124999 0.31604025625 0.5218927453125 0.31533703750000003 0.5133366546875 0.317839859375 0.49203799843749996 0.3305089984375 0.48997909999999995 0.336745275 0.4901164578125 0.3463634
2 0.3844000796875 0.3137036609375 0.3930935265625 0.3208189625 0.4017182984375 0.323125203125 0.40599634218749997 0.321873790625 0.4123561765625 0.315989121875 0.41443796875 0.3113558640625 0.41645107968749995 0.30191354531250003 0.414186146875 0.2937226359375 0.4075744890625 0.2819740796875 0.40107729843750006 0.2782406234375 0.39032495312500004 0.2773616 0.37968707031250004 0.2844976796875 0.3776052796875 0.2891309359375 0.3778113140625 0.3035581234375 0.3844000796875 0.3137036609375
2 0.5752682109375 0.5934970749999999 0.5838471937499999 0.5925972734375 0.5923574984375 0.5868884078125001 0.5922201406250001 0.5772702859375001 0.5856771625 0.5703307875 0.5792028640625 0.5682003531250001 0.557675278125 0.5648392859375 0.5405173109375 0.5666388890625 0.5319841140625 0.5707447328125 0.5321443625 0.5819658765625 0.5408378109374999 0.589081178125 0.5451616421875001 0.591035809375 0.5752682109375 0.5934970749999999
2 0.45243964999999997 0.56584298125 0.4653424640625 0.566897809375 0.469597615625 0.5640433765624999 0.4738069828125 0.5579829015625 0.47346359062500004 0.5339375937499999 0.47124444375 0.5289527265625 0.46689772031250004 0.5253950765625001 0.462573890625 0.523440446875 0.45182154218750004 0.5225614234375 0.44543881562500004 0.5268430703125 0.4412523390625 0.5345065640625 0.4415270546875 0.5537428125 0.44594245624999995 0.562109525 0.45243964999999997 0.56584298125