0 0.575 0.2958333328125 0.578125 0.2979166671875 0.590625 0.2979166671875 0.6 0.2875 0.603125 0.2791666671875 0.603125 0.2625 0.596875 0.2520833328125 0.590625 0.2479166671875 0.5796875 0.2479166671875 0.575 0.25 0.56875 0.25833333281250004 0.5671875 0.2625 0.5671875 0.2833333328125 0.56875 0.2875 0.575 0.2958333328125
0 0.43125 0.43541666718750005 0.4375 0.4375 0.45 0.4375 0.4578125 0.4291666671875 0.4609375 0.41875 0.4609375 0.41041666718750003 0.4578125 0.4 0.45 0.3895833328125 0.44375 0.3875 0.434375 0.3895833328125 0.4296875 0.39375 0.425 0.40208333281249997 0.4234375 0.40833333281249995 0.4234375 0.41875 0.425 0.4270833328125 0.43125 0.43541666718750005
0 0.546875 0.5375 0.55625 0.53125 0.5625 0.51875 0.5625 0.50625 0.5578125 0.49375 0.5453125 0.48541666718750004 0.5359375 0.4875 0.53125 0.4916666671875 0.528125 0.49583333281249997 0.525 0.5041666671875 0.5234375 0.5166666671875 0.528125 0.5291666671875 0.540625 0.5375 0.546875 0.5375
0 0.6109375 0.43125 0.625 0.43125 0.63125 0.4270833328125 0.6375 0.41041666718750003 0.6375 0.40208333281249997 0.634375 0.3916666671875 0.628125 0.38333333281250004 0.6234375 0.38125 0.6125 0.38125 0.60625 0.3854166671875 0.603125 0.3895833328125 0.6 0.39791666718749996 0.6 0.4166666671875 0.603125 0.42291666718750004 0.6109375 0.43125
0 0.73125 0.42291666718750004 0.7375 0.42291666718750004 0.7453125 0.41875 0.7515625 0.4125 0.7546875 0.40416666718750005 0.7546875 0.3895833328125 0.753125 0.38333333281250004 0.7515625 0.3791666671875 0.7453125 0.3729166671875 0.7390625 0.3708333328125 0.73125 0.3708333328125 0.7265625 0.3729166671875 0.7234375 0.375 0.715625 0.3875 0.7140625 0.4 0.7171875 0.41041666718750003 0.7234375 0.41875 0.73125 0.42291666718750004
0 0.8125 0.41875 0.815625 0.42083333281249996 0.8296875 0.42083333281249996 0.8359375 0.4166666671875 0.84375 0.40416666718750005 0.84375 0.3875 0.8421875 0.38333333281250004 0.8328125 0.3729166671875 0.828125 0.3708333328125 0.815625 0.3708333328125 0.8046875 0.38333333281250004 0.803125 0.3895833328125 0.803125 0.40208333281249997 0.8046875 0.40833333281249995 0.8125 0.41875
0 0.7578125 0.6104166671875 0.7640625 0.6145833328125 0.778125 0.6145833328125 0.78125 0.6125 0.7875 0.6041666671875 0.790625 0.5958333328125 0.790625 0.5833333328125 0.7875 0.575 0.7796875 0.5666666671875 0.775 0.5645833328125 0.7625 0.5645833328125 0.7546875 0.5708333328124999 0.7515625 0.5770833328125 0.75 0.5833333328125 0.75 0.59375 0.7515625 0.6 0.7578125 0.6104166671875
0 0.6921875 0.6 0.7 0.60625 0.7046875 0.6083333328125 0.7140625 0.6083333328125 0.7203125 0.6041666671875 0.7265625 0.5916666671875 0.7265625 0.5770833328125 0.725 0.5708333328124999 0.721875 0.5645833328125 0.7140625 0.5583333328125 0.7 0.5583333328125 0.696875 0.5604166671875 0.6890625 0.5708333328124999 0.6875 0.5770833328125 0.6875 0.5875 0.6890625 0.59375 0.6921875 0.6
1 0.478125 0.2770833328125 0.515625 0.2770833328125 0.5203125 0.275 0.525 0.26875 0.5265625 0.2625 0.525 0.2541666671875 0.521875 0.25 0.4765625 0.2479166671875 0.4703125 0.2541666671875 0.46875 0.25833333281250004 0.46875 0.2666666671875 0.471875 0.27291666718749996 0.478125 0.2770833328125
1 0.6546875 0.38333333281250004 0.665625 0.38333333281250004 0.6703125 0.3791666671875 0.671875 0.3729166671875 0.6703125 0.3625 0.6578125 0.35208333281250004 0.6296875 0.3395833328125 0.621875 0.3395833328125 0.615625 0.3458333328125 0.6140625 0.35208333281250004 0.6171875 0.3625 0.6265625 0.36875 0.6546875 0.38333333281250004
1 0.7625 0.40208333281249997 0.7671875 0.41041666718750003 0.778125 0.41041666718750003 0.784375 0.4 0.784375 0.3916666671875 0.775 0.3416666671875 0.7703125 0.3333333328125 0.759375 0.3333333328125 0.75625 0.3375 0.7546875 0.3416666671875 0.7546875 0.35625 0.7578125 0.38125 0.7625 0.40208333281249997
1 0.69375 0.5479166671875 0.703125 0.5354166671875 0.721875 0.5041666671875 0.7234375 0.5 0.7234375 0.4895833328125 0.71875 0.48125 0.7078125 0.48125 0.7046875 0.48333333281249996 0.6953125 0.49791666718750005 0.6796875 0.5291666671875 0.6796875 0.5416666671875 0.6859375 0.5479166671875 0.69375 0.5479166671875
1 0.6703125 0.4770833328125 0.68125 0.4770833328125 0.684375 0.47291666718750003 0.6859375 0.46875 0.6859375 0.4604166671875 0.6796875 0.45208333281249996 0.659375 0.43541666718750005 0.6453125 0.4270833328125 0.6375 0.4270833328125 0.6328125 0.43125 0.63125 0.43541666718750005 0.63125 0.4458333328125 0.6421875 0.4583333328125 0.6703125 0.4770833328125
1 0.821875 0.5229166671875001 0.8296875 0.5229166671875001 0.834375 0.51875 0.8375 0.5083333328124999 0.8375 0.4583333328125 0.8359375 0.45 0.83125 0.44375 0.8265625 0.44166666718750003 0.81875 0.4458333328125 0.815625 0.45 0.8140625 0.47083333281249995 0.8140625 0.5145833328125 0.815625 0.51875 0.821875 0.5229166671875001
1 0.85 0.5395833328124999 0.8609375 0.5395833328124999 0.8640625 0.5375 0.8671875 0.5291666671875 0.86875 0.5041666671875 0.86875 0.47291666718750003 0.865625 0.4625 0.8625 0.4604166671875 0.853125 0.4604166671875 0.85 0.4625 0.8453125 0.4791666671875 0.84375 0.5 0.84375 0.5291666671875 0.8453125 0.5354166671875 0.85 0.5395833328124999
1 0.5453125 0.59375 0.553125 0.59375 0.5578125 0.5895833328125 0.559375 0.5791666671875 0.553125 0.5666666671875 0.528125 0.54375 0.51875 0.5375 0.5140625 0.5375 0.5078125 0.54375 0.50625 0.55 0.5078125 0.5604166671875 0.5203125 0.575 0.5453125 0.59375
2 0.675 0.3 0.6859375 0.3 0.690625 0.29375 0.690625 0.2791666671875 0.6828125 0.25833333281250004 0.675 0.25 0.6703125 0.2479166671875 0.665625 0.2479166671875 0.659375 0.2541666671875 0.6578125 0.25833333281250004 0.6578125 0.27291666718749996 0.665625 0.2916666671875 0.675 0.3
2 0.6859375 0.4583333328125 0.696875 0.4625 0.703125 0.4625 0.7078125 0.4604166671875 0.7109375 0.45625 0.7125 0.45208333281249996 0.7125 0.44166666718750003 0.709375 0.43333333281249997 0.7015625 0.425 0.69375 0.42083333281249996 0.6765625 0.42083333281249996 0.671875 0.425 0.6703125 0.4291666671875 0.6703125 0.43958333281249995 0.671875 0.44375 0.6859375 0.4583333328125
2 0.7890625 0.5041666671875 0.796875 0.49791666718750005 0.8046875 0.48541666718750004 0.809375 0.47291666718750003 0.809375 0.4583333328125 0.8046875 0.45208333281249996 0.7953125 0.45208333281249996 0.790625 0.45416666718750004 0.78125 0.46875 0.778125 0.4770833328125 0.775 0.4895833328125 0.7765625 0.49791666718750005 0.7828125 0.5041666671875 0.7890625 0.5041666671875
2 0.6328125 0.5395833328124999 0.6390625 0.5354166671875 0.6546875 0.5125 0.6546875 0.49791666718750005 0.653125 0.49375 0.6484375 0.4895833328125 0.640625 0.4895833328125 0.634375 0.49375 0.628125 0.5020833328125 0.621875 0.51875 0.6203125 0.5291666671875 0.625 0.5375 0.628125 0.5395833328124999 0.6328125 0.5395833328124999
2 0.66875 0.5354166671875 0.675 0.5333333328125 0.6890625 0.5125 0.6921875 0.5041666671875 0.6921875 0.49583333281249997 0.6875 0.4916666671875 0.678125 0.4916666671875 0.6734375 0.49375 0.665625 0.5 0.65625 0.5125 0.6546875 0.5166666671875 0.653125 0.525 0.65625 0.5333333328125 0.659375 0.5354166671875 0.66875 0.5354166671875
2 0.6921875 0.64375 0.70625 0.64375 0.7109375 0.6416666671875 0.71875 0.63125 0.71875 0.6208333328125 0.715625 0.6145833328125 0.7046875 0.6083333328125 0.696875 0.60625 0.6875 0.6083333328125 0.6828125 0.6104166671875 0.6765625 0.6166666671875001 0.675 0.6208333328125 0.6765625 0.6291666671875 0.6828125 0.6375 0.6921875 0.64375
2 0.4328125 0.49791666718750005 0.44375 0.49791666718750005 0.4484375 0.4895833328125 0.4515625 0.47291666718750003 0.45 0.45208333281249996 0.4484375 0.4458333328125 0.4421875 0.43958333281249995 0.4328125 0.43958333281249995 0.4265625 0.4479166671875 0.425 0.45625 0.425 0.48541666718750004 0.4265625 0.4895833328125 0.4328125 0.49791666718750005
2 0.453125 0.5854166671875001 0.471875 0.5854166671875001 0.4796875 0.58125 0.484375 0.575 0.484375 0.5645833328125 0.4828125 0.5604166671875 0.4796875 0.55625 0.475 0.5541666671875001 0.4515625 0.5541666671875001 0.4453125 0.5583333328125 0.4421875 0.5625 0.4421875 0.575 0.4453125 0.58125 0.453125 0.5854166671875001