0 0.456892921875 0.2685001953125 0.448551221875 0.27002045468749997 0.4399125703125 0.27812934375 0.437868090625 0.2867789890625 0.43717520312499997 0.3021524515625 0.44472503124999996 0.3182018609375 0.449571678125 0.320803640625 0.46111147968750005 0.32174996718750004 0.467903621875 0.31789830937499997 0.471398675 0.3137762703125 0.47509169843750004 0.305261815625 0.475982553125 0.285495934375 0.46988329999999995 0.27397413125000003 0.456892921875 0.2685001953125
0 0.5336096328125 0.475385071875 0.5354561437500001 0.47112784375 0.536347 0.45136196249999994 0.5334458484375 0.4423067484375 0.5286981875000001 0.437508759375 0.5223019812499999 0.432575584375 0.514059265625 0.4318996359375 0.507267125 0.4357512953125 0.500277015625 0.443995371875 0.49658399375 0.4525098265625 0.49608907343749997 0.4634908734375 0.4989902265625 0.47254608749999993 0.5051884624999999 0.48187168125 0.5115846671875001 0.48680485781250005 0.521475928125 0.48761599687499996 0.5248719984375 0.48569016718749997 0.5336096328125 0.475385071875
0 0.44656797656249997 0.424160646875 0.4484144875 0.41990342031249994 0.45095388593749997 0.40027272968750005 0.44805273437500004 0.3912175140625 0.44495361562499997 0.3865547171875 0.43855741249999997 0.3816215390625 0.4270176078125 0.3806752109375 0.42022546875 0.3845268703125 0.4167304140625 0.38864890937499996 0.4130373921875 0.397163365625 0.4122455203125 0.4147330375 0.41369609531249996 0.41926064375000005 0.4198943328125 0.42858623749999997 0.4230924359375 0.431052828125 0.43463223749999996 0.43199915625 0.44132539531250004 0.43034370468749994 0.44656797656249997 0.424160646875
0 0.6442329484375 0.297089078125 0.6428813578125 0.2903652625 0.6366831187499999 0.28103966874999997 0.6334850171874999 0.278573078125 0.6186481265625 0.2773563703125 0.6118559875 0.28120803125 0.6083609328125 0.28533006875 0.6046679109374999 0.2938445234375 0.6038760390625 0.311414196875 0.6067771890625 0.32046941093750003 0.6146239703124999 0.329930196875 0.6278123156250001 0.3310117140625 0.6312083859375 0.3290858828125 0.6416935500000001 0.31671976874999996 0.643540059375 0.312462540625 0.6442329484375 0.297089078125
0 0.7795430953125 0.3787237015625 0.7717952984374999 0.3670667078125 0.7685971953124999 0.36460011875 0.7521117640625 0.363248221875 0.74512165625 0.3714922984375 0.7377356109375001 0.3885212109375 0.7373396750000001 0.397306046875 0.7402408265625 0.4063612609375 0.744889503125 0.41335545781249994 0.751285709375 0.41828863437499997 0.7628255125 0.41923496250000003 0.77476125 0.41139645468749997 0.7803007828124999 0.3986247703125 0.780993671875 0.3832513078125 0.7795430953125 0.3787237015625
0 0.71751940625 0.543370525 0.7094746578125 0.5383021578125 0.697835871875 0.5395520390625 0.689296203125 0.5454647171875 0.685702165625 0.5517829640625 0.683855653125 0.5560401921875 0.683360734375 0.5670212375 0.6877124609374999 0.5806040593749999 0.6923611390625 0.5875982546875 0.7053515171875 0.5930721921875 0.7120446734375 0.5914167421875 0.722430853125 0.581246834375 0.724376346875 0.574793396875 0.72516821875 0.5572237265625 0.71751940625 0.543370525
0 0.739377021875 0.609088428125 0.7245401328125001 0.6078717218749999 0.7142529359374999 0.61584541875 0.7105599140625001 0.6243598734375 0.7098670265625 0.6397333359374999 0.7174168546875 0.655782746875 0.7238130625 0.6607159265625 0.7370014078125 0.66179744375 0.7490361296875 0.6517627265625 0.750981625 0.6453092890625001 0.7517734953125 0.6277396171875 0.7488723453125 0.618684403125 0.7457732265625 0.61402160625 0.739377021875 0.609088428125
0 0.846136396875 0.6266605968750001 0.8469282671875 0.6090909250000001 0.8455766765625 0.602367109375 0.8361803359375 0.590574928125 0.8296851484375001 0.587837959375 0.82144243125 0.587162009375 0.8147492749999999 0.5888174609375 0.8113532046874999 0.5907432890625001 0.8060116390625 0.59912255625 0.8041651265624999 0.6033797843750001 0.8033732562499999 0.6209494546875 0.8047248484375 0.627673271875 0.8141211890625 0.6394654546874999 0.8189678328125 0.6420672328125 0.8321561781250001 0.64314875 0.8355522499999999 0.6412229218750001 0.846136396875 0.6266605968750001
2 0.49061790624999996 0.4013210734375 0.4883754609375 0.4143631375 0.4912766125 0.4234183515625 0.4960242734375 0.42821633906249995 0.5091136374999999 0.4314940671875 0.5175543203124999 0.42777759687500005 0.5279404984375 0.41760769218749993 0.53318308125 0.411424634375 0.53532654375 0.40057877968750005 0.530875834375 0.3891921640625 0.52438064375 0.3864551984375 0.512840840625 0.3855088703125 0.49061790624999996 0.4013210734375
2 0.4441275625 0.441595128125 0.441127428125 0.43473612343749996 0.42958762500000003 0.4337897953125 0.4244440265625 0.43777664375 0.4206520203125 0.44848730937500003 0.41860754218749996 0.45713695468750004 0.41781567031250005 0.47470662499999994 0.41896929375 0.4858228609375 0.421969428125 0.4926818671875 0.42836563437499997 0.4976150421875 0.43166271875 0.49788542343750003 0.43845486093749997 0.4940337640625 0.4419499171875 0.4899117234375 0.44399439375 0.48126207968749996 0.4441275625 0.441595128125
2 0.49849530625 0.48352713124999996 0.49160418124999994 0.48957499843749996 0.4825695921875 0.5064687218749999 0.480624096875 0.512922159375 0.47973324218749996 0.5326880390625 0.48118381718750003 0.537215646875 0.48438192031250005 0.5396822359375 0.4926246359375 0.5403581843749999 0.5012632890625001 0.5322492953125 0.5085503484375 0.5174165937499999 0.5127382921875 0.49792109218749997 0.5113867 0.49119727500000004 0.505089478125 0.484067890625 0.49849530625 0.48352713124999996
2 0.7209496609375 0.5039739546875001 0.7180485109375 0.4949187390625 0.7148504078125 0.4924521515625 0.7066076906250001 0.491776203125 0.6947709343749999 0.4974185015625 0.684483740625 0.5053921984375 0.6792411609375 0.51157525625 0.6755481359375 0.5200897109375 0.6751522015625 0.528874546875 0.676602778125 0.5334021546875001 0.684647525 0.538470521875 0.6945387843749999 0.5392816609375 0.70297946875 0.5355651906250001 0.7187072140625 0.5170160187499999 0.7205537234375 0.5127587890624999 0.7209496609375 0.5039739546875001
2 0.7485141609375 0.4797824828125 0.741128115625 0.4968113953125 0.7406331953125 0.5077924406250001 0.7469304171875 0.5149218249999999 0.7568216765625 0.5157329640625 0.7653613421875 0.5098202859375001 0.7758465078125 0.497454171875 0.781386040625 0.48468248750000004 0.78197994375 0.471505234375 0.778880825 0.4668424375 0.7656924796875 0.46576091875000003 0.7589003375 0.4696125765625 0.7485141609375 0.4797824828125
2 0.7420567203124999 0.329358759375 0.73701210625 0.33114940000000004 0.7281754859375 0.34365070468750003 0.7207894421875001 0.36067961875 0.7198985875 0.3804454984375 0.722898721875 0.38730450312500003 0.7293939109375 0.3900414703125 0.7344385250000001 0.38825083125000004 0.73968110625 0.382067775 0.750463221875 0.36311303281249996 0.7526066828125 0.352267178125 0.7532995703124999 0.3368937140625 0.74700235 0.3297643296875 0.7420567203124999 0.329358759375
2 0.9398064109375 0.6409550390625001 0.9268160312499999 0.6354811046875 0.9115832078125001 0.64304923125 0.9010980453125 0.655415346875 0.8974050218749999 0.6639298015625 0.895261559375 0.6747756578125 0.8966131515625 0.6814994734375001 0.8997122687499999 0.686162271875 0.9077570171874999 0.6912306375 0.91609871875 0.6897103765625 0.9280344546875 0.6818718703125 0.9385196203125 0.6695057546875 0.942311625 0.6587950890625 0.9428065453125001 0.6478140453125001 0.9398064109375 0.6409550390625001
2 0.7274718984375 0.6896722093750001 0.7278678359375 0.6808873734375 0.7264172609374999 0.6763597671875 0.7185704796875 0.6668989812499999 0.712075290625 0.664162015625 0.7005354890625 0.6632156874999999 0.685401646875 0.66858760625 0.6819065921874999 0.67270964375 0.6815106578125001 0.6814944781250001 0.68606035 0.690684884375 0.6940061156249999 0.697949459375 0.7005013046874999 0.700686428125 0.7120411062499999 0.70163275625 0.7187342625 0.6999773046875 0.7238778609375001 0.6959904578125 0.7274718984375 0.6896722093750001
1 0.6516189921875 0.280060165625 0.6463764125 0.28624322343749997 0.645683525 0.3016166859375 0.6486836578124999 0.30847569375 0.656827390625 0.31134784843749996 0.69484286875 0.3122610046875 0.703283553125 0.308544534375 0.7068775921875 0.3022262875 0.7073725093750001 0.2912452421875 0.7059219359375 0.2867176359375 0.6978771874999999 0.28164927031250003 0.65996069375 0.27853990624999997 0.6516189921875 0.280060165625
1 0.448315503125 0.4220996296875 0.44468728124999995 0.4658886171875 0.4476874171875 0.47274762187499997 0.45418260625 0.475484590625 0.46262328906250005 0.471768121875 0.4664152953125 0.46105745625 0.472087996875 0.40861882187500004 0.47238495 0.402030196875 0.46938481249999997 0.3951711890625 0.46618670937499995 0.39270460156250003 0.4595925390625 0.39216384375 0.4527014140625 0.398211709375 0.448315503125 0.4220996296875
1 0.59002185625 0.5086674265625 0.585571146875 0.4972808140625 0.57403134375 0.49633448593749996 0.5705362890625 0.5004565234375 0.56859079375 0.5069099609375 0.5658192453125 0.5684038109375 0.5703689390625 0.5775942140625 0.5785126703125 0.5804663734375 0.5871513234375 0.572357484375 0.59002185625 0.5086674265625
1 0.650854171875 0.480591125 0.6438640640625 0.48883520156250004 0.6259928546875 0.518230228125 0.62055230625 0.528805703125 0.6198594187500001 0.5441791671875 0.624508096875 0.5511733624999999 0.6293547421875 0.553775140625 0.6360478984375 0.552119690625 0.6430380078125 0.5438756140625001 0.6648991890625 0.499377503125 0.665295125 0.4905926671875 0.6638445500000001 0.486065059375 0.6607454296874999 0.4814022640625 0.650854171875 0.480591125
1 0.6915422171875 0.4222066390625 0.68784919375 0.43072109531249997 0.6890028171875 0.4418373296875 0.7119492562499999 0.4833969359375 0.71814749375 0.49272253125 0.7280387515625 0.49353367031250006 0.73318235 0.48954682031249996 0.7350288625 0.48528959218749995 0.735622765625 0.47211233750000003 0.72497381875 0.45140013124999995 0.704829546875 0.42109194843750003 0.6949382875000001 0.42028081093749997 0.6915422171875 0.4222066390625
1 0.6663155796875 0.541375853125 0.6580728640625 0.5406999031249999 0.6528302859374999 0.5468829625 0.6509837734375 0.5511401874999999 0.6505878375 0.5599250234375 0.6699402375 0.607802878125 0.6777870171875 0.6172636625 0.684381190625 0.6178044203125 0.6877772625 0.6158785921875001 0.6913713 0.6095603453125 0.6916682515625 0.60297171875 0.68896506875 0.5895240859374999 0.6741623609375 0.5508366359375 0.6663155796875 0.541375853125
1 0.852642284375 0.298749521875 0.85059780625 0.30739916875 0.85204838125 0.3119267765625 0.858345603125 0.3190561625 0.8863708390625 0.3213543875 0.9113959375 0.3167936078125 0.915088959375 0.30827915 0.913836353125 0.299359125 0.9091876750000001 0.2923649296875 0.8762168109375 0.289661134375 0.8629294796875 0.2907758265625 0.8578848671875001 0.2925664640625 0.852642284375 0.298749521875
1 0.93407604375 0.43768711250000003 0.93222953125 0.441944340625 0.9296559484375001 0.4990457734375 0.9355572343749999 0.5149599921875 0.93710679375 0.5172913921875 0.9420524234375 0.5176969625 0.9506910765625 0.509588075 0.9546810499999999 0.49448499218749997 0.956660728125 0.45056081406250004 0.9538585609375 0.43930939062499996 0.9475613390625 0.43218000312499993 0.9375710968750001 0.433565075 0.93407604375 0.43768711250000003