0 0.4515625 0.30416666718749996 0.45625 0.30625 0.4640625 0.30625 0.4703125 0.3020833328125 0.475 0.2958333328125 0.478125 0.2875 0.478125 0.275 0.475 0.2645833328125 0.4703125 0.25833333281250004 0.465625 0.25625 0.4546875 0.25625 0.446875 0.2604166671875 0.4421875 0.2708333328125 0.440625 0.2791666671875 0.4421875 0.2916666671875 0.44375 0.2958333328125 0.4515625 0.30416666718749996
0 0.43125 0.4875 0.434375 0.4895833328125 0.4453125 0.4895833328125 0.453125 0.48541666718750004 0.4578125 0.4791666671875 0.4609375 0.4625 0.4578125 0.45416666718750004 0.4484375 0.44166666718750003 0.4453125 0.43958333281249995 0.4375 0.43958333281249995 0.428125 0.4458333328125 0.425 0.45208333281249996 0.4234375 0.4583333328125 0.4234375 0.47291666718750003 0.4265625 0.48125 0.43125 0.4875
0 0.653125 0.53125 0.665625 0.53125 0.66875 0.5291666671875 0.675 0.5208333328125 0.678125 0.5125 0.6765625 0.49583333281249997 0.675 0.4916666671875 0.6671875 0.48333333281249996 0.6625 0.48125 0.6546875 0.48125 0.646875 0.48541666718750004 0.640625 0.49375 0.6390625 0.5 0.6390625 0.5145833328125 0.646875 0.5270833328125 0.653125 0.53125
0 0.71875 0.5958333328125 0.728125 0.6041666671875 0.7390625 0.6041666671875 0.74375 0.6020833328124999 0.7484375 0.5979166671875 0.753125 0.5895833328125 0.7546875 0.5833333328125 0.753125 0.56875 0.7453125 0.55625 0.7359375 0.5520833328125 0.7296875 0.5520833328125 0.721875 0.55625 0.715625 0.5645833328125 0.7140625 0.5708333328124999 0.7140625 0.5833333328125 0.715625 0.5895833328125 0.71875 0.5958333328125
0 0.8078125 0.5729166671875 0.8171875 0.5791666671875 0.825 0.5791666671875 0.83125 0.5770833328125 0.8375 0.5708333328124999 0.8421875 0.5604166671875 0.8421875 0.54375 0.8390625 0.5354166671875 0.8328125 0.5291666671875 0.828125 0.5270833328125 0.8140625 0.5270833328125 0.809375 0.5291666671875 0.8046875 0.5354166671875 0.8015625 0.5416666671875 0.8015625 0.5583333328125 0.803125 0.5645833328125 0.8078125 0.5729166671875
0 0.7375 0.36666666718749996 0.74375 0.36875 0.753125 0.36666666718749996 0.759375 0.3625 0.765625 0.35208333281250004 0.7671875 0.34375 0.765625 0.33125 0.7640625 0.3270833328125 0.7546875 0.3166666671875 0.75 0.3145833328125 0.740625 0.3166666671875 0.734375 0.32083333281250004 0.728125 0.33125 0.7265625 0.33541666718749996 0.7265625 0.35 0.728125 0.35625 0.7375 0.36666666718749996
0 0.665625 0.3291666671875 0.6734375 0.3291666671875 0.678125 0.3270833328125 0.6859375 0.31875 0.690625 0.30625 0.690625 0.3 0.6859375 0.2854166671875 0.6828125 0.28125 0.6765625 0.2770833328125 0.66875 0.2770833328125 0.659375 0.28125 0.6546875 0.2875 0.6515625 0.2958333328125 0.6515625 0.3125 0.659375 0.325 0.665625 0.3291666671875
0 0.6296875 0.3020833328125 0.640625 0.3 0.6453125 0.2958333328125 0.6515625 0.2854166671875 0.653125 0.2791666671875 0.6515625 0.2625 0.6484375 0.25625 0.64375 0.2520833328125 0.6359375 0.25 0.6296875 0.25 0.625 0.2520833328125 0.61875 0.25833333281250004 0.615625 0.2666666671875 0.6140625 0.2770833328125 0.6171875 0.28958333281250004 0.625 0.3 0.6296875 0.3020833328125
1 0.6875 0.2770833328125 0.7015625 0.275 0.7046875 0.27291666718749996 0.7109375 0.2625 0.7109375 0.25625 0.709375 0.2520833328125 0.7046875 0.2479166671875 0.675 0.2479166671875 0.6609375 0.25 0.6578125 0.2520833328125 0.6546875 0.25625 0.6546875 0.2708333328125 0.659375 0.2770833328125 0.6875 0.2770833328125
1 0.4671875 0.46666666718750005 0.471875 0.46875 0.4796875 0.46666666718750005 0.4828125 0.4625 0.4828125 0.45208333281249996 0.475 0.43333333281249997 0.4546875 0.40625 0.4515625 0.40416666718750005 0.4453125 0.40416666718750005 0.440625 0.40833333281249995 0.4390625 0.4125 0.4390625 0.42083333281249996 0.4578125 0.45416666718750004 0.4671875 0.46666666718750005
1 0.5015625 0.48541666718750004 0.5109375 0.48541666718750004 0.515625 0.4791666671875 0.515625 0.47083333281249995 0.5046875 0.43958333281249995 0.4953125 0.41875 0.4890625 0.4125 0.4828125 0.4145833328125 0.478125 0.42083333281249996 0.4765625 0.43125 0.4828125 0.45 0.496875 0.4791666671875 0.5015625 0.48541666718750004
1 0.5765625 0.5729166671875 0.58125 0.5708333328124999 0.584375 0.5666666671875 0.5859375 0.5604166671875 0.5828125 0.50625 0.58125 0.5 0.575 0.49375 0.5671875 0.49375 0.5625 0.5 0.5609375 0.5166666671875 0.565625 0.5625 0.5703125 0.5708333328124999 0.5765625 0.5729166671875
1 0.615625 0.45416666718750004 0.625 0.45 0.6296875 0.43958333281249995 0.640625 0.3958333328125 0.640625 0.3875 0.6390625 0.38333333281250004 0.6328125 0.3770833328125 0.625 0.3791666671875 0.6203125 0.3854166671875 0.615625 0.40208333281249997 0.6078125 0.43333333281249997 0.6078125 0.4479166671875 0.6109375 0.45208333281249996 0.615625 0.45416666718750004
1 0.6609375 0.45208333281249996 0.6828125 0.44375 0.6875 0.4375 0.6875 0.425 0.6859375 0.42083333281249996 0.6828125 0.41875 0.66875 0.41875 0.6515625 0.42291666718750004 0.6375 0.4270833328125 0.6328125 0.43125 0.6296875 0.43958333281249995 0.6296875 0.4458333328125 0.634375 0.45416666718750004 0.6609375 0.45208333281249996
1 0.840625 0.2708333328125 0.8671875 0.2708333328125 0.8875 0.2625 0.8921875 0.25625 0.8921875 0.25 0.8875 0.23958333281250002 0.846875 0.2416666671875 0.834375 0.2479166671875 0.8328125 0.2520833328125 0.8328125 0.2625 0.834375 0.2666666671875 0.840625 0.2708333328125
1 0.9265625 0.45208333281249996 0.93125 0.45 0.934375 0.44375 0.9375 0.4270833328125 0.9390625 0.3875 0.9359375 0.3770833328125 0.93125 0.3708333328125 0.921875 0.3708333328125 0.915625 0.3791666671875 0.9140625 0.39791666718749996 0.915625 0.43541666718750005 0.9203125 0.45 0.9265625 0.45208333281249996
2 0.7125 0.3083333328125 0.7203125 0.30416666718749996 0.734375 0.2875 0.7390625 0.275 0.7390625 0.2645833328125 0.734375 0.25833333281250004 0.725 0.25833333281250004 0.7140625 0.2645833328125 0.7078125 0.27291666718749996 0.70625 0.2770833328125 0.7015625 0.2916666671875 0.7015625 0.3 0.70625 0.30625 0.7125 0.3083333328125
2 0.5296875 0.4145833328125 0.5359375 0.41875 0.54375 0.4166666671875 0.5484375 0.4125 0.55625 0.39375 0.5578125 0.3791666671875 0.55625 0.36666666718749996 0.5515625 0.3604166671875 0.54375 0.3604166671875 0.540625 0.3625 0.53125 0.375 0.528125 0.38333333281250004 0.525 0.3958333328125 0.525 0.40416666718750005 0.5265625 0.41041666718750003 0.5296875 0.4145833328125
2 0.546875 0.45625 0.5546875 0.45416666718750004 0.5609375 0.45 0.565625 0.44166666718750003 0.5625 0.4270833328125 0.5578125 0.42291666718750004 0.55 0.42083333281249996 0.5390625 0.42083333281249996 0.534375 0.42291666718750004 0.525 0.4291666671875 0.5203125 0.43541666718750005 0.51875 0.4458333328125 0.5234375 0.45416666718750004 0.528125 0.45625 0.546875 0.45625
2 0.6796875 0.48541666718750004 0.690625 0.4791666671875 0.696875 0.47083333281249995 0.703125 0.4583333328125 0.703125 0.45 0.6984375 0.44166666718750003 0.6859375 0.44166666718750003 0.671875 0.45 0.665625 0.4583333328125 0.6640625 0.4625 0.6625 0.46875 0.6625 0.4791666671875 0.6703125 0.48541666718750004 0.6796875 0.48541666718750004
2 0.746875 0.46458333281249997 0.7546875 0.4625 0.765625 0.45208333281249996 0.771875 0.44166666718750003 0.775 0.43125 0.775 0.42291666718750004 0.771875 0.4166666671875 0.7625 0.4145833328125 0.7515625 0.42291666718750004 0.7421875 0.43541666718750005 0.7390625 0.44375 0.7375 0.45 0.7375 0.4583333328125 0.740625 0.4625 0.746875 0.46458333281249997
2 0.4375 0.525 0.45 0.5291666671875 0.4625 0.5270833328125 0.465625 0.525 0.46875 0.51875 0.46875 0.5104166671875 0.4671875 0.50625 0.4625 0.5 0.4515625 0.4916666671875 0.4328125 0.4916666671875 0.4265625 0.49583333281249997 0.425 0.49791666718750005 0.425 0.5104166671875 0.428125 0.5166666671875 0.4375 0.525
2 0.70625 0.64375 0.7203125 0.64375 0.725 0.6416666671875 0.7328125 0.6333333328124999 0.7328125 0.61875 0.7296875 0.6145833328125 0.7234375 0.6104166671875 0.7015625 0.6104166671875 0.69375 0.6145833328125 0.6890625 0.6208333328125 0.6890625 0.6291666671875 0.6953125 0.6375 0.70625 0.64375
2 0.9015625 0.6166666671875001 0.9078125 0.6166666671875001 0.921875 0.6083333328125 0.9296875 0.5979166671875 0.934375 0.5854166671875001 0.934375 0.575 0.9296875 0.5666666671875 0.925 0.5645833328125 0.915625 0.5645833328125 0.909375 0.5666666671875 0.9046875 0.5708333328124999 0.8953125 0.5854166671875001 0.8921875 0.59375 0.8921875 0.60625 0.89375 0.6104166671875 0.9015625 0.6166666671875001