2 0.3269036046875 0.28278158124999997 0.3226830984375 0.279401584375 0.3122415828125 0.27759161718750003 0.3029100671875 0.279946659375 0.2962438078125 0.2860742046875 0.288687046875 0.30131678281249996 0.288241796875 0.30587429843749997 0.2904618 0.3142043171875 0.2931270546875 0.31797681875 0.3031233203125 0.3243443015625 0.31812084218750003 0.31833672812499997 0.32978836093749997 0.299834125 0.3269036046875 0.28278158124999997
2 0.299878071875 0.44295969687500003 0.300103821875 0.4251221390625 0.2951088125 0.406379596875 0.2929985578125 0.4046895984375 0.2872228 0.4017021109375 0.280446790625 0.401189634375 0.2737805296875 0.407317178125 0.270334525 0.4192997296875 0.2705540265625 0.43257977187499996 0.275549034375 0.45132231406249995 0.28243479531250004 0.4584748125 0.28610030000000003 0.45977230156250004 0.2907660578125 0.45859478124999997 0.295877065625 0.45285974375000004 0.299878071875 0.44295969687500003
2 0.3966204765625 0.500779525 0.394400471875 0.49244950468750004 0.3890699640625 0.4849045 0.3869597109375 0.483214503125 0.37862844687499997 0.4830945328125 0.3641859234375 0.4911846140625 0.3566291640625 0.506427190625 0.35618391250000003 0.5109847078125 0.35951391875 0.5234797359375001 0.3673999328125 0.5281572203125 0.386062959375 0.5234471359375 0.39117396718749997 0.5177120984375 0.3961752265625 0.505337040625 0.3966204765625 0.500779525
2 0.5318051875 0.5222265921875 0.5273651796875 0.5055665546875 0.5193694171875001 0.494249046875 0.5045976421875 0.4824190640625 0.499376884375 0.48151408125 0.4937108765625 0.48516661250000004 0.491265121875 0.49467415312499996 0.49992563749999996 0.514714184375 0.505811146875 0.5243416937500001 0.5211379203125001 0.5382541828125 0.524803428125 0.5395516734375 0.5289141828125 0.536291646875 0.5309146859375 0.5313416234375 0.5318051875 0.5222265921875
2 0.492259125 0.523316740625 0.4900391234375 0.5149867234375 0.486818865625 0.5091317156249999 0.482598359375 0.5057517203125 0.4758223484375 0.50523924375 0.461934828125 0.515411828125 0.4559333203125 0.5302618984375 0.45548806875 0.534819415625 0.45881807500000005 0.5473144421875 0.4614833296875 0.55108694375 0.46781408906250005 0.5561569375000001 0.48736761875 0.5423318218750001 0.4923688765625 0.5299567625 0.492259125 0.523316740625
2 0.50302989375 0.545046771875 0.49880938593749996 0.541666775 0.488922871875 0.5419393140625 0.4724798453125 0.5549794171875 0.46858859218750004 0.571519484375 0.470808596875 0.5798495015625 0.475584103125 0.585312003125 0.49224662812500003 0.5855519421875 0.5060244 0.5687393375 0.5080249015625 0.5637893140625 0.50680515 0.552984284375 0.50302989375 0.545046771875
2 0.37648070312500004 0.6681101390624999 0.3829274625 0.6487025515625 0.380707459375 0.6403725328125 0.374376696875 0.6353025406249999 0.37071119218750004 0.6340050500000001 0.361379678125 0.636360090625 0.35571366875 0.640012625 0.349602409375 0.648222675 0.34660165625 0.6556477078125 0.344710903125 0.667237753125 0.347485909375 0.6776502765625 0.352261415625 0.6831127765625 0.360592678125 0.6832327453125 0.3703694453125 0.6763201875 0.37648070312500004 0.6681101390624999
2 0.165637375 0.699096021875 0.1631978703125 0.6774859609375 0.1583126125 0.6653834390625 0.1497618484375 0.651983428125 0.143986090625 0.648995940625 0.137210078125 0.6484834640625 0.13154407031249998 0.652135996875 0.1285433171875 0.6595610328125 0.1286530671875 0.666201053125 0.1364230796875 0.6953561171875 0.142308590625 0.7049836265625 0.1523048546875 0.7113511109374999 0.16008111875 0.709388575 0.165637375 0.699096021875
0 0.363442665625 0.320234065625 0.36599816875 0.317366546875 0.3695539234375 0.312024015625 0.371444675 0.300433971875 0.366449665625 0.2816914296875 0.3637844125 0.2779189265625 0.3590089046875 0.27245642812500004 0.349567640625 0.2681714484375 0.33868087187499996 0.2709189984375 0.333569865625 0.2766540359375 0.3305691109375 0.2840790703125 0.3313436125 0.2994416171875 0.33245361406249996 0.30360662656250004 0.33833912499999996 0.3132341359375 0.3488903921875 0.32168412343749997 0.3556664015625 0.3221966 0.363442665625 0.320234065625
0 0.529622671875 0.3271909703125 0.5436199453125 0.3236584078125 0.5461754484375 0.3207908875 0.5506217046875 0.306333325 0.5494019515625 0.29552829531249997 0.5456266953125 0.2875907828125 0.5429614421875 0.28381828124999997 0.532410175 0.27536829375 0.5271894171875 0.274463309375 0.5178579015625 0.2768183515625 0.5153024 0.279685871875 0.5107463921875001 0.2875034125 0.509855890625 0.2966184453125 0.5142958984375 0.31327848281250004 0.5175161546875 0.3191334890625 0.5222916609375 0.3245959890625 0.529622671875 0.3271909703125
0 0.5534752187499999 0.4789738703125 0.556030721875 0.47610635312499994 0.560031728125 0.46620630468749996 0.560476978125 0.46164878906249995 0.5554819703125 0.44290624687499996 0.5501514625 0.4353612421875 0.545930953125 0.4319812484375 0.5370446906249999 0.42977877343750004 0.529268428125 0.431741309375 0.52260216875 0.437868853125 0.5196014140625 0.4452938890625 0.5192659140625 0.4564914265625 0.5203759156250001 0.460656434375 0.526816428125 0.47236645 0.5337021890625 0.479518946875 0.5410332 0.48211392656249996 0.5534752187499999 0.4789738703125
0 0.517155659375 0.454801428125 0.5180461625 0.4456863953125 0.513606153125 0.429026359375 0.5109408984375 0.42525385625 0.49883438125 0.41719637499999995 0.4936136234375 0.4162913921875 0.4873926125 0.4178614203125 0.47872585 0.42893898750000004 0.47728034687500004 0.4359715140625 0.4807201046875 0.45510656562499996 0.49027111874999996 0.4660315640625 0.49760212968750006 0.46862654531250003 0.5074886484375 0.4683540078125 0.511599403125 0.46509398125 0.517155659375 0.454801428125
0 0.45117030937499997 0.4625641984375 0.45572631562500004 0.45474665625000005 0.456616815625 0.44563162500000003 0.45217680781249997 0.42897158593749996 0.44951155312499996 0.425199084375 0.43896028749999993 0.41674909531250004 0.4352947796875 0.41545160625 0.4228527625 0.4185916609375 0.42029725781250005 0.4214591796875 0.4152960015625 0.43383423906249996 0.42140101249999995 0.4567417890625 0.4240662640625 0.46051429062500004 0.4303970265625 0.46558428437500005 0.439283290625 0.4677867578125 0.4486148046875 0.46543171718750004 0.45117030937499997 0.4625641984375
0 0.3796286984375 0.48061952343750003 0.3846299546875 0.46824446406250003 0.3850752046875 0.46368694687499995 0.3806351984375 0.447026909375 0.37796994375000004 0.4432544078125 0.3658634234375 0.4351969265625 0.352866403125 0.43625447968750003 0.348755646875 0.439514503125 0.34419964062499997 0.447332046875 0.343309140625 0.45644707812499996 0.34508389375 0.4693346140625 0.350969403125 0.478962121875 0.36152066875 0.48741211093750003 0.366741428125 0.4883170953125 0.3714071859375 0.4871395734375 0.3796286984375 0.48061952343750003
0 0.26308826875 0.5478151703125 0.2697545296875 0.5416876265624999 0.2736457859375 0.525147559375 0.269760778125 0.5105700265625 0.266540521875 0.50471501875 0.258099509375 0.497955028125 0.2476579921875 0.4961450625 0.2357709765625 0.5013676234375 0.2322152203125 0.5067101546874999 0.229769465625 0.51621769375 0.2304342171875 0.5249402203125 0.2320992203125 0.5311877328125 0.240649984375 0.54458774375 0.2448704921875 0.5479677406250001 0.25375675468750003 0.5501702140625 0.26308826875 0.5478151703125
1 0.34233388124999997 0.3344516890625 0.338448875 0.3198741578125 0.33578362031250003 0.316101653125 0.32634235624999997 0.3118166765625 0.3232318515625 0.312601690625 0.31767559218749997 0.32289424375000003 0.3172303421875 0.32745175937500004 0.3181145953125 0.349454328125 0.3216641015625 0.375229396875 0.3249941078125 0.387724425 0.33499037343750004 0.394091909375 0.33965613125 0.3929143890625 0.34421213906250003 0.38509684375000003 0.34233388124999997 0.3344516890625
1 0.30300732343750003 0.3488218828125 0.2996773171875 0.336326853125 0.2933465546875 0.3312568609375 0.288125796875 0.3303518765625 0.2809045375 0.33439691875 0.2515742421875 0.3551345921875 0.246463234375 0.36086962968749997 0.24601798281249998 0.365427146875 0.24879298749999998 0.3758396703125 0.25567875 0.3829921671875 0.2640100125 0.3831121375 0.27689728125 0.375414565625 0.2958958109375 0.3595069421875 0.30300732343750003 0.3488218828125
1 0.13260680625000001 0.3384849796875 0.13305205625 0.33392746562500003 0.1308320515625 0.325597446875 0.12816679687500002 0.32182494375 0.11872553125 0.31753996562500003 0.081844725 0.32240261875 0.0746234640625 0.3264476578125 0.071067709375 0.3317901890625 0.0706224578125 0.33634770468749997 0.07284246250000001 0.34467772343749997 0.075507715625 0.3484502265625 0.08283872812500001 0.35104520625 0.102611759375 0.35050013125 0.12905105 0.3438275109375 0.13260680625000001 0.3384849796875
1 0.10068351718749999 0.5487957781249999 0.10268402031249999 0.5438457546875 0.10401976875 0.5301732046875001 0.1000250125 0.5089556515625 0.090144746875 0.47811059062499994 0.08692449218750001 0.4722555828125 0.082703984375 0.4688755875 0.079038478125 0.4675780953125 0.07281746875 0.4691481234375 0.06826146250000001 0.47696566718750005 0.0673709609375 0.4860806984375 0.07403097343750001 0.51107075625 0.087576746875 0.5432133078125 0.09235225312499999 0.5486758078125 0.0975730125 0.5495807921875 0.10068351718749999 0.5487957781249999
1 0.44771805625 0.50566435 0.44138729374999996 0.5005943562499999 0.3947297234375 0.5123695671874999 0.3922839703125 0.521877109375 0.39294872187499996 0.530599634375 0.3961689765625 0.5364546406249999 0.4019447359375 0.5394421281249999 0.44449155156250003 0.53092694375 0.45115781093749996 0.5247994 0.453158315625 0.519849375 0.4503833109375 0.5094368515625 0.44771805625 0.50566435
1 0.453597315625 0.5464094609375 0.4131607546875 0.5566146437499999 0.407494746875 0.560267175 0.4050489921875 0.569774715625 0.40726899687499996 0.578104734375 0.412044503125 0.5835672328125 0.42248601875 0.5853772015625001 0.4510355640625 0.5803945781250001 0.4629225828125 0.57517201875 0.46592333750000003 0.5677469828125 0.46203833124999993 0.5531694500000001 0.453597315625 0.5464094609375
1 0.4522553171875 0.5911996078125 0.448034809375 0.5878196140624999 0.43970354531250005 0.58769964375 0.43714804375 0.5905671625 0.4214795203125 0.6189698124999999 0.4144777609375 0.6362948937499999 0.4162525140625 0.649182428125 0.42158302187499996 0.6567274328125 0.425248528125 0.6580249234375 0.43302479062500004 0.6560623890625 0.4355802953125 0.6531948703125 0.4561403234375 0.605777140625 0.4522553171875 0.5911996078125
1 0.5248944328125 0.6395444953125 0.5242296796875 0.6308219687500001 0.521009425 0.6249669625000001 0.518344171875 0.6211944609375 0.50423715 0.6180870015625 0.47557785468749997 0.6164296046875 0.466246340625 0.618784646875 0.4626905859375 0.6241271765625 0.4622453359375 0.62868469375 0.4644653390625 0.6370147109375 0.469240846875 0.6424772125 0.51567266875 0.6485395578125 0.5203384265625 0.6473620375 0.5248944328125 0.6395444953125
0 0.523009928125 0.620016940625 0.5296761890624999 0.61388939375 0.5326769421875001 0.606464359375 0.53356744375 0.5973493265625 0.5296824375 0.5827717953125 0.52646218125 0.5769167875 0.51802116875 0.570156796875 0.5143556625000001 0.56885930625 0.5034688968750001 0.5716068562500001 0.495802384375 0.5802094125 0.49380188125 0.5851594359375001 0.4934663828125 0.5963569718749999 0.4956863859375 0.6046869906250001 0.5015718953125 0.6143145 0.5057924015624999 0.6176944953125 0.518344171875 0.6211944609375 0.523009928125 0.620016940625