0 0.7146265234375 0.5092479328125 0.71963619375 0.50324018125 0.721040178125 0.48849315156250006 0.7130488125000001 0.4792073890625 0.7045894515625 0.4748373015625 0.695974090625 0.47210577656249997 0.6825050609375001 0.47374344218750003 0.6731097078125 0.479204709375 0.6681000359375 0.48521246093750003 0.667164046875 0.495043815625 0.6709257328125 0.5021445359375 0.683458775 0.510338221875 0.70319433125 0.5127973984375 0.7146265234375 0.5092479328125
0 0.5630351953125 0.56331055625 0.5827707515625 0.565769734375 0.587312428125 0.564677659375 0.599056615625 0.5578510750000001 0.6018734484375 0.5515700812500001 0.6006165984375 0.5414654859375 0.5905883921874999 0.5302679218749999 0.58212903125 0.5258978375 0.5711648328125001 0.5245316265625 0.5620814796875 0.526715778125 0.550337290625 0.5335423609375 0.5468964640625 0.5463775921875 0.5486213109375 0.551566509375 0.558805515625 0.5611255140625 0.5630351953125 0.56331055625
0 0.510389321875 0.510326615625 0.5143070078124999 0.5157887765625 0.5248032078125 0.5220706625 0.5445387640625 0.5245298421875 0.5490804406249999 0.523437765625 0.5584757921875 0.5179764984374999 0.5611366265625 0.5133340625 0.5623846125 0.5002255921875001 0.5605037703125 0.4966752328125 0.5523564046875 0.4890280296875 0.548126725 0.48684298593750003 0.541704203125 0.4843847015625 0.52839116875 0.484383809375 0.516958978125 0.48793327656249996 0.5121053046874999 0.49230246875 0.50944446875 0.496944903125 0.510389321875 0.510326615625
0 0.5448862125 0.614104990625 0.5484919015624999 0.62284426875 0.556639265625 0.6304914734375 0.567291465625 0.6351348015625 0.5806045 0.63513569375 0.59203669375 0.6315862265625001 0.5995512015625 0.6225746 0.6003311921875001 0.6143818046875 0.598606346875 0.609192884375 0.588422140625 0.5996338812500001 0.5841924625 0.5974488375 0.577769940625 0.5949905531249999 0.568998584375 0.593897584375 0.56226406875 0.59471641875 0.5505198796874999 0.601543003125 0.54801504375 0.6045468781250001 0.5448862125 0.614104990625
0 0.5865944796875 0.7353619234375001 0.60194435625 0.7372746171875 0.6155693875 0.7339983921875 0.6204230609375 0.729629196875 0.6230838953125 0.7249867640625001 0.6238638859375001 0.71679396875 0.622295040625 0.7099664906250001 0.61837735625 0.7045043296875 0.61007399375 0.698495684375 0.6036514734375 0.6960374 0.5904944375000001 0.6943979484375 0.5790622437499999 0.6979474156250001 0.571703734375 0.705320484375 0.57029975 0.720067515625 0.5760982765625 0.7290800359375 0.5865944796875 0.7353619234375001
0 0.45211332656250003 0.8893784265625 0.453214178125 0.9011215796875 0.45916870468750004 0.9084955406249999 0.46982090468750004 0.9131388703125 0.489556459375 0.9155980484375 0.4986398125 0.913413896875 0.5058423249999999 0.9076793875 0.5086591578124999 0.9013983937500001 0.5094391500000001 0.8932055984374999 0.5039526171875 0.8809159609374999 0.49987893593750005 0.877092359375 0.491419575 0.8727222734375 0.47606970000000004 0.8708095796875 0.46933518281250003 0.8716284125 0.46228866875 0.8757243625 0.45493015937500003 0.8830974312500001 0.45211332656250003 0.8893784265625
0 0.7323961437500001 0.69549984375 0.7436723375 0.6935889359375 0.7483700125 0.6908583015625 0.753379684375 0.68485055 0.75478366875 0.6701035203125 0.7529028265625 0.6665531609374999 0.7425626234375 0.658632715625 0.736140103125 0.6561744296875001 0.720790225 0.6542617374999999 0.7117068718749999 0.6564458875 0.702155521875 0.6635457140625001 0.7007515375 0.6782927421875 0.7107797453125 0.68949030625 0.71923910625 0.6938603921875 0.7323961437500001 0.69549984375
2 0.7397723796875 0.7345529078124999 0.749635725 0.724175965625 0.75260855625 0.7162564109375 0.7493148656249999 0.7042400171875001 0.7453971828125 0.6987778546875 0.7389746625 0.69631956875 0.73004730625 0.6968651609375 0.715954278125 0.7050570640625 0.708439771875 0.714068690625 0.7068797890625 0.7304542796875 0.7172199921875 0.7383747265625 0.7281841906250001 0.739740934375 0.7327258671875 0.7386488609375 0.7397723796875 0.7345529078124999
2 0.5972644078125 0.7864313843749999 0.6126142828125001 0.788344078125 0.6284321546875 0.7853410937499999 0.644562021875 0.7790609921875 0.6470668578125001 0.7760571171875 0.6478468484375 0.7678643234375 0.6398554828125 0.7585785609375 0.6356258015625 0.7563935171875 0.6202759265625 0.7544808234375 0.6089997312500001 0.75639173125 0.6019532203125 0.76048768125 0.592245871875 0.76922606875 0.5895850375 0.773868503125 0.5909978859375 0.7823345390625 0.5972644078125 0.7864313843749999
2 0.563453553125 0.8385902421875 0.5701880703125 0.8377714078125 0.574729746875 0.8366793343750001 0.591171609375 0.8271221140625 0.5961812828124999 0.8211143640625 0.5974292703125 0.8080058921875001 0.59147474375 0.8006319312500001 0.5872450625 0.7984468859375 0.5784737062499999 0.7973539203125 0.5601509984375 0.803360778125 0.55059965 0.8104606046875 0.544965984375 0.8230225921875001 0.548259675 0.8350389890625 0.55248935625 0.8372240328125 0.563453553125 0.8385902421875
2 0.5052413796875 0.5643990609375 0.517618425 0.5742313078125 0.532656303125 0.57942111875 0.552391859375 0.581880296875 0.5592823734375 0.57942290625 0.5642920453125 0.5734151515625 0.5646040421875 0.570138034375 0.5627231984375001 0.566587675 0.5462724703124999 0.5529318265625001 0.5376571125 0.5502003015625 0.5223072359375001 0.5482876078125 0.5089942015625 0.5482867125 0.5044525234374999 0.5493787890624999 0.5019476890625 0.5523826640625 0.5033605359375 0.5608487015625 0.5052413796875 0.5643990609375
2 0.479586753125 0.6474181890625 0.488982103125 0.6419569218750001 0.4964966109375 0.63294529375 0.4971206046875 0.6263910593750001 0.49116607968750003 0.6190170968750001 0.48693639843750003 0.6168320546875 0.478165040625 0.6157390859375 0.46234717031250006 0.61874206875 0.4454373125 0.633214965625 0.442620478125 0.639495959375 0.4443453234375 0.644684878125 0.45061184687500005 0.648781721875 0.46376888125000004 0.6504211734374999 0.479586753125 0.6474181890625
2 0.4311705609375 0.59661929375 0.44275875 0.591431265625 0.452622096875 0.5810543218750001 0.45387008125 0.5679458484375 0.4518332421875 0.5660340484375 0.44556672031250005 0.5619372046875 0.43460252343750005 0.5605709953125 0.42567516562499996 0.5611165875 0.4067284671875 0.57367768125 0.40156279687499996 0.581323990625 0.4003148109375 0.5944324640625 0.4045444890625 0.59661750625 0.42208720624999996 0.5988034421874999 0.4311705609375 0.59661929375
1 0.6528387953125 0.7154304359375 0.6794648624999999 0.7154322234375 0.7018612531249999 0.7132489640624999 0.7064029296875 0.712156890625 0.7136054421875 0.7064223796875 0.7142294359375 0.6998681453125 0.7103117515624999 0.694405984375 0.7040452296875 0.6903091406249999 0.69308103125 0.68894293125 0.639360896875 0.6938550359375 0.6298095499999999 0.7009548624999999 0.6313783953125001 0.7077823390625 0.6332592375 0.7113327015625 0.63748891875 0.7135177421875001 0.6528387953125 0.7154304359375
1 0.6995212796875 0.7378273484375 0.69341075625 0.732091946875 0.682446559375 0.7307257375 0.675400046875 0.7348216859375001 0.6703903718750001 0.740829440625 0.651608534375 0.7749650421875 0.6511405406249999 0.77988071875 0.6591319062500001 0.7891664796875 0.67448178125 0.7910791734375 0.68168429375 0.785344665625 0.7009341265625 0.746293384375 0.6995212796875 0.7378273484375
1 0.5477828171875 0.8167415984374999 0.548562809375 0.808548803125 0.546681965625 0.80499844375 0.5426082828125 0.8011748421875 0.5108076796875001 0.7856063015625 0.49154012031249994 0.778231446875 0.48057592343750005 0.7768652375 0.4713365703125 0.780687946875 0.46820774062500004 0.79024605625 0.47416226562499997 0.79762001875 0.49750350781249997 0.808818475 0.529616109375 0.8211099000000001 0.540736303125 0.8208375484375001 0.5477828171875 0.8167415984374999
1 0.5498285218750001 0.8418664671875 0.542782009375 0.8459624171875 0.5394971796875 0.8571590890625 0.54545170625 0.86453305 0.554067065625 0.8672645781250001 0.6123288765625 0.8612603968749999 0.6215682296875 0.8574376859375 0.62266021875 0.8459677750000001 0.6187425328125 0.8405056140625 0.6057414953125 0.8372276015625 0.5498285218750001 0.8418664671875
1 0.7381361703125 0.961494659375 0.7414209953124999 0.9502979890625 0.7404672796875 0.9137032078124999 0.7387424359375 0.9085142890625001 0.734668753125 0.9046906874999999 0.7216677140625001 0.901412678125 0.7171260375 0.9025047515625 0.712272365625 0.9068739453125 0.7078955484375 0.9295405296875 0.71197809375 0.9565771968749999 0.7138589375 0.9601275578124999 0.7201254593749999 0.9642244015625 0.73108965625 0.965590609375 0.7381361703125 0.961494659375
1 0.34127300625 0.6086294390625 0.345190690625 0.6140916 0.3583477265625 0.6157310515625001 0.3675870796875 0.6119083421875 0.3704039140625 0.6056273484375 0.37445986875 0.5630248171875001 0.3683493453125 0.5572894140625 0.35299946875 0.5553767203125 0.34579695625 0.5611112312500001 0.34127300625 0.6086294390625
1 0.390616325 0.6263839171875001 0.39108432031249996 0.621468240625 0.3851297953125 0.614094278125 0.378707275 0.61163599375 0.371972759375 0.6124548265625 0.36038456874999997 0.617642853125 0.3461444078125 0.6506863796875 0.344896421875 0.66379485 0.348970103125 0.667618453125 0.3641639828125 0.6711697046875 0.371054496875 0.6687123140625 0.37606416875000004 0.6627045625 0.390616325 0.6263839171875001
0 0.372891021875 0.5561973390625 0.378845546875 0.5635713 0.38730490781250004 0.5679413859375 0.40704046250000003 0.5704005624999999 0.418628653125 0.5652125375 0.42614316093750004 0.556200909375 0.426923153125 0.548008115625 0.4231614671875 0.540907396875 0.41705094374999996 0.53517199375 0.41282126406249997 0.53298695 0.39089286875 0.53025453125 0.386351190625 0.53134660625 0.3769558421875 0.5368078734374999 0.3717901703125 0.5444541843749999 0.37132217500000003 0.5493698609375001 0.372891021875 0.5561973390625
1 0.5942064859375 0.9816940296875 0.5948304765625 0.9751397953125001 0.5868391125 0.9658540328124999 0.5672595546875 0.9617562953125001 0.5232467703125 0.9579300171874999 0.5118145765625 0.9614794828125 0.5089977453125 0.9677604765625001 0.5108785859375 0.9713108359374999 0.51918195 0.9773194796875 0.5671124203125 0.986607921875 0.584811134375 0.9871552984375 0.5893528109374999 0.9860632234375 0.5942064859375 0.9816940296875
2 0.39747493125 0.9505480203125 0.40264059999999996 0.942901709375 0.40122775156249996 0.934435671875 0.39934691093749997 0.9308853109375 0.3824281875 0.9221451421875001 0.36284863125 0.9180474046875 0.347186759375 0.9194118281250001 0.33779140625 0.924873096875 0.3368554171875 0.9347044500000001 0.340617103125 0.9418051703125 0.349076465625 0.9461752546875 0.366307184375 0.9516383078124999 0.3861987359375 0.9524589265625 0.39747493125 0.9505480203125
2 0.380311575 0.7113157375 0.38140356249999996 0.6998458265624999 0.37748587968749997 0.694383665625 0.3732561984375 0.6921986234374999 0.362292003125 0.6908324140625 0.3433453015625 0.7033935078125 0.3355187984375 0.715682253125 0.3345828078125 0.72551360625 0.34069333125 0.731249009375 0.3538503671875 0.732888459375 0.3583920453125 0.7317963875 0.37498990625 0.7206006078125 0.380311575 0.7113157375