0 0.453125 0.3 0.4625 0.3 0.46875 0.2958333328125 0.4734375 0.28958333281250004 0.4765625 0.2791666671875 0.4765625 0.27291666718749996 0.4734375 0.25833333281250004 0.46875 0.2541666671875 0.4625 0.25 0.4546875 0.25 0.446875 0.2541666671875 0.440625 0.2625 0.4390625 0.2791666671875 0.4421875 0.28958333281250004 0.446875 0.2958333328125 0.453125 0.3
0 0.5796875 0.2979166671875 0.5921875 0.2979166671875 0.5953125 0.2958333328125 0.603125 0.2854166671875 0.60625 0.2770833328125 0.60625 0.26875 0.603125 0.25833333281250004 0.59375 0.2479166671875 0.5796875 0.2479166671875 0.5703125 0.25833333281250004 0.56875 0.2645833328125 0.5671875 0.27291666718749996 0.56875 0.28125 0.571875 0.28958333281250004 0.5796875 0.2979166671875
0 0.6921875 0.4625 0.696875 0.46458333281249997 0.7046875 0.46458333281249997 0.7109375 0.4604166671875 0.71875 0.45 0.71875 0.4291666671875 0.7125 0.41875 0.70625 0.4145833328125 0.6953125 0.4145833328125 0.6890625 0.41875 0.6828125 0.4270833328125 0.68125 0.43125 0.68125 0.45 0.6859375 0.4583333328125 0.6921875 0.4625
0 0.6734375 0.39791666718749996 0.684375 0.3916666671875 0.6890625 0.3854166671875 0.690625 0.3791666671875 0.690625 0.3625 0.6859375 0.35208333281250004 0.678125 0.3458333328125 0.6671875 0.3458333328125 0.65625 0.35625 0.653125 0.3625 0.653125 0.38125 0.6609375 0.39375 0.6734375 0.39791666718749996
0 0.7203125 0.3291666671875 0.7359375 0.3291666671875 0.7390625 0.3270833328125 0.7484375 0.3145833328125 0.75 0.3083333328125 0.75 0.3 0.7453125 0.2854166671875 0.7390625 0.2791666671875 0.7328125 0.2770833328125 0.7234375 0.2770833328125 0.7109375 0.2958333328125 0.709375 0.3 0.709375 0.3145833328125 0.7125 0.32083333281250004 0.7203125 0.3291666671875
0 0.43125 0.3958333328125 0.4375 0.39791666718749996 0.446875 0.39791666718749996 0.4515625 0.3958333328125 0.45625 0.3895833328125 0.459375 0.38125 0.459375 0.3645833328125 0.4578125 0.3604166671875 0.45 0.35 0.4453125 0.3479166671875 0.4390625 0.3479166671875 0.43125 0.35208333281250004 0.425 0.3604166671875 0.4234375 0.36666666718749996 0.4234375 0.38125 0.425 0.3875 0.43125 0.3958333328125
0 0.6953125 0.5395833328124999 0.7 0.5416666671875 0.7125 0.5416666671875 0.71875 0.5375 0.7234375 0.53125 0.725 0.5270833328125 0.725 0.5083333328124999 0.721875 0.5 0.715625 0.49375 0.709375 0.4916666671875 0.696875 0.49375 0.6890625 0.5020833328125 0.6859375 0.5104166671875 0.6859375 0.5229166671875001 0.6890625 0.53125 0.6953125 0.5395833328124999
0 0.8109375 0.575 0.8203125 0.5791666671875 0.825 0.5791666671875 0.8328125 0.575 0.840625 0.5645833328125 0.8421875 0.5604166671875 0.8421875 0.54375 0.8390625 0.5354166671875 0.8328125 0.5291666671875 0.828125 0.5270833328125 0.8125 0.5270833328125 0.8046875 0.5354166671875 0.8015625 0.54375 0.8015625 0.5583333328125 0.803125 0.5645833328125 0.8109375 0.575
2 0.459375 0.3583333328125 0.4671875 0.3583333328125 0.471875 0.35625 0.475 0.3479166671875 0.475 0.3333333328125 0.46875 0.3166666671875 0.459375 0.30416666718749996 0.4546875 0.3020833328125 0.4484375 0.3020833328125 0.4421875 0.3083333328125 0.440625 0.3145833328125 0.440625 0.325 0.4484375 0.3458333328125 0.459375 0.3583333328125
2 0.4984375 0.40416666718750005 0.5078125 0.4145833328125 0.5171875 0.4145833328125 0.5203125 0.4125 0.521875 0.41041666718750003 0.5234375 0.40208333281249997 0.521875 0.3875 0.5171875 0.3729166671875 0.5078125 0.3604166671875 0.5015625 0.3583333328125 0.496875 0.3604166671875 0.4921875 0.36666666718749996 0.490625 0.3708333328125 0.490625 0.3875 0.4921875 0.39375 0.4984375 0.40416666718750005
2 0.5546875 0.46666666718750005 0.5640625 0.46666666718750005 0.5734375 0.45416666718750004 0.578125 0.44375 0.5796875 0.4375 0.5796875 0.41875 0.5734375 0.4125 0.56875 0.4125 0.5625 0.4166666671875 0.55625 0.425 0.55 0.43958333281249995 0.5484375 0.45 0.5484375 0.4583333328125 0.55 0.4625 0.5546875 0.46666666718750005
2 0.615625 0.45625 0.6234375 0.45625 0.6296875 0.45 0.6296875 0.43541666718750005 0.628125 0.43125 0.6171875 0.41875 0.603125 0.4125 0.596875 0.4145833328125 0.5921875 0.41875 0.5890625 0.4270833328125 0.5890625 0.43333333281249997 0.6015625 0.45 0.615625 0.45625
2 0.696875 0.30416666718749996 0.7015625 0.30416666718749996 0.7078125 0.3 0.71875 0.28125 0.7234375 0.2666666671875 0.7234375 0.25625 0.71875 0.25 0.709375 0.25 0.696875 0.2604166671875 0.690625 0.27291666718749996 0.6890625 0.28125 0.6890625 0.2958333328125 0.69375 0.3020833328125 0.696875 0.30416666718749996
2 0.43125 0.475 0.4390625 0.475 0.44375 0.47291666718750003 0.446875 0.46875 0.45 0.4583333328125 0.4515625 0.44375 0.4515625 0.43333333281249997 0.45 0.425 0.44375 0.41875 0.434375 0.41875 0.43125 0.42083333281249996 0.428125 0.4270833328125 0.425 0.43541666718750005 0.425 0.46458333281249997 0.4265625 0.47083333281249995 0.43125 0.475
2 0.434375 0.5354166671875 0.4390625 0.5375 0.446875 0.5354166671875 0.4515625 0.5291666671875 0.4546875 0.5166666671875 0.4546875 0.5 0.45 0.48333333281249996 0.4421875 0.4770833328125 0.4359375 0.4770833328125 0.4328125 0.48125 0.4296875 0.49375 0.428125 0.5020833328125 0.428125 0.51875 0.43125 0.53125 0.434375 0.5354166671875
2 0.7 0.6395833328125 0.7078125 0.6416666671875 0.7171875 0.6416666671875 0.725 0.6395833328125 0.7296875 0.6354166671875 0.7328125 0.6291666671875 0.7328125 0.6208333328125 0.73125 0.6166666671875001 0.7265625 0.6104166671875 0.721875 0.6083333328125 0.7015625 0.6083333328125 0.69375 0.6125 0.6890625 0.61875 0.6890625 0.6270833328125 0.6921875 0.6333333328124999 0.7 0.6395833328125
1 0.6859375 0.27291666718749996 0.69375 0.2625 0.69375 0.2520833328125 0.6875 0.24583333281250003 0.6609375 0.24583333281250003 0.6453125 0.2479166671875 0.640625 0.25 0.6375 0.2541666671875 0.6359375 0.2666666671875 0.6421875 0.2770833328125 0.665625 0.2770833328125 0.6859375 0.27291666718749996
1 0.6578125 0.43958333281249995 0.6953125 0.4145833328125 0.6984375 0.41041666718750003 0.6984375 0.3958333328125 0.6921875 0.3895833328125 0.6875 0.3895833328125 0.65 0.4125 0.6453125 0.41875 0.6453125 0.43125 0.65 0.43958333281249995 0.6578125 0.43958333281249995
1 0.7765625 0.41041666718750003 0.79375 0.41041666718750003 0.7984375 0.40416666718750005 0.7984375 0.39375 0.796875 0.3895833328125 0.790625 0.38333333281250004 0.778125 0.3770833328125 0.7578125 0.3708333328125 0.7453125 0.3708333328125 0.7421875 0.3729166671875 0.7390625 0.3770833328125 0.7390625 0.3916666671875 0.7484375 0.4 0.7765625 0.41041666718750003
1 0.7375 0.48125 0.74375 0.4270833328125 0.7421875 0.41875 0.7375 0.4125 0.728125 0.4125 0.7234375 0.4166666671875 0.7203125 0.43125 0.71875 0.45208333281249996 0.7171875 0.48125 0.721875 0.4895833328125 0.7328125 0.4895833328125 0.7375 0.48125
1 0.7578125 0.5708333328124999 0.7640625 0.5604166671875 0.76875 0.5041666671875 0.7625 0.49375 0.753125 0.49375 0.7484375 0.5 0.7453125 0.5166666671875 0.7421875 0.54375 0.7421875 0.5645833328125 0.7484375 0.5708333328124999 0.7578125 0.5708333328124999
1 0.890625 0.2625 0.89375 0.2541666671875 0.890625 0.2416666671875 0.884375 0.2375 0.8703125 0.2375 0.8421875 0.2416666671875 0.834375 0.25 0.8328125 0.25833333281250004 0.8390625 0.26875 0.86875 0.26875 0.890625 0.2625
1 0.921875 0.4479166671875 0.93125 0.4479166671875 0.9359375 0.44166666718750003 0.9390625 0.41875 0.940625 0.40416666718750005 0.940625 0.3854166671875 0.9390625 0.3770833328125 0.9328125 0.36875 0.9234375 0.36875 0.9171875 0.375 0.915625 0.38125 0.915625 0.43541666718750005 0.9171875 0.44166666718750003 0.921875 0.4479166671875
1 0.6296875 0.56875 0.634375 0.5625 0.634375 0.55 0.6234375 0.5333333328125 0.5984375 0.5083333328124999 0.590625 0.5083333328124999 0.5859375 0.5125 0.584375 0.5270833328125 0.5875 0.5333333328125 0.61875 0.56875 0.6296875 0.56875