0 0.5604761296875 0.2910233140625 0.5682895484375 0.28053875 0.56983220625 0.2742397109375 0.5697821390625 0.2637343921875 0.5681794 0.2574270515625 0.56183854375 0.24690513125 0.5586831359375 0.244795765625 0.5429561609375 0.244754259375 0.5398207796875 0.2468470203125 0.5351327296874999 0.253137759375 0.532047415625 0.265735840625 0.5320774546875 0.27203902812499997 0.5368656421875 0.2867589265625 0.5447591703125 0.293082871875 0.5573407484375 0.2931160765625 0.5604761296875 0.2910233140625
0 0.57549156875 0.4717521359375 0.5801996468749999 0.46966352499999997 0.588013065625 0.4591789609375 0.589565734375 0.454980984375 0.58951566875 0.444475665625 0.5879029171875 0.43606726093750003 0.5815620609375001 0.4255453421875 0.573678546875 0.42132245937499996 0.5673877578125001 0.42130585781249996 0.559544296875 0.42548723125 0.554856246875 0.43177796874999996 0.5517709328125 0.4443760484375 0.5518109859375 0.45278030312500006 0.5534137234375 0.4590876453125 0.561327278125 0.469613715625 0.566055384375 0.47172723281250006 0.57549156875 0.4717521359375
0 0.4108890609375 0.5826726812499999 0.4218779140625 0.5784996062500001 0.42656596562500004 0.57220886875 0.42967130625000005 0.5638129171874999 0.4296012125 0.549105471875 0.42641576406250004 0.5406929171875 0.42166763124999995 0.5343772734375001 0.4169395265625 0.53226375625 0.40593064375 0.532234703125 0.401222565625 0.5343233140625 0.3949718296875 0.5427109671875 0.3918664890625 0.5511069187500001 0.391926571875 0.5637133015625 0.3935293078125 0.570020640625 0.4014428625 0.5805467109375 0.404598271875 0.5826560781250001 0.4108890609375 0.5826726812499999
0 0.3619051328125 0.5342195453125 0.3729140140625 0.5342486 0.37604939375 0.5321558390625001 0.3838628125 0.5216712734375 0.3854154828125 0.5174732984375 0.3869381140625 0.5069721328125001 0.38533537500000004 0.5006647890625 0.38374264999999996 0.4964585140625 0.375829096875 0.4859324421875 0.36952829375 0.48381477500000003 0.36009210937499997 0.483789871875 0.35069598125 0.49216922187499995 0.34758062500000003 0.49846410937499996 0.34606800937500004 0.5110663390625 0.3476807609375 0.5194747453125 0.35244892031249997 0.5299925156249999 0.355604328125 0.5321018796875 0.3619051328125 0.5342195453125
0 0.3460179421875 0.5005610218750001 0.3569467140625 0.48378156875 0.3584793578125 0.47538146562500005 0.35685659375 0.4648719953125 0.348933025 0.4522448625 0.3457776171875 0.4501354984375 0.3379041171875 0.44801368124999996 0.3300506453125 0.450093990625 0.3222272109375 0.458477490625 0.31912186875000004 0.46687344375000006 0.3175992390625 0.4773746109375 0.3223774140625 0.48999344375 0.33028095468749996 0.49841845156250003 0.33500905937500003 0.5005319671875 0.3460179421875 0.5005610218750001
0 0.2375118359375 0.5023756890625 0.245355296875 0.4981943140625 0.2515960171875 0.48770559999999996 0.25307859375 0.46880017812499997 0.25147585625 0.4624928375 0.248300421875 0.4561813453125 0.23726149843750002 0.44984909999999995 0.23097070937500003 0.44983249687500004 0.2215545515625 0.45400971874999996 0.215303815625 0.462397371875 0.213761159375 0.468696409375 0.21384126874999998 0.48550491874999996 0.2154339921875 0.489711196875 0.220182125 0.496026840625 0.22807565312500003 0.502350784375 0.2375118359375 0.5023756890625
0 0.2251105 0.5401616265625 0.22979855312500003 0.5338708875 0.23290389218750002 0.525474934375 0.2328438109375 0.512868553125 0.2312510875 0.5086622765625 0.22492024375000003 0.50024141875 0.2170267171875 0.49391747343750003 0.20444513749999998 0.49388426875 0.19817437499999999 0.49806979218749997 0.1934963375 0.5064615953125 0.1919536796875 0.5127606359375 0.1920237734375 0.5274680796875 0.196791934375 0.53798585 0.2046854625 0.5443097921875 0.21883973750000002 0.54434715 0.2251105 0.5401616265625
0 0.2944593859375 0.5718602109375001 0.2912739390625 0.5634476562499999 0.283370396875 0.555022646875 0.269216121875 0.5549852890625 0.259809978125 0.5612635765625 0.2551419546875 0.57175644375 0.2552220609375 0.5885649500000001 0.259990221875 0.599082721875 0.269456446875 0.605410815625 0.28046532812499997 0.6054398703125 0.2882987734375 0.599157434375 0.29452948125 0.5865676546875 0.2944593859375 0.5718602109375001
1 0.5531934265625 0.412864246875 0.5514605140625 0.37924307968750004 0.5451296703125 0.3708222234375 0.5372661828124999 0.37080146875 0.5325681171875 0.37499114375000003 0.5310354734375 0.3833912484375 0.53123574375 0.42541251874999997 0.5328885484375 0.4422251765625 0.5376466953125 0.45064188281249995 0.5486555765625 0.4506709390625 0.5517809453125 0.4464771140625 0.5532935625000001 0.43387488125000007 0.5531934265625 0.412864246875
1 0.4396788375 0.3537356171875 0.43650340312499997 0.347424125 0.43176528437500006 0.34320954531250003 0.42861988906250004 0.3432012453125 0.4239118109375 0.3452898546875 0.419233771875 0.3536816578125 0.4161785 0.372582928125 0.41481608437500006 0.4167011125 0.4195642171875 0.4230167546875 0.43057309843749997 0.423045809375 0.4336784390625 0.41464985781249997 0.43974893281250005 0.3684430609375 0.4396788375 0.3537356171875
1 0.389733034375 0.433443209375 0.392848390625 0.42714831875000003 0.391065409375 0.3830218359375 0.3878198796875 0.362002896875 0.38465445625 0.35779246875 0.38149905 0.35568310468750003 0.3752082578125 0.3556665015625 0.3689475109375 0.3619530890625 0.36739483906250003 0.366151065625 0.3674749484375 0.382959575 0.37237328281250004 0.4207911703125 0.3755687453125 0.43130478906249997 0.3818795625 0.43552351875 0.389733034375 0.433443209375
1 0.3221370890625 0.43956792031249997 0.31738895624999997 0.4332522765625 0.314233546875 0.4311429109375 0.30794275781249997 0.431126309375 0.301682009375 0.437412896875 0.29404883437499996 0.48571660625 0.2941389546875 0.5046261765625 0.3036051796875 0.510954271875 0.308313259375 0.5088656609375 0.31300130937500004 0.502574921875 0.316086625 0.4899768421875 0.3222071828125 0.4542753640625 0.3221370890625 0.43956792031249997
1 0.17653770156249998 0.2479892703125 0.1765076625 0.24168608125 0.1733322265625 0.235374590625 0.167021409375 0.231155859375 0.1245385515625 0.22684166249999999 0.11983047656250001 0.2289302734375 0.11516245 0.23942313906249998 0.115182478125 0.24362526718750002 0.1199406234375 0.2520419734375 0.126241428125 0.254159640625 0.1419884265625 0.258403275 0.16872428281250001 0.2584738375 0.17498503125 0.25218724843749996 0.17653770156249998 0.2479892703125
2 0.5819325609375 0.5032846921874999 0.58348523125 0.49908671406250005 0.583445175 0.49068246249999997 0.5818524515625 0.486476184375 0.5786870296875 0.4822657546875 0.5598146625 0.48221594687499997 0.5488358203125 0.48849008281249995 0.542575071875 0.49477667187499996 0.53946973125 0.503172621875 0.5394897578125 0.5073747515625 0.5426852203125 0.5178883703125 0.5458406296875 0.5199977359375 0.561567603125 0.5200392421875 0.570983759375 0.51586201875 0.5819325609375 0.5032846921874999
2 0.5171615765625 0.44218366875 0.513976128125 0.4337711140625 0.509238009375 0.4295565359375 0.4856475484375 0.42949427656249994 0.47937678593750005 0.4336797984375 0.47625141718749997 0.4378736265625 0.473146078125 0.446269578125 0.4731761171875 0.45257276874999997 0.479516975 0.463094690625 0.5015347375 0.46315280000000003 0.512513578125 0.45687866250000003 0.515638946875 0.4526848375 0.5171615765625 0.44218366875
2 0.3824102796875 0.5468798875 0.37449672343749996 0.536353815625 0.35089625 0.534190490625 0.3477608671875 0.5362832531249999 0.339937434375 0.5446667546875 0.3384047921875 0.553066859375 0.3400075296875 0.5593741999999999 0.3479110703125 0.56779920625 0.3526391765625 0.569912721875 0.36522075468750004 0.569945928125 0.376209609375 0.56577285625 0.38246034687499997 0.5573852046875001 0.3824102796875 0.5468798875
2 0.2955714640625 0.4752154375 0.3001593796875 0.4479140640625 0.30009929999999996 0.43530768125 0.2969238625 0.42899619062500005 0.28903033749999996 0.42267224687500005 0.2843122453125 0.42265979375 0.276468784375 0.42684116875000006 0.2733634421875 0.4352371203125 0.2718408140625 0.44573828750000005 0.2719008953125 0.45834466875 0.27828180625 0.47727084218750004 0.2830399515625 0.4856875515625 0.2893207296875 0.48360308906249994 0.29401879218750004 0.47941341406250004 0.2955714640625 0.4752154375
2 0.28271952031250003 0.418453515625 0.2825993578125 0.39324075468749997 0.2810066328125 0.389034475 0.274685803125 0.3827146828125 0.2683950140625 0.3826980796875 0.26057158125 0.3910815796875 0.2543508859375 0.40577242187499996 0.2528182421875 0.41417252656250003 0.2528783234375 0.42677890781250005 0.2560737859375 0.43729252656249995 0.2592291953125 0.439401890625 0.26709268124999996 0.4394226453125 0.27022806250000003 0.43732988281249996 0.28271952031250003 0.418453515625
2 0.2847127859375 0.5067023359375 0.28466271718749997 0.49619701875000005 0.2830599796875 0.48988967656250004 0.27668908124999997 0.4730645671875 0.2703582390625 0.46464370781250003 0.26720282968750003 0.4625343453125 0.2577666453125 0.462509440625 0.25463126406250003 0.4646022 0.25309862031249997 0.4730023046875 0.2531787296875 0.48981081406250004 0.26746318125 0.5171619953125 0.2784720625 0.51719105 0.283170128125 0.5130013765625 0.2847127859375 0.5067023359375
2 0.11375940625 0.604999896875 0.1184374453125 0.5966080953125 0.1184074046875 0.5903049031250001 0.115201928125 0.5776902203125001 0.10253022812499998 0.55874744375 0.0946467125 0.5545245624999999 0.08363783281250001 0.55449550625 0.077377084375 0.5607820953125 0.0758244140625 0.5649800734375 0.07587448125 0.575485390625 0.0806526546875 0.5881042234375 0.09014891875 0.6007355078125001 0.10434324843750001 0.60917711875 0.10748864375 0.609185421875 0.11375940625 0.604999896875
1 0.453421984375 0.5974921953125001 0.45337191718750003 0.5869868765625 0.4517791921875 0.5827805984375 0.4470410734375 0.57856601875 0.42502330937500005 0.5785079093750001 0.404598271875 0.5826560781250001 0.3998901921875 0.5847446890625 0.396764825 0.5889385140625001 0.395212153125 0.593136490625 0.39526222187500004 0.6036418078125 0.4031657625 0.612066815625 0.4440358671875 0.6079726078125 0.44874394687499997 0.6058839953125 0.453421984375 0.5974921953125001
2 0.3040463515625 0.273538240625 0.311879796875 0.2672558046875 0.3134324671875 0.263057828125 0.3134024265625 0.2567546375 0.3118097015625 0.25254835781249996 0.3038961484375 0.24202228906249998 0.2975853296875 0.23780355625 0.2787129625 0.2377537484375 0.2724422 0.24193927343750002 0.2693168328125 0.2461331 0.2677741765625 0.25243214062499997 0.2693869265625 0.26084054375 0.274135059375 0.26715618750000003 0.28517398125 0.2734884328125 0.297765575 0.2756227015625 0.3040463515625 0.273538240625
1 0.45979288125 0.6143173046875 0.4550447484375 0.6080016625 0.4440358671875 0.6079726078125 0.4063211703125 0.6141761796874999 0.4032058171875 0.6204710718750001 0.40325588437500004 0.6309763890625 0.40642130625000006 0.6351868171875 0.43002178124999996 0.637350140625 0.455174925 0.6353154875 0.46143567343749997 0.6290289015625 0.46138560625 0.6185235828125 0.45979288125 0.6143173046875
1 0.0940358890625 0.4263596859375 0.0937855515625 0.373833096875 0.0921828140625 0.36752575625 0.085861984375 0.3612059609375 0.077998496875 0.361185209375 0.0717377484375 0.367471796875 0.0701850796875 0.37166977343749996 0.07033528125 0.40318572656249996 0.0736308765625 0.43470998125 0.0768063140625 0.44102147187499996 0.079961721875 0.44313083750000004 0.0862525125 0.44314744062500006 0.0893878921875 0.441054678125 0.0940358890625 0.4263596859375