0 0.68236200625 0.50728501875 0.6869348515625 0.5062143375 0.6942128171874999 0.5021764578125001 0.699902196875 0.49462081874999997 0.7010187328125 0.4881358578125 0.6997092781250001 0.48299685625000005 0.692517528125 0.473789534375 0.684488375 0.46944593125 0.6694603906250001 0.46751896875 0.655462725 0.47235224843749996 0.6503316124999999 0.4766654078125 0.6467890875 0.4844963296875 0.6491288609375 0.49639557031250003 0.66089345625 0.5045322156250001 0.68236200625 0.50728501875
0 0.6644112234375 0.6242895984375 0.6786018078125 0.63108028125 0.6896152171875001 0.6308354421875 0.69661405 0.628418803125 0.7068762734375 0.61979248125 0.7088302109375 0.6084437984375 0.7075207578125 0.6033047984375 0.70593216875 0.5997870375 0.69818215 0.5938221953125 0.6898738640625 0.591099834375 0.6791395890625 0.5897234328125001 0.66542105625 0.5929354734375 0.6575848234375 0.60021583125 0.6559100203125 0.609943275 0.658808059375 0.6186000359375 0.6644112234375 0.6242895984375
0 0.6509513390625 0.587766028125 0.6681261796875 0.5899682703125 0.6821238453125 0.58513499375 0.687534090625 0.579200590625 0.689488028125 0.5678519093750001 0.688178575 0.562712909375 0.6807076890625 0.5551268265625 0.6766931125 0.5529550265625 0.6552245625 0.5502022234374999 0.6457997421874999 0.553964821875 0.6406686296874999 0.5582779828125 0.6376843734375 0.562866421875 0.6362887046875 0.5709726234375 0.6469367625 0.585594228125 0.6509513390625 0.587766028125
0 0.67488685 0.66540160625 0.6847837250000001 0.671641728125 0.6976648546875001 0.6732934109375 0.7065314093749999 0.672773290625 0.7189404890625 0.6644222515625 0.7219247453125 0.659833809375 0.7217318265625 0.64820985 0.7182755171874999 0.6427955671875 0.7105254999999999 0.6368307265625 0.70436406875 0.6343836453125 0.6914829375 0.6327319625000001 0.68233725 0.634873321875 0.669928171875 0.6432243625 0.6682533687500001 0.652951803125 0.6695628218749999 0.658090803125 0.67488685 0.66540160625
0 0.5661894015625 0.735972525 0.58336424375 0.7381747671875 0.5925099296874999 0.736033409375 0.599787896875 0.731995528125 0.6063146781250001 0.71957616875 0.6018280515625001 0.70740164375 0.5962248859375 0.701712084375 0.588195734375 0.6973684796875 0.5731677484375 0.69544151875 0.5588909484375 0.7018960375 0.553480703125 0.7078304375 0.5518059 0.7175578812500001 0.554703940625 0.7262146421875 0.5621748249999999 0.733800725 0.5661894015625 0.735972525
0 0.4990786265625 0.7306813140624999 0.5071077796875 0.7350249171875001 0.5199889109375 0.7366766 0.53855941875 0.7307726421875 0.5442487984375 0.723217 0.545365334375 0.7167320390625 0.5424672937499999 0.708075278125 0.5390109859375001 0.7026609953125 0.5349964093749999 0.70048919375 0.5245412671875 0.697491553125 0.5095132812500001 0.6955645890625 0.497662471875 0.70067315 0.491973090625 0.708228790625 0.49057742187500003 0.7163349921875 0.49188687656249996 0.7214739921875 0.4990786265625 0.7306813140624999
0 0.44759934843750004 0.6346006515625 0.45646590312499996 0.6340805328125 0.468595846875 0.62735073125 0.47130097031249996 0.6243835328125 0.473813175 0.6097923703125 0.470636 0.60275685 0.460739125 0.5965167250000001 0.4481371296875 0.5932438046875 0.43227174375 0.5961805625000001 0.421730384375 0.6064281234375 0.42005558125000003 0.6161555640625 0.42164417031249996 0.619673325 0.42696819843749995 0.6269841265625 0.4368650734375 0.6332242484374999 0.44759934843750004 0.6346006515625
0 0.49075412500000004 0.524141915625 0.4923427125 0.527659678125 0.4979458765625 0.5333492390625 0.5059750281250001 0.537692840625 0.52314986875 0.539895084375 0.5277227124999999 0.5388244046875 0.53985265625 0.5320946046875 0.5428369140625 0.527506165625 0.5445117171875 0.517778721875 0.5413345421875 0.5107432000000001 0.5375991 0.506950159375 0.5295699468749999 0.5026065578125001 0.51239510625 0.5004043140625 0.5032494187500001 0.5025456734375 0.49839744062499997 0.50523759375 0.49298719531249996 0.51117199375 0.49075412500000004 0.524141915625
1 0.6548797000000001 0.6031830328125001 0.6365678375 0.569351384375 0.6328323953125 0.56555834375 0.62881781875 0.5633865421875 0.61808354375 0.5620101390625 0.610805575 0.56604801875 0.6091307734375 0.5757754625 0.623428059375 0.607435309375 0.6287520890625 0.6147461109375 0.6365021078125 0.6207109546875 0.645089528125 0.621812075 0.6545143515625 0.6180494750000001 0.6548797000000001 0.6031830328125001
1 0.550668878125 0.6859284734375 0.5434771281249999 0.6767211515625 0.510888465625 0.649344021875 0.5068738875000001 0.6471722203125 0.49613961250000005 0.64579581875 0.49156676875 0.6468665 0.486156525 0.6528008984375 0.48877543125 0.663078903125 0.520526690625 0.6953197531249999 0.5349964093749999 0.70048919375 0.541716109375 0.6996937953125 0.548994075 0.6956559171875 0.550668878125 0.6859284734375
1 0.69036213125 0.8049195921875001 0.6949349765624999 0.8038489140625 0.7000660890625 0.7995357546874999 0.70629325 0.750623265625 0.702836940625 0.7452089843749999 0.6988223640625 0.7430371828125 0.6880880875 0.74166078125 0.6835152453125 0.7427314609375 0.6783841328125 0.747044621875 0.671492003125 0.7743304265625001 0.6724361062499999 0.79433586875 0.6740246937500001 0.79785363125 0.6817747109375001 0.8038184718749999 0.69036213125 0.8049195921875001
1 0.49210028125000005 0.771212321875 0.49349594999999996 0.7631061203125 0.4900396390625 0.7576918390625 0.486025065625 0.7555200390625 0.4709970796875 0.7535930765625001 0.4269434421875 0.7545724296875 0.4153717671875 0.7580597499999999 0.4126666421875 0.76102695 0.41099183906250003 0.7707543921875 0.4163158703125 0.7780651953125 0.43134385625 0.77999215625 0.48024946875 0.77632088125 0.49210028125000005 0.771212321875
1 0.6826940578125 0.9514122203125 0.6908094265625 0.9425106187500001 0.6886420875 0.9041209703125 0.6873326328125 0.8989819718750001 0.683597190625 0.8951889281250001 0.6795826140625 0.8930171281250001 0.6688483390625 0.8916407281250001 0.6615703703125 0.8956786078125001 0.65830698125 0.9018882874999999 0.655236509375 0.91972193125 0.6574900671874999 0.9448663765624999 0.6646818171875 0.954073696875 0.6754160921875 0.9554501 0.6826940578125 0.9514122203125
1 0.5364492671875001 0.9724287640625 0.5381240703125 0.9627013234374999 0.5346677625 0.957287040625 0.532800040625 0.955390521875 0.47698180937499995 0.9482332343750001 0.46139555468750004 0.9495487515625 0.4565435765625 0.9522406703125 0.4548687734375 0.9619681124999999 0.45860421718750005 0.965761153125 0.4647656484375 0.968208234375 0.494542484375 0.9736834 0.5270244453124999 0.976191365625 0.5364492671875001 0.9724287640625
1 0.3552436078125 0.5465348624999999 0.3472144546875 0.5421912609375 0.3364801796875 0.5408148609375 0.3294813453125 0.5432315 0.326497090625 0.5478199390625 0.322503 0.58376250625 0.322416784375 0.5970077078125 0.3261522265625 0.6008007484375 0.34118021249999997 0.6027277125 0.34873731406249997 0.59706859375 0.3565530625 0.5516738640625001 0.3552436078125 0.5465348624999999
1 0.3081766875 0.8453936328125 0.30714636875 0.838633390625 0.303410925 0.83484035 0.29566090625 0.8288755078125 0.289220340625 0.8280496656249999 0.284647496875 0.829120346875 0.277090396875 0.834779465625 0.2701120515625 0.8753104734375 0.2721726890625 0.8888309546875 0.278334121875 0.8912780375 0.291494384375 0.8913084796874999 0.30091920625 0.8875458796875 0.3081766875 0.8453936328125
2 0.7119621406250001 0.7049532578125 0.7120483578125001 0.69170805625 0.7094294515625 0.6814300531249999 0.7056940078125 0.6776370125 0.6906660234374999 0.67571005 0.6806829343749999 0.6827151296875 0.6776986765624999 0.6873035703125 0.6727604828125 0.7032406921875001 0.6737908015625 0.710000934375 0.6791148312499999 0.7173117359375001 0.69414281875 0.7192386984375 0.6987156609375 0.7181680203125 0.7119621406250001 0.7049532578125
2 0.626707665625 0.805042665625 0.639588796875 0.8066943484375001 0.6562915859375 0.79889386875 0.667112075 0.7870250671875 0.6685077453125 0.7789188671875 0.6671982921875 0.773779865625 0.661595128125 0.7680903046875 0.6554336968750001 0.765643221875 0.6465671421875 0.766163340625 0.6419943 0.7672340203125 0.6298643546875 0.7739638203125 0.6190438625 0.785832621875 0.6173690609375 0.7955600625 0.622693090625 0.8028708640625 0.626707665625 0.805042665625
2 0.5439901500000001 0.7629526078125 0.558546084375 0.7548768484374999 0.5618094765625 0.7486671671875 0.56236774375 0.7454246859375 0.5573228484375 0.73649264375 0.553308271875 0.7343208421874999 0.5404271421875 0.7326691609375 0.5175629203125001 0.7380225593749999 0.5127109437499999 0.7407144796875 0.504595575 0.7496160796875 0.5029207718750001 0.7593435203125 0.50880306875 0.7634118421875 0.528124765625 0.765889365625 0.5439901500000001 0.7629526078125
2 0.3927209515625 0.8131514765625001 0.3978520625 0.808838315625 0.399526865625 0.799110875 0.39130479375 0.7831433125 0.3779516125 0.7714889078125 0.37393703437500003 0.76931710625 0.36320276093750004 0.7679407031250001 0.3586299171875 0.7690113843749999 0.3534988046875 0.7733245453125 0.3515448671875 0.7846732265624999 0.3581783515625 0.7971230296875 0.37125240000000004 0.8103986734375 0.381707540625 0.8133963156249999 0.3927209515625 0.8131514765625001
2 0.4980525765625 0.5582184031249999 0.5056096765625 0.552559284375 0.5035490390625 0.5390388015625 0.49953446250000005 0.536867 0.46733163749999995 0.53273779375 0.45090798125 0.5389170328125 0.44577687031249996 0.54323019375 0.4446603359375 0.5497151546875 0.44811664375 0.5551294375 0.4521312203125 0.5573012375 0.4778934796875 0.5606046015625 0.493479734375 0.559289084375 0.4980525765625 0.5582184031249999
2 0.32614795625 0.766503421875 0.33183733593750003 0.758947778125 0.3327609546875 0.7408388546875 0.3301420453125 0.7305608546875 0.324818015625 0.7232500515625 0.3208034421875 0.7210782499999999 0.310069165625 0.7197018500000001 0.300086075 0.7267069296875001 0.2972947359375 0.7429193328125 0.29832505625 0.749679575 0.30150223125000003 0.7567150953125 0.31084083749999997 0.7661976968750001 0.32157511250000004 0.7675741 0.32614795625 0.766503421875
2 0.33971454375 0.827896153125 0.3384050890625 0.8227571515625 0.3250519078125 0.8111027484375001 0.3130081796875 0.8045873453124999 0.2958333390625 0.802385103125 0.2885553703125 0.8064229828125 0.285012846875 0.8142539031249999 0.29005774375 0.8231859453125001 0.2993963484375 0.8326685484375 0.3135869328125 0.83945923125 0.330761771875 0.8416614750000001 0.338318875 0.8360023546875001 0.33971454375 0.827896153125
2 0.2952503140625 0.9332158875 0.3054263203125 0.9378347687499999 0.31588146250000004 0.9408324125 0.3354822921875 0.94168869375 0.342201990625 0.9408932953125 0.34947995781249996 0.936855415625 0.3524642140625 0.9322669749999999 0.3538598828125 0.9241607734375 0.3504035765625 0.9187464921874999 0.336212990625 0.9119558078125 0.3083038765625 0.9083771640625 0.3015841765625 0.9091725625 0.29188022187499996 0.914556403125 0.2891750984375 0.917523603125 0.2880585625 0.9240085640625001 0.2952503140625 0.9332158875