0 0.2969712953125 0.5915268984375001 0.2938994828125 0.5850734937500001 0.2887886484375 0.58057809375 0.276941075 0.5769098609375 0.25673086093749997 0.5793913640625 0.248161659375 0.5838588171875 0.244083615625 0.587774825 0.2406252484375 0.596737678125 0.2418645984375 0.60683136875 0.2471819890625 0.6130090499999999 0.2520862640625 0.6158221671875 0.25923611874999997 0.6183595640624999 0.27291615468749997 0.618387509375 0.2816919140625 0.6156023390625001 0.2941326015625 0.6055365953125 0.29759097031250004 0.5965737421874999 0.2969712953125 0.5915268984375001
0 0.372928515625 0.44900430937499997 0.368230796875 0.44787347187500004 0.35475732031249996 0.44952780625 0.34822714062500004 0.45203725625 0.33986449687500003 0.4581869921875 0.33436710625 0.4691078484375 0.33519333906250004 0.475836975 0.340717290625 0.4836969390625 0.3527714203125 0.48904745156249996 0.375227215625 0.48629022656250004 0.379511815625 0.4840565 0.3897069234375 0.4742664796875 0.3878478984375 0.45912594687499997 0.3851892046875 0.4560371046875 0.372928515625 0.44900430937499997
0 0.3242988765625 0.42423769062499994 0.3120381890625 0.41720489531249993 0.302642753125 0.41494322187500005 0.293660434375 0.41604611093750005 0.2871302546875 0.4185555609375 0.2765220328125 0.4249810171875 0.2728571046875 0.4322615890625 0.2716443171875 0.4409487203125 0.2747161296875 0.44740212343749997 0.2847312375 0.4547106421875 0.28942895625 0.4558414796875 0.2963722515625 0.45669659218750003 0.30760014999999996 0.4553179796875 0.31413033125 0.45280853125 0.3265710171875 0.4427427875 0.3242988765625 0.42423769062499994
0 0.3612343796875 0.40945671875 0.34326974374999997 0.4116624984375 0.3367395625 0.4141719484375 0.32858347656250003 0.4220039640625 0.32716412968749997 0.42900881249999995 0.331062175 0.44219134374999997 0.3433228640625 0.44922413906249997 0.3502661625 0.4500792515625 0.37026981875 0.44591546875 0.3784259046875 0.43808345312499997 0.3818842734375 0.42912059999999996 0.37574064687500003 0.4162137921875 0.365932096875 0.41058755468749997 0.3612343796875 0.40945671875
0 0.4521553296875 0.7415294265625 0.451329096875 0.7348003000000001 0.4458051453125 0.7269403375 0.4335444578125 0.71990754375 0.4266011609375 0.719052428125 0.4153732625 0.7204310406250001 0.40884308125 0.722940490625 0.398647975 0.732730509375 0.3968155140625 0.736370796875 0.3951896078125 0.7416933625000001 0.3964289578125 0.7517870531249999 0.39929421249999997 0.756558175 0.4068571828125 0.762460134375 0.418498196875 0.7644460859375 0.43197167500000005 0.76279175 0.44054087500000005 0.7583242968749999 0.44869696093749994 0.7504922796875 0.4521553296875 0.7415294265625
0 0.46289635625000003 0.8290080718749999 0.4573724046875 0.8211481078125 0.44756385468750004 0.8155218718749999 0.43816842031250003 0.8132602 0.429186103125 0.8143630890625 0.422655921875 0.8168725374999999 0.41225425624999995 0.8249802765625001 0.40655030937500003 0.8342188515625001 0.40799621718749995 0.845994821875 0.41352016562499994 0.8538547859375001 0.42332871875 0.859481021875 0.43027201406250004 0.8603361375 0.44374549218750003 0.8586818015625 0.45231469375 0.85421435 0.4623032421875 0.842742046875 0.463929146875 0.8374194796875001 0.46289635625000003 0.8290080718749999
0 0.6448886125 0.73323355 0.6354931781250001 0.7309718765625 0.6152829625 0.7334533796875 0.6091658984375 0.7393273921875 0.6020426046875 0.755570815625 0.608186228125 0.7684776234374999 0.6155426421875 0.7726973015625 0.6249380765625 0.774958975 0.6406571343749999 0.7730289171875 0.6492263359375 0.7685614640625 0.655136840625 0.7610051703125 0.6585952093749999 0.752042315625 0.6551102796875 0.7422243500000001 0.6497928875000001 0.73604666875 0.6448886125 0.73323355
0 0.6368328421875 0.6676245656249999 0.6274374093749999 0.66536289375 0.6137573734374999 0.665334946875 0.6049816140625001 0.66812011875 0.59661896875 0.674269853125 0.59295404375 0.681550425 0.5948130671875 0.6966909593749999 0.605034734375 0.705681759375 0.61443016875 0.7079434328125 0.63239480625 0.7057376515625 0.643003028125 0.6993121953125 0.648706975 0.69007361875 0.6474676265625 0.6799799296875 0.644602371875 0.6752088078125 0.6368328421875 0.6676245656249999
1 0.366224265625 0.617176578125 0.357241946875 0.6182794671875 0.3529573453125 0.62051319375 0.347046840625 0.6280694875 0.347666515625 0.6331163328125 0.36834296875 0.6715610328125 0.375905940625 0.6774629921875001 0.3895859765625 0.6774909390625 0.39794861875 0.6713412046875 0.399574525 0.6660186375 0.39567647968749997 0.6528361078125 0.3899459703125 0.6432938625 0.3733741203125 0.6197139734375 0.366224265625 0.617176578125
1 0.2369809546875 0.4742347890625 0.22841175156250001 0.47870224375000003 0.226579290625 0.48234252812499995 0.23174324531249998 0.52439956875 0.235021615625 0.5325352546875 0.244623609375 0.536479209375 0.25360592656250003 0.53537631875 0.2619685703125 0.529226584375 0.26070265937500003 0.500352075 0.2557718234375 0.47875813593750005 0.250660990625 0.47426273593749996 0.24371769375 0.473407621875 0.2369809546875 0.4742347890625
1 0.48562653593749994 0.587147028125 0.4619579515625 0.5985913843749999 0.4407415046875 0.6114422984375001 0.437489696875 0.6220874328125 0.44525922500000004 0.6296716734375 0.45893926093750004 0.6296996203125 0.4697540421875 0.62495644375 0.51422595625 0.5972966109375 0.5154387453125 0.5886094796875 0.507875771875 0.5827075203125001 0.49868689687499995 0.58212813125 0.48562653593749994 0.587147028125
1 0.42136345156250005 0.7692172078125 0.3848145046875 0.7685819234375 0.3646042890625 0.771063425 0.3605262453125 0.7749794328124999 0.35869378125 0.7786197203125 0.35972657343750003 0.787031128125 0.36238526875 0.7901199671875 0.3834217171875 0.7943675921875 0.41098834687499997 0.796105765625 0.4379353015625 0.7927970953125001 0.44384580625 0.7852408015625 0.442813015625 0.7768293953125001 0.44015432031249996 0.7737405546875 0.4352500453125 0.770927434375 0.42136345156250005 0.7692172078125
1 0.5991507890625 0.7320188734374999 0.5944530718750001 0.7308880359375001 0.5499545968749999 0.73976705 0.5301574984374999 0.745613115625 0.5217948546875 0.7517628515625 0.5205820671875 0.7604499796875 0.5258994593749999 0.7666276625 0.53529489375 0.7688893359375 0.5620352890625 0.763898384375 0.5973448859375 0.7544399796875 0.6016294875 0.7522062515625 0.605500971875 0.7466079624999999 0.604261621875 0.736514271875 0.5991507890625 0.7320188734374999
1 0.5026971125 0.818998221875 0.4896367515625 0.8240171203125 0.4857652671875 0.8296154093749999 0.486798059375 0.8380268171875 0.49436102968749995 0.8439287765625 0.5572372578125 0.8362085468749999 0.5660130171875 0.8334233765624999 0.5721300796875 0.8275493624999999 0.5737559859375 0.8222267953125 0.5680254765625 0.81268455 0.560875621875 0.8101471546875001 0.5026971125 0.818998221875
1 0.58746258125 0.8410355624999999 0.5737825453125 0.8410076156249999 0.5358142531250001 0.8473771796875 0.511732553125 0.855456971875 0.508067625 0.8627375421875 0.5086873 0.8677843890625001 0.51400469375 0.8739620703125001 0.518702409375 0.8750929078125 0.5703507390625 0.8687512890625 0.5858632375 0.8651389500000001 0.592186859375 0.86094721875 0.5958517859375 0.8536666468749999 0.5952321109375001 0.848619803125 0.58746258125 0.8410355624999999
1 0.4440139484375 0.471013703125 0.449331340625 0.477191384375 0.471194021875 0.4881681359375 0.504491159375 0.49944855468749993 0.5222492375 0.49556049375000005 0.5232554671874999 0.48519108125 0.5130338 0.47620028124999997 0.4650238375 0.45648050781249994 0.4537959390625 0.4578591203125 0.44747231562499995 0.46205084999999996 0.4440139484375 0.471013703125
2 0.4412755703125 0.4115824015625 0.4339191578125 0.40736272500000004 0.41982600468750003 0.40397021562499996 0.4061459703125 0.40394226875 0.3926724921875 0.40559660312499995 0.3861423125 0.40810605312500003 0.3802318078125 0.41566234687500003 0.38085148125 0.42070919062499995 0.383716734375 0.42548031249999996 0.39352528750000004 0.43110655 0.40516630156250005 0.4330925 0.4188463359375 0.4331204484375 0.4345653921875 0.43119039062500003 0.44313459374999997 0.42672293593750005 0.44496705781249996 0.4230826515625 0.444140825 0.416353525 0.4412755703125 0.4115824015625
2 0.5700998359375 0.4025953453125 0.5611175187499999 0.4036982359375 0.555000453125 0.4095722484375 0.5521617609375 0.423581946875 0.5538142265625 0.43704020000000005 0.5593381765625 0.44490016250000003 0.5666945906249999 0.44911983906249997 0.57139230625 0.4502506765625 0.578129046875 0.44942350937500003 0.5844526671875 0.445231778125 0.5895369406250001 0.4309463578125 0.5848126625 0.4110347015625 0.574797553125 0.40372618281249995 0.5700998359375 0.4025953453125
2 0.47752357187500005 0.632540684375 0.47078683281249994 0.633367853125 0.46446321093750004 0.6375595828125 0.4585527046875 0.645115878125 0.455300896875 0.6557610109375 0.4577795953125 0.675948390625 0.462890428125 0.6804437921875001 0.46758814531250004 0.6815746265625 0.47657046249999996 0.6804717375 0.48493310625 0.674322003125 0.4922629578125 0.6597608593750001 0.48999081875000006 0.6412557624999999 0.4846734265625 0.6350780796875 0.47752357187500005 0.632540684375
2 0.2642200765625 0.6775151421875 0.2515728328125 0.685898603125 0.2497403703125 0.6895388890625 0.2503600453125 0.694585734375 0.267731565625 0.7061139296875 0.2934657328125 0.7114923906249999 0.3024480515625 0.7103895 0.3128497171875 0.7022817609375 0.3116103671875 0.692188071875 0.30118214062500004 0.681514990625 0.2940322859375 0.6789775953125 0.27544797656250003 0.6761365296874999 0.2642200765625 0.6775151421875
2 0.5352624046875001 0.601544234375 0.526073528125 0.60096484375 0.508108890625 0.6031706234375 0.5015787109375001 0.605680071875 0.4846468671875 0.6162972609375 0.4860927734375 0.6280732312499999 0.49120360781250005 0.6325686328125 0.495901325 0.6336994671875 0.5250938578125 0.630115075 0.5316240390625 0.6276056265625 0.5401932406250001 0.6231381734375 0.5481427671875 0.613623875 0.5477296515625001 0.6102593125 0.542412259375 0.6040816312499999 0.5352624046875001 0.601544234375
2 0.5367614328125 0.6508818468750001 0.5226682828125 0.6474893359375 0.506949225 0.64941939375 0.5004190453125 0.65192884375 0.49634100156249994 0.6558448515624999 0.49492165468750005 0.6628497 0.5004456046875 0.6707096640625 0.51025415625 0.6763359 0.5312906046875 0.6805835234375001 0.5492552421875 0.67837774375 0.5533332828125 0.6744617359375 0.555165746875 0.67082145 0.5543395140625 0.6640923234375 0.546569984375 0.6565080828125 0.5367614328125 0.6508818468750001
2 0.53774703125 0.7702958953125 0.530803734375 0.7694407812499999 0.5128390984375 0.7716465609375 0.5040633390625 0.7744317328125 0.4932485578125 0.7791749078125 0.4850924703125 0.7870069234375 0.483260009375 0.790647209375 0.48429279999999997 0.79905861875 0.49164921250000004 0.8032782953125001 0.50982040625 0.802754796875 0.5275784859375 0.7988667359375 0.54226475 0.7885252703125001 0.5440972140625 0.784884984375 0.5428578640625 0.77479129375 0.53774703125 0.7702958953125
2 0.6525253375 0.6469136890625 0.6484472968749999 0.6508296984374999 0.64356958125 0.6667973984375 0.6505394390625 0.686433334375 0.658102409375 0.69233529375 0.6650457078125 0.6931904062500001 0.6740280249999999 0.692087515625 0.6840165734375 0.6806152156249999 0.6854359203125 0.673610365625 0.6790857375 0.6590212765625 0.67110965 0.6497547531250001 0.6662053734375 0.6469416359375 0.6525253375 0.6469136890625