0 0.646570975 0.7223584515625 0.6459761609375 0.7270053890625 0.65103449375 0.7485844125 0.6536526406250001 0.7525690843749999 0.662101896875 0.7598761656249999 0.6674271734375 0.7610406703125 0.6786725375 0.758722746875 0.6840867953124999 0.7530824109375 0.6879835515625 0.7409683703125001 0.6839368859375 0.7237051515624999 0.6787005921875 0.71573580625 0.6665325390625 0.7069330890625001 0.6536806937499999 0.709582146875 0.650973565625 0.7124023125 0.646570975 0.7223584515625
0 0.46928650625 0.5982870203124999 0.46488391562500003 0.608243159375 0.46530076875 0.6172059015625 0.4678299359375 0.6279954125 0.470953915625 0.6341379890625001 0.47779669062499996 0.6417762015624999 0.4836278 0.645098609375 0.49377251875 0.6452697171875 0.4996926078125 0.6417872874999999 0.5051958453125 0.6293421140625 0.5058796390625 0.6178903359375 0.50385630625 0.609258728125 0.498114178125 0.5991314796875 0.48805844218749994 0.59215553125 0.475206596875 0.5948045890625 0.46928650625 0.5982870203124999
0 0.5461258171875001 0.48065121250000004 0.5443413734375 0.49459202187500007 0.548982853125 0.50720830625 0.55421915 0.5151776515625001 0.558443778125 0.518831190625 0.5642748859375 0.5221536 0.574419603125 0.5223247078125001 0.5852481171874999 0.5110440390625001 0.587032559375 0.49710322968750004 0.583997559375 0.484155815625 0.5745366359374999 0.47253292968749994 0.563380253125 0.468046015625 0.5569543312499999 0.4693705453125 0.5461258171875001 0.48065121250000004
0 0.649034390625 0.5748098859375 0.6473389296875001 0.5819458578125001 0.651891428125 0.6013669796875 0.657127721875 0.609336325 0.66135235 0.6129898640625 0.6687899390625 0.615981140625 0.6800353046875001 0.6136632140625 0.684348915625 0.610511915625 0.688751503125 0.6005557765625 0.6894353 0.5891040000000001 0.6874119656250001 0.580472390625 0.6769393765625 0.5645336999999999 0.6695017890625 0.5615424250000001 0.6550434609375 0.5645226140624999 0.649034390625 0.5748098859375
0 0.79623580625 0.5489926546875 0.787191734375 0.5463325125 0.7807658109375 0.547657040625 0.773745075 0.55362850625 0.769342484375 0.56358464375 0.7686586890625 0.5750364234374999 0.7733001703125 0.5876527031250001 0.7843675734375 0.59894445625 0.7880863687499999 0.6004400953125 0.7934116421875 0.6016046 0.8014440468749999 0.5999489375 0.8073641374999999 0.59646650625 0.812272559375 0.5886682703125 0.8128673750000001 0.584021334375 0.81295635625 0.5772164953125001 0.809415521875 0.562111178125 0.804179228125 0.5541418328125001 0.79623580625 0.5489926546875
0 0.8598112406249999 0.5471991390625 0.859722259375 0.5540039812499999 0.8627572593749999 0.5669513953124999 0.865881240625 0.5730939703125 0.8801616046875 0.5837234578125 0.8930134515624999 0.5810743984375 0.8973270609374999 0.5779231 0.9044367781249999 0.5651467953125 0.9050315921875001 0.56049985625 0.9009849265625001 0.5432366375 0.8899175234375001 0.5319448859375 0.8824799328124999 0.528953609375 0.8680216062499999 0.5319338 0.8653144781250001 0.534753965625 0.8598112406249999 0.5471991390625
0 0.767965246875 0.3421762421875 0.7625509890625 0.347816575 0.758654234375 0.359930615625 0.758565253125 0.36673545625 0.7610944187500001 0.37752496875 0.7642184000000001 0.38366754375 0.7689488609375 0.38947898593749997 0.7784987640625001 0.39429703125 0.7913506109374999 0.39164797500000004 0.7956642203125 0.38849667499999996 0.801673290625 0.37820940468750003 0.80286291875 0.3689155296875 0.7998279203124999 0.35596811562499997 0.794591625 0.3479987703125 0.78614236875 0.34069168906249997 0.7824235734375 0.339196053125 0.767965246875 0.3421762421875
0 0.7041228687500001 0.3643842734375 0.6976079656249999 0.3725136421875 0.6959125046875 0.3796496140625 0.695823521875 0.386454453125 0.6983526890625 0.3972439671875 0.7014766703124999 0.403386540625 0.712038240625 0.412520390625 0.7157570343749999 0.4140160296875 0.7302153609375 0.411035840625 0.736730265625 0.4029064703125 0.738425728125 0.3957704984375 0.7385147078125 0.388965659375 0.734973875 0.37386034375 0.725512953125 0.3622374578125 0.7180753625 0.3592461828125 0.7084364796875 0.36123297656250003 0.7041228687500001 0.3643842734375
1 0.550837871875 0.7737615484375 0.5534560203125001 0.7777462234375 0.5613994421874999 0.7828954015625 0.6074815515624999 0.7711346625 0.609682846875 0.76615659375 0.6092659953124999 0.75719385 0.6061420125 0.7510512765625 0.599805071875 0.745570965625 0.5944797953125 0.7444064609375001 0.5559242578125 0.752353634375 0.5505100015625 0.7579939687499999 0.5488145390625 0.765129940625 0.550837871875 0.7737615484375
1 0.6774780859375 0.645860640625 0.6806020671875 0.652003215625 0.6885454890625 0.6571523953125 0.69657789375 0.6554967328125 0.7224595468749999 0.6365889390625 0.7327822265624999 0.62315036875 0.7318595421875 0.612029725 0.7287355609375 0.60588715 0.7229044515624999 0.602564740625 0.7116590875 0.6048826671875001 0.686283265625 0.6259483640625 0.6781618796875 0.634408865625 0.6774780859375 0.645860640625
1 0.8245905203125 0.6268482484375 0.82720866875 0.630832921875 0.8314332953125 0.6344864625 0.8426786609375 0.6321685375 0.8454747703125 0.6225435296875 0.8429736578125 0.5687670781249999 0.8409503234375 0.5601354703125 0.8319952328125 0.550670484375 0.8207498687499999 0.5529884109375 0.817953759375 0.56261341875 0.81819265 0.5851858390625 0.8210496890625001 0.6117429328124999 0.8245905203125 0.6268482484375
1 0.70195445 0.44853138281250005 0.72560675625 0.477588596875 0.738786475 0.4907071171875 0.7425052703125 0.4922027578125 0.7537506328125 0.48988483125000004 0.75654674375 0.480259825 0.754017578125 0.46947031250000004 0.7513994281249999 0.46548563906249996 0.7245341609375 0.4370906921875 0.711860278125 0.426130071875 0.7038278734375 0.42778573125 0.6989194515625 0.43558396874999994 0.70195445 0.44853138281250005
1 0.672386878125 0.5451125796875 0.6749160437499999 0.555902090625 0.6775341921875 0.5598867624999999 0.6833652984375 0.5632091703125 0.691397703125 0.561553509375 0.7038326968749999 0.5499417109375 0.72067028125 0.528373771875 0.7250728703125 0.51841763125 0.7230495375 0.5097860234375 0.7204313921875001 0.5058013515625001 0.7162067624999999 0.5021478109374999 0.704961396875 0.5044657359375 0.6805972421875001 0.5298472390625 0.672386878125 0.5451125796875
1 0.843652628125 0.435159325 0.8542751265625 0.48047527343749996 0.860939940625 0.5017231671875 0.86516456875 0.5053767078125 0.8742086390624999 0.50803685 0.878522246875 0.5048855515625 0.881824190625 0.4974184484375 0.8814073390624999 0.4884557046875 0.869267340625 0.436666046875 0.8635252109374999 0.42653880156249996 0.8576941031249999 0.4232163921875 0.8496616984375001 0.424872053125 0.8442474421874999 0.4305123875 0.843652628125 0.435159325
1 0.8707239109374999 0.40695765625 0.87063493125 0.4137624953125 0.8777165968749999 0.443973128125 0.884381409375 0.46522102031249996 0.8932475171875 0.48149084374999995 0.8969663125 0.4829864796875 0.9066051953125 0.48099968593750003 0.9093123249999999 0.4781795203125 0.909996121875 0.46672774375000003 0.902408621875 0.43435920625 0.894732140625 0.40879551249999996 0.8894958468749999 0.4008261671875 0.8857770531250001 0.3993305265625 0.8745316859375001 0.40164845312499997 0.8707239109374999 0.40695765625
1 0.518576753125 0.4637080390625 0.521700734375 0.46985061406249995 0.52964415625 0.47499979375 0.5344635984375 0.474006396875 0.542584984375 0.46554589531249996 0.562724509375 0.436510853125 0.5661154328125 0.422238909375 0.5619797859375 0.4117805296875 0.5561486765625 0.408458121875 0.548116271875 0.4101137828125 0.52696508125 0.434833021875 0.51765406875 0.45258739531250003 0.518576753125 0.4637080390625
2 0.74522204375 0.7336945453125 0.7478401921875 0.7376792187500001 0.7557836140624999 0.742828396875 0.7606030578125 0.7418350015625 0.764916665625 0.7386837015625 0.7709257359375 0.7283964296875001 0.7738998078125 0.70516174375 0.770358975 0.690056428125 0.7640220328125 0.6845761171875 0.7527766671875 0.6868940421875 0.745161115625 0.6975124453125 0.7416812109375 0.7185892296875 0.74522204375 0.7336945453125
2 0.7255787046875 0.520575534375 0.714661209375 0.538661040625 0.7140663968750001 0.5433079796875 0.7165955609375 0.554097490625 0.7192137109375001 0.5580821640625 0.72504481875 0.561404571875 0.74271610625 0.557762115625 0.7497368437499999 0.5517906515625 0.755745915625 0.54150338125 0.7569355437499999 0.53220950625 0.7544063765625 0.52141999375 0.7517882296875 0.5174353218750001 0.7475636015625 0.5137817796874999 0.7422383265625 0.5126172765625 0.735812403125 0.5139418046875 0.7255787046875 0.520575534375
2 0.8091437562499999 0.46036971718749997 0.8095606078124999 0.4693324609375 0.81580856875 0.48161760937500003 0.821044865625 0.48958695468749996 0.83422458125 0.502705478125 0.8395498578125 0.503869984375 0.8491887421875 0.5018831890625 0.8524906859374999 0.49441608593749997 0.8489498515625 0.4793107703125 0.841095409375 0.46735675312499997 0.8300280062500001 0.4560649984375 0.820478103125 0.45124695312499996 0.8140521796875 0.45257148281250004 0.8091437562499999 0.46036971718749997
2 0.643704290625 0.4514894015625 0.6409081828125001 0.46111440937500003 0.645043828125 0.4715727890625 0.6555164171875 0.48751147812499995 0.6639656734375 0.49481855937499997 0.6714032640625 0.4978098359375 0.6794356671874999 0.4961541734375 0.6832434421875 0.490844971875 0.6838382578125 0.486198034375 0.6802974234375 0.47109271875000003 0.65866845 0.45066711562500006 0.6512308609375 0.4476758390625 0.6464114203125 0.44866923437499995 0.643704290625 0.4514894015625
2 0.6795527015625 0.44636239531250005 0.6768455734375001 0.4491825625 0.6756559421875 0.4584764375 0.6792857578125 0.46677691250000003 0.68190390625 0.4707615859375 0.6945777890625 0.48172220625 0.7041276921875 0.4865402515625 0.7094529671875 0.48770475781249994 0.7190918515625 0.48571796562499997 0.722899628125 0.4804087640625 0.720876296875 0.471777153125 0.7156400015625 0.4638078078125 0.6961233421874999 0.4452089734375 0.6891915859375 0.44437560156250006 0.6795527015625 0.44636239531250005
2 0.67886408125 0.33565819375 0.6744614921875 0.34561433125 0.67487834375 0.3545770734375 0.6774964921875 0.35856174531249996 0.6854399140625 0.363710925 0.690765190625 0.36487543125 0.7009099078125 0.3650465375 0.7084364796875 0.36123297656250003 0.71816434375 0.35244134374999997 0.71985980625 0.345305371875 0.7173306390625 0.3345158578125 0.70676906875 0.325382009375 0.7014437921875001 0.324217503125 0.6869854671875 0.3271976921875 0.67886408125 0.33565819375
2 0.45780225 0.5780325265624999 0.46143206406250004 0.586333003125 0.46988132031249996 0.593640084375 0.47952020468749995 0.5916532906249999 0.48442862968749995 0.583855053125 0.484517609375 0.5770502140625 0.481065759375 0.555140059375 0.4738061296875 0.5385391046875 0.46696335468749994 0.530900890625 0.45571798750000003 0.5332188171875 0.45131540000000003 0.54317495625 0.45072058437500007 0.54782189375 0.45780225 0.5780325265624999
2 0.44664104218749995 0.451389634375 0.4496760421875 0.46433705 0.4539006703125 0.4679905890625 0.46133826093749997 0.47098186406250003 0.4854354703125 0.46601488125 0.48974908125 0.46286358125 0.49195037499999994 0.4578855125 0.492545190625 0.45323857500000003 0.4900160234375 0.44244906406249995 0.48367908125000003 0.43696875156250004 0.4746350125 0.43430860937500004 0.455357240625 0.43828219687500003 0.44833650468749997 0.4442536625 0.44664104218749995 0.451389634375