0 0.7365635015625001 0.5164216734375 0.746820321875 0.5211157953125001 0.7532295828125 0.522015621875 0.7686098046875001 0.520920803125 0.773520571875 0.5167290671875 0.7786439796875 0.5109401265625 0.7797071859375 0.50295409375 0.776497553125 0.4943681765625 0.7688024390625 0.48677958125 0.75192371875 0.4827828390625 0.740816334375 0.4844775421875 0.7337691484375 0.4883693359375 0.7286457421875 0.494158278125 0.7273698937499999 0.5037415171874999 0.7307921671875001 0.5107302265625 0.7365635015625001 0.5164216734375
0 0.7313074890625 0.6539838828125 0.739853171875 0.6551836515625 0.7509605546875 0.6534889484375 0.76291850625 0.64540541875 0.764832278125 0.6310305609375 0.755426028125 0.619947609375 0.7492294078125 0.6174505781249999 0.74089636875 0.6146536031250001 0.7321380484375 0.6150510421875001 0.7231670828125 0.6170456859375 0.7135581953125001 0.6238319515625 0.7118570625 0.6366096031249999 0.7135681984375 0.6401039578125001 0.7231870921875 0.649589703125 0.7313074890625 0.6539838828125
0 0.5386744171875 0.7440875671875 0.5600386203125 0.7470869875 0.5715712875000001 0.742197871875 0.5766946953125001 0.7364089296875 0.5781831859375 0.725228484375 0.5747609125 0.7182397734375 0.5670657953125 0.710651178125 0.563005596875 0.7084540890625 0.5437778171875001 0.7057546109375 0.534594209375 0.7093464609375 0.5294708046875 0.715135403125 0.5266964578125 0.7196270828125 0.52563325 0.7276131140625 0.529055525 0.734601825 0.5386744171875 0.7440875671875
0 0.651024109375 0.7175572984375 0.6525126015625 0.7063768515625 0.643318990625 0.693696696875 0.6373350125 0.6896024578125 0.61810723125 0.6869029796875 0.6042255015625 0.6930893593749999 0.5982515296875001 0.705267128125 0.6031722984375001 0.7173474 0.608943634375 0.7230388453125001 0.6151402515625 0.725535878125 0.6322316156250001 0.7279354140625001 0.6435516406249999 0.7246435046874999 0.651024109375 0.7175572984375
0 0.6796981609375 0.7964277562500001 0.6882438421875 0.797627525 0.7038367078125 0.7949355 0.711096534375 0.7894464984375 0.7140835203125 0.7833576140625 0.7153593703125 0.7737743765625 0.697832721875 0.75829724375 0.6937725234375 0.7561001546874999 0.6788175812499999 0.754000559375 0.6719830375 0.756295146875 0.6623741484375001 0.7630814125 0.6602477343750001 0.7790534765625 0.66195886875 0.7825478312499999 0.6735015421874999 0.793930725 0.6796981609375 0.7964277562500001
0 0.6290845578125001 0.4736721765625 0.6305830546875 0.4787637375 0.6363543890625001 0.48445518437499996 0.6444747875 0.488849365625 0.66156615 0.4912489015625 0.6660516328125 0.4902515796875 0.6777969406250001 0.48376525625 0.6805712859375 0.47927357812500004 0.6814218515625 0.47288475312499995 0.6782122187499999 0.4642988359375 0.6705171062499999 0.456710240625 0.664320484375 0.4542132078125 0.64936554375 0.4521136140625 0.6427436421875 0.45281099375 0.6333473953125 0.458000053125 0.6303604078125 0.4640889375 0.6290845578125001 0.4736721765625
0 0.44894476718750004 0.7314900015625 0.454716103125 0.7371814484375 0.45877630312499995 0.7393785390625001 0.478004084375 0.7420780171875 0.48697504843750006 0.7400833718750001 0.49423487499999996 0.734594371875 0.4972218640625 0.7285054875 0.4967865734375 0.71542789375 0.489304103125 0.7062420921875 0.48118370468749994 0.7018479109375 0.4683651828125 0.700048259375 0.45939421874999997 0.702042903125 0.44999797187499996 0.7072319625000001 0.447223628125 0.711723640625 0.4455224953125 0.7245012921875 0.44894476718750004 0.7314900015625
0 0.39496636875 0.842687125 0.40458526250000004 0.85217286875 0.408645459375 0.854369959375 0.425736821875 0.8567694953125 0.4347077875 0.8547748484375 0.44196761406249996 0.84928585 0.44474195937500005 0.844794171875 0.44686837500000004 0.82882210625 0.4393859015625 0.8196363046874999 0.4312655046875 0.8152421234375 0.4163105625 0.8131425296874999 0.4096886609375 0.8138399109375 0.3979433515625 0.8203262328125 0.39239466093750003 0.8293095890625001 0.3917567359375 0.8341012078125001 0.39496636875 0.842687125
2 0.709427965625 0.5077308078125 0.7235223359375 0.49994722031250005 0.7262966796875 0.49545554375 0.727147246875 0.48906671562500004 0.7215885531249999 0.4817780640625 0.7153919328125 0.47928103125000004 0.70470983125 0.4777813203125 0.6822824234375 0.48276793281249997 0.6679754109375 0.492148728125 0.6669122015625 0.5001347593750001 0.668410696875 0.505226321875 0.676531096875 0.5096205031250001 0.6914860359375 0.511720096875 0.709427965625 0.5077308078125
2 0.6041354640625001 0.546641290625 0.6060592421875 0.5485384390625 0.61439228125 0.5513354140625 0.6295598640625 0.5518378015625001 0.6451527296874999 0.5491457750000001 0.6592471015625 0.5413621890625 0.6622340875 0.5352733046875 0.6607355921875 0.5301817421874999 0.65496425625 0.524490296875 0.6509040578125 0.52229320625 0.6338126953125001 0.5198936703125 0.6271907921875 0.5205910499999999 0.6156581250000001 0.525480165625 0.603700175 0.533563696875 0.6024243265625 0.5431469359375 0.6041354640625001 0.546641290625
2 0.570418040625 0.6037358359375 0.589645821875 0.6064353140625001 0.59690565 0.6009463125 0.5975435734375 0.59615469375 0.5941212984375001 0.589165984375 0.5864261859375001 0.5815773890625 0.572321809375 0.5730889703125001 0.5618523515625 0.5699920515625 0.55330666875 0.5687922828125 0.5488211875 0.5697896078125 0.5439104218749999 0.5739813421875 0.5426345718750001 0.58356458125 0.5541772453125 0.5949474718750001 0.5642214203125 0.601238803125 0.570418040625 0.6037358359375
2 0.592865459375 0.6312932390625 0.5915796062500001 0.6246044703125 0.5879446890625 0.619212965625 0.579824290625 0.6148187843749999 0.5734150312499999 0.6139189593750001 0.5546225375 0.6242970765625 0.5462995015625001 0.6377721078125 0.54523629375 0.6457581421875 0.5507949890625 0.65304679375 0.5657499296874999 0.6551463875 0.5702354109375001 0.654149065625 0.5845424234375 0.6447682703125001 0.592865459375 0.6312932390625
2 0.7367235734375 0.7767737968749999 0.7437707578125 0.7728820015625 0.745046609375 0.7632987625000001 0.7360656390625 0.7490214015625 0.724097684375 0.7408329218749999 0.7157646453125001 0.738035946875 0.700809703125 0.7359363531249999 0.6937625171875 0.7398281453125 0.6912008140625 0.74272261875 0.690562890625 0.7475142375 0.693985165625 0.7545029484375 0.71172445625 0.768382871875 0.726041471875 0.7752740859375 0.7367235734375 0.7767737968749999
2 0.556446271875 0.463474146875 0.5667030875 0.4681682703125 0.5814453890625 0.4718650703125 0.592127490625 0.47336478125000003 0.6008858140625 0.4729673421875 0.608145640625 0.46747834218750006 0.6094214890625 0.4578951046875 0.607710353125 0.4544007484375 0.6017263734375 0.45030650781250003 0.5936059765625 0.44591232812500003 0.5636960921874999 0.44171313906250004 0.5570741921875 0.44241051875000004 0.552163428125 0.44660225625 0.55110021875 0.45458828906250004 0.5525987140625 0.45967985 0.556446271875 0.463474146875
2 0.5062454 0.4645615140625 0.523336759375 0.46696105 0.5410660468749999 0.464568965625 0.5485385140625 0.45748275937500005 0.54938908125 0.45109393437499995 0.545541525 0.4472996375 0.5331482859375 0.44230557187499997 0.524815246875 0.43950859531250003 0.507723884375 0.437109059375 0.49448007968749996 0.43850382187500003 0.48978195781249995 0.44109835000000003 0.48700761249999996 0.445590028125 0.48808082500000005 0.45387600156249996 0.4938521609375 0.4595674484375 0.5062454 0.4645615140625
2 0.3434096109375 0.7231816703125 0.347044528125 0.7285731734375 0.3530285046875 0.7326674125 0.361574184375 0.7338671796875 0.3660596671875 0.7328698578124999 0.373106853125 0.7289780640625 0.375881196875 0.7244863875 0.3786455375 0.7037227015624999 0.37543590625 0.695136784375 0.369664571875 0.6894453375 0.3611188890625 0.6882455703125 0.3542843453125 0.69054015625 0.3468118765625 0.6976263640625 0.3436122484375 0.7053124546875 0.34233639843749997 0.7148956937500001 0.3434096109375 0.7231816703125
1 0.7505552796875 0.6892273765625 0.7379494015625 0.68583051875 0.7264167328125 0.690719634375 0.723227109375 0.7146777328125 0.7247356093749999 0.7360413015625 0.7343545015624999 0.74552704375 0.745036603125 0.7470267546875 0.7522964296875 0.7415377546874999 0.7559113359375 0.71438524375 0.7559013328125 0.698113234375 0.7544028375 0.6930216734375 0.7505552796875 0.6892273765625
1 0.567896353125 0.6717183359375001 0.5587127484375001 0.6753101890625001 0.5576495390625 0.6832962218749999 0.5781831859375 0.725228484375 0.5820307421875001 0.7290227812500001 0.596985684375 0.731122375 0.6042455125 0.7256333749999999 0.6048834359375 0.7208417546875 0.5864862109375 0.6792094359374999 0.580714875 0.6735179890625 0.567896353125 0.6717183359375001
1 0.597258353125 0.8271572140625001 0.6053687453125 0.8152793875000001 0.614542346875 0.795415528125 0.616243478125 0.7826378765625 0.6145323406250001 0.7791435203125 0.6106847859375 0.7753492234375 0.5957298421874999 0.7732496296875 0.5859083125 0.7816331015625 0.5713986625 0.8088831093750001 0.5690596046875 0.82645238125 0.574830940625 0.8321438265625 0.5855130421875 0.8336435375000001 0.589998525 0.8326462156250001 0.597258353125 0.8271572140625001
1 0.536537996875 0.7437876250000001 0.50684075625 0.7379912296875 0.49765715000000005 0.7415830828125001 0.496168659375 0.752763528125 0.5040764156249999 0.758754915625 0.5587727734375 0.7729422359375 0.5675310984374999 0.7725447953125 0.5745782828125 0.7686530031250001 0.5758541328125 0.7590697640624999 0.572219215625 0.753678259375 0.557689559375 0.748384253125 0.536537996875 0.7437876250000001
1 0.41798168125 0.751548853125 0.4107218546875 0.7570378546875001 0.40944600624999994 0.76662109375 0.4192775390625 0.7745096296875 0.4763229625 0.7873996859375 0.487855628125 0.78251056875 0.489131478125 0.7729273296875 0.483360140625 0.767235884375 0.46669406406249997 0.7616419343749999 0.43934588437500005 0.7545482734375 0.41798168125 0.751548853125
1 0.708169575 0.893167428125 0.7041293843750001 0.9235143546875 0.7075616625000001 0.9467750718750001 0.7156820609375 0.951169253125 0.7289258656250001 0.9497744921875 0.734049271875 0.9439855500000001 0.7359630453125 0.9296106906249999 0.735517753125 0.9002610890625 0.72803528125 0.8910752875 0.719702240625 0.8882783125 0.708169575 0.893167428125
1 0.5747083374999999 0.980189103125 0.5834666625 0.9797916640625 0.5928629078125 0.9746026046875 0.594138759375 0.965019365625 0.5885800640625 0.9577307140625001 0.5823834453125001 0.95523368125 0.5268365203125 0.9474351890625 0.5202146171875001 0.9481325703125 0.5131674328125 0.9520243625000001 0.51189158125 0.9616076015624999 0.5176629187499999 0.9672990468749999 0.5407382578125 0.9737928234375 0.5554805578125 0.9774896249999999 0.5747083374999999 0.980189103125
1 0.4710795015625 0.5979245343749999 0.43050752656249996 0.6247696515625 0.4290190359375 0.6359500984374999 0.43479037031249995 0.64164154375 0.4476088921875 0.6434411953125 0.4661887453125 0.6346602875 0.49522805312499996 0.6127042859375 0.4962912609375 0.6047182515625 0.4926563453125 0.5993267484375 0.4779140453125 0.5956299484375001 0.4710795015625 0.5979245343749999