0 0.44563282812500005 0.687130875 0.45276119843749996 0.6921149015625 0.45911230312500007 0.6926639890625 0.464280890625 0.69092696875 0.47384080156249997 0.6830179843749999 0.47863738125 0.67469718125 0.48147417812500004 0.6596553328125 0.4775546109375 0.64621323125 0.47360179375 0.64150374375 0.46606816718750005 0.6386685515625 0.45414321874999997 0.6420053218749999 0.4453605703125 0.6543492515625 0.4413080046875 0.6758376078125 0.44208526875 0.6802725515625 0.44563282812500005 0.687130875
0 0.3185441953125 0.693614378125 0.3205039796875 0.7003354296875 0.3284096109375 0.7097544015625 0.3395240484375 0.7107153015625001 0.3446926359375 0.7089782812500001 0.3482734453125 0.7071039890625 0.35465780156250004 0.698920459375 0.3578666046875 0.6904623875 0.3598928875 0.6797182078125 0.3575610984375 0.6664133796875 0.35083798437499997 0.6592805140625 0.3413113234375 0.6584568843749999 0.33256192812499996 0.662068196875 0.326582828125 0.668102890625 0.318982703125 0.682732928125 0.3185441953125 0.693614378125
0 0.3642509609375 0.682278859375 0.3697915546875 0.6871256171875 0.38090599062499997 0.68808651875 0.386074578125 0.686349496875 0.3940467109375 0.678303240625 0.3964450015625 0.674142840625 0.40049756875 0.65265448125 0.3973552640625 0.6436473234375 0.39340244687500003 0.6389378375 0.389044375 0.6363771875 0.381105490625 0.6356908296875 0.3659717375 0.647485671875 0.3635734484375 0.6516460703125 0.36033139531249997 0.6688367578125 0.3642509609375 0.682278859375
0 0.27601298124999996 0.7052244390625 0.27597973124999997 0.7139570546875 0.283480109375 0.7255248640625 0.2878381828125 0.7280855125000001 0.299357875 0.7268975796875 0.30493171874999997 0.7230117218750001 0.311316075 0.7148281937500001 0.31411962187500003 0.7085189578125 0.31655116250000004 0.6956259421875 0.31499663437500003 0.6867560546875 0.3074962578125 0.675188246875 0.2979696 0.6743646187500001 0.2928010125 0.6761016390625 0.285234134375 0.6819990609375 0.278444521875 0.692331425 0.27601298124999996 0.7052244390625
0 0.220401290625 0.60651000625 0.22394885156250002 0.613368328125 0.2358405515625 0.6187641734375 0.2481707578125 0.6132785671875001 0.2541498578125 0.6072438734375 0.2589464390625 0.598923071875 0.261783234375 0.583881221875 0.2562758921875 0.5703018484375 0.25073529843750003 0.565455090625 0.24120863906249998 0.5646314609374999 0.23245924062499998 0.5682427750000001 0.224487109375 0.5762890328125 0.22208881875 0.5804494328125 0.218846765625 0.5976401203124999 0.220401290625 0.60651000625
0 0.22424810156250002 0.53477479375 0.22894493124999998 0.5526518375 0.2360733015625 0.5576358671875 0.242424409375 0.5581849546875 0.2511738046875 0.5545736390625 0.25674764843750003 0.5506877828125 0.2591459375 0.5465273828125 0.26275999687499996 0.535920475 0.26559679531249997 0.520878625 0.261271971875 0.5095853578125 0.2541436015625 0.5046013312500001 0.2462047171875 0.5039149734375 0.24103612968750002 0.50565199375 0.23147622031249998 0.513560978125 0.226679640625 0.5218817796875 0.22424810156250002 0.53477479375
0 0.3356584671875 0.47452288437499995 0.3384287640625 0.4769462640625 0.352718753125 0.4781817078125 0.3598803734375 0.47443312187500003 0.3666699859375 0.46410075781250004 0.370689303125 0.45134501406250005 0.3687627703125 0.435891346875 0.359269359375 0.4263351046875 0.3497427 0.425511475 0.346161890625 0.4273857671875 0.3385950140625 0.4332831890625 0.33180540000000003 0.443615553125 0.329779115625 0.45435973281250003 0.3297458671875 0.463092346875 0.3356584671875 0.47452288437499995
0 0.4269057515625 0.4955149234375 0.42210917031250006 0.503835721875 0.418867115625 0.521026409375 0.4196443796875 0.5254613515625 0.42555698125 0.5368918890625001 0.4299150546875 0.5394525390625 0.43944171406250004 0.5402761703125 0.44660333437500005 0.536527584375 0.45058940156249994 0.5325044546875 0.45538598124999996 0.5241836546875 0.45862803437500005 0.50699296875 0.4570735078125 0.49812308125 0.4547084671875 0.49355086718749996 0.449167871875 0.48870410781249995 0.43646566093750006 0.48760593593749996 0.4328848515625 0.48948022968749993 0.4269057515625 0.4955149234375
1 0.386679334375 0.6318049718750001 0.389077625 0.627644571875 0.3911039078125 0.6169003921875 0.38755634843750003 0.6100420703125 0.3780296875 0.6092184406250001 0.34580239687500003 0.6260870734374999 0.3382355203125 0.631984496875 0.331851165625 0.640168025 0.3302301390625 0.6487633671874999 0.3333724421875 0.6577705265625 0.34806768906249996 0.656857134375 0.38269326718749996 0.6358281015625 0.386679334375 0.6318049718750001
1 0.3112703109375 0.518275721875 0.3136686 0.5141153218750001 0.3156948828125 0.50337114375 0.31491762031250004 0.4989361984375 0.309377028125 0.494089440625 0.299039853125 0.4975634828125 0.2651582875 0.5317600765625 0.2591459375 0.5465273828125 0.2595179453125 0.5531111609375 0.2630655046875 0.559969484375 0.27259216406250003 0.5607931140625 0.2821520734375 0.552884128125 0.3112703109375 0.518275721875
1 0.1508841328125 0.71842899375 0.1989226890625 0.7203983046875 0.2044965328125 0.7165124484375001 0.20689482343750001 0.7123520484375 0.20892110625 0.70160786875 0.20814384062500002 0.6971729265625 0.2041910265625 0.6924634390625 0.177604078125 0.6879809875 0.157740246875 0.6906313984375 0.15415943593749998 0.69250569375 0.1477750796875 0.7006892203125 0.14615405312500002 0.7092845640625 0.14693131718750002 0.7137195078125 0.1508841328125 0.71842899375
1 0.20529453281249999 0.506929690625 0.207692821875 0.5027692906250001 0.21052961875 0.48772743749999997 0.21228364531250002 0.44420163593749995 0.20954659687500002 0.43304564218749997 0.20677630156250001 0.43062226406250004 0.197249640625 0.429798634375 0.189682765625 0.43569605468750006 0.18684596874999998 0.45073790625 0.18745698125000002 0.498835925 0.1917818046875 0.5101291890625 0.1997206890625 0.510815546875 0.20529453281249999 0.506929690625
1 0 0.71116511875 0.0015998765625000002 0.71425808125 0.00991076875 0.72152821875 0.048050656250000004 0.716090121875 0.0532192421875 0.7143531000000001 0.057205309375 0.710329971875 0.0596036 0.7061695703125 0.0616298828125 0.6954253921875 0.05808232343750001 0.6885670703125 0.0521364734375 0.6858691484375 0.034670929687500004 0.6843591609375 0.009638509375 0.68874659375 0.0000786 0.696655578125 0 0.697072346875 0 0.71116511875
1 0 0.5716677828125001 0.004935421875 0.56822700625 0.0069284546875 0.5662154421875 0.017465128125 0.5103457109375 0.017126371874999997 0.49502931562499997 0.0147613328125 0.4904571015625 0.0052346734375 0.4896334734375 0.0012486046875 0.4936566 0 0.49646652187500007 0 0.5716677828125001
1 0.4294972828125 0.336316290625 0.42753749843750005 0.3295952390625 0.4231794265625 0.3270345875 0.387843084375 0.32616345 0.3747356125 0.3272141109375 0.370749546875 0.3312372421875 0.36791275 0.34627909218749997 0.3730480859375 0.3532746859375 0.4175058328125 0.3571182890625 0.4226744203125 0.35538126875 0.427471 0.34706046874999996 0.4294972828125 0.336316290625
1 0.14045543124999998 0.3287980921875 0.14683978749999999 0.3206145625 0.14805555625 0.31416805625 0.14727829374999998 0.3097331125 0.1421429578125 0.30273751875 0.102448540625 0.2993057296875 0.088935815625 0.30250522812499997 0.0861322671875 0.308814465625 0.08528850624999999 0.3218447515625 0.0884308078125 0.33085190937500003 0.1297130015625 0.3344209703125 0.13646936406250001 0.3328212203125 0.14045543124999998 0.3287980921875
2 0.2672303359375 0.7175683671875001 0.2712164015625 0.7135452390625 0.2740532 0.6985033890625 0.26773534374999997 0.6892216890625 0.2633772671875 0.6866610359374999 0.24790475937499998 0.6831394859375 0.24114839531249999 0.6847392359375 0.23358151875000002 0.6906366562499999 0.230744721875 0.7056785078125001 0.2315219859375 0.7101134499999999 0.24378569374999998 0.7220930734375 0.2568931625 0.7210424109375 0.2672303359375 0.7175683671875001
2 0.1542259359375 0.6750404624999999 0.16530712187500002 0.6847339781249999 0.17324600625 0.6854203359375 0.17841459375 0.683683315625 0.18439369218749999 0.6776486234375 0.18719723906250002 0.6713393875 0.1872304890625 0.662606771875 0.18645322656250002 0.6581718296875 0.180540625 0.646741290625 0.1694594375 0.637047775 0.1599327796875 0.636224146875 0.152365903125 0.64212156875 0.14996761249999999 0.6462819671875 0.1475360734375 0.6591749828125 0.1542259359375 0.6750404624999999
2 0.20979186093750002 0.5772024250000001 0.21296741562500002 0.5774769671875 0.22212206874999998 0.57171681875 0.22452035937499998 0.5675564171875 0.2269518984375 0.554663403125 0.22306558281250002 0.5324886859375 0.2207005421875 0.527916471875 0.21238965156249998 0.5206463343750001 0.20286299218749998 0.51982270625 0.19847166875 0.5259946703125 0.194824359375 0.54533419375 0.1967508921875 0.5607878562499999 0.20384601249999998 0.5745045015625 0.20979186093750002 0.5772024250000001
2 0.1698854328125 0.4208812375 0.186201703125 0.41137250312500007 0.1985651609375 0.39715428125 0.2009634515625 0.39299388125 0.202989734375 0.38224970156250004 0.20221247187500002 0.377814759375 0.198259653125 0.3731052734375 0.1871452171875 0.372144371875 0.17440975625 0.37977881406249997 0.16045852031250002 0.3938597625 0.15684446093749999 0.404466671875 0.15640595468750002 0.41534812343749994 0.160358771875 0.42005760781249996 0.1698854328125 0.4208812375
2 0.42092665 0.501549615625 0.423324940625 0.4973892140625 0.4294037890625 0.46515667812499994 0.424301703125 0.44942846875000003 0.42034888593749997 0.44471898125 0.41399778125 0.4441698953125 0.40842393593750004 0.44805575312499996 0.40602564531249996 0.452216153125 0.40116256562499997 0.4780021828125 0.401501321875 0.49331857812499996 0.4022785875 0.49775351875 0.407413925 0.5047491125 0.42092665 0.501549615625
2 0.231702715625 0.3497901296875 0.2420398875 0.3463160890625 0.24960676406250001 0.34041866718749997 0.252005053125 0.33625826718749996 0.2540313359375 0.3255140875 0.24771347968750002 0.31623238593749997 0.23183571249999999 0.3148596703125 0.22507935156249997 0.3164594203125 0.21791772968749998 0.32020800625 0.207952565625 0.330265828125 0.20592628125 0.3410100046875 0.2067035453125 0.3454449484375 0.21383191406250002 0.35042897968750003 0.231702715625 0.3497901296875
2 0.1626178046875 0.3481851234375 0.169812675 0.3357039234375 0.1730547265625 0.3185132375 0.1695071671875 0.3116549140625 0.16197354218749999 0.3088197203125 0.15281888593749998 0.31457987187500003 0.142853721875 0.32463769375 0.1352535953125 0.339267728125 0.1320115421875 0.356458415625 0.13714687812499998 0.363454009375 0.14508575937499998 0.3641403671875 0.150254346875 0.3624033453125 0.1626178046875 0.3481851234375
2 0.034751907812499996 0.350233684375 0.032692375 0.36971047968750004 0.033064381250000004 0.37629425781250003 0.0366119421875 0.3831525796875 0.040970015625 0.38571323125 0.0489088984375 0.3863995890625 0.0544827421875 0.38251373125 0.0620828671875 0.3678836953125 0.0673512046875 0.33994883124999997 0.0669791984375 0.3333650515625 0.06224911875 0.324220621875 0.059478821875 0.3217972421875 0.0531277140625 0.3212481546875 0.0435678046875 0.32915714218750003 0.03836596875 0.3396267765625 0.034751907812499996 0.350233684375