0 0.2519531671875 0.5771753296875 0.24690421875 0.5678109453125 0.24095055156249998 0.5633705984375 0.23469531250000003 0.560571596875 0.22158169375 0.5582562875 0.2147233125 0.5587399796875 0.20258900937500002 0.5633759406250001 0.1998002625 0.5662727484375 0.1955036578125 0.5773762859375 0.1967845453125 0.582686209375 0.20590313125 0.5944637125 0.21215836875 0.5972627125 0.2274575921875 0.59996390625 0.239290321875 0.5969692921875 0.24705342031250002 0.5915615609375 0.249842165625 0.5886647546875 0.2519531671875 0.5771753296875
0 0.2739615703125 0.555642215625 0.2795390640625 0.5498486 0.28104692343750004 0.54164186875 0.277882003125 0.5343047140625 0.27222990937499997 0.5282230218749999 0.264090640625 0.5233967890625 0.2509770203125 0.5210814796875 0.2441186390625 0.5215651718750001 0.23198433437500002 0.5262011328125 0.2291955890625 0.529097940625 0.2261052703125 0.53363609375 0.2248989828125 0.5402014796875 0.22617987031250003 0.545511403125 0.23529845625 0.5572889046875 0.23936809218750002 0.5597020203125 0.2478089328125 0.5628869062499999 0.25685291875 0.5627890984375 0.2615256953125 0.5619195234375 0.2739615703125 0.555642215625
0 0.35558440468749997 0.5412452984375 0.3458626765625 0.5327504890625 0.32837784999999997 0.529663409375 0.3190322921875 0.5314025640625 0.3115707671875 0.5351689484375 0.305993275 0.5409625625000001 0.303882271875 0.5524519875 0.30546473281250003 0.5561205640625 0.31081525625 0.5638436046875 0.318954525 0.5686698359375 0.334253746875 0.5713710296875 0.3432977328125 0.5712732234375 0.35633675 0.5617132234375 0.358749325 0.548582453125 0.35558440468749997 0.5412452984375
0 0.32989204375000003 0.4231715171875 0.3185878546875 0.41100813125 0.31233261562500003 0.40820913125 0.3014046 0.40627970625 0.2920590421875 0.408018859375 0.284899090625 0.410143896875 0.27962316875000004 0.414296165625 0.276231278125 0.42047566718749996 0.2781899109375 0.43437820625 0.2857260359375 0.44248713124999994 0.2941668796875 0.44567201718750005 0.307280496875 0.447987325 0.3166260546875 0.44624817187500004 0.326574753125 0.44122632656249994 0.330871359375 0.43012278750000005 0.32989204375000003 0.4231715171875
0 0.3594207328125 0.65546023125 0.3553511 0.653047115625 0.33786627343750003 0.6499600359375 0.32852071562499996 0.6516991890625 0.317968871875 0.6600037265625 0.3145769828125 0.666183228125 0.3146515828125 0.6780585359375 0.3262573453125 0.6885805765625 0.3434405984375 0.6933090015625 0.35029898125000003 0.6928253093750001 0.359946109375 0.6894448109375 0.36831235 0.6807543875000001 0.3698202078125 0.67254765625 0.3666552875 0.6652105015625 0.3594207328125 0.65546023125
0 0.473973653125 0.719744784375 0.476687796875 0.70497266875 0.47510533749999995 0.701304090625 0.4656851796875 0.691167934375 0.4594299421875 0.688368934375 0.44850192499999997 0.6864395109375 0.44164354375 0.6869232015625 0.429509240625 0.6915591625 0.42672049375 0.6944559703125 0.42212231562499997 0.70720085625 0.4234032046875 0.7125107796875 0.43063776093749995 0.72226105 0.43470739375 0.7246741671875 0.44096263125 0.727473165625 0.4518906484375 0.729402590625 0.4612362046875 0.7276634375000001 0.47118490625 0.7226415921875 0.473973653125 0.719744784375
0 0.5310263078124999 0.7162611359375 0.528162959375 0.707282634375 0.520626834375 0.6991737109375 0.5124875640625 0.694347478125 0.4947011640625 0.6929017453124999 0.48256686249999997 0.69753770625 0.479778115625 0.7004345140625 0.47676239843749996 0.7168479765625 0.4783448578125 0.7205165546875001 0.48995062031250003 0.73103859375 0.5005770625 0.734609365625 0.5164794296874999 0.7340278671875 0.52145378125 0.7315169421875 0.5270312734375 0.725723328125 0.5304231625 0.7195438281250001 0.5310263078124999 0.7162611359375
0 0.4941011890625 0.6470418578125 0.4894284125 0.647911434375 0.476690965625 0.6558300874999999 0.47269593125 0.66529228125 0.47525770781250004 0.675912128125 0.48686346875000003 0.6864341671874999 0.50434829375 0.6895212468749999 0.51369385 0.68778209375 0.5239441234375 0.6811189 0.5276375828125001 0.6732980546875 0.5234933484375001 0.65900963125 0.5115860156250001 0.6501289359375 0.4941011890625 0.6470418578125
2 0.2240657 0.6061434078125 0.2202976375 0.6020889453125 0.20499841562499999 0.59938775 0.200024065625 0.6018986749999999 0.19105468125 0.6138717890625001 0.1892452515625 0.6237198671875 0.1939926296875 0.6347255984375 0.199644725 0.6408072921875 0.20371435937500001 0.643220409375 0.21682797968749998 0.6455357171875 0.22180232968750002 0.64302479375 0.22768139375000002 0.6355898328125 0.22979239687500003 0.624100409375 0.22723062187499998 0.6134805609375 0.2240657 0.6061434078125
2 0.2447091109375 0.7148528015625 0.23340492343750002 0.702689415625 0.2205928734375 0.698732759375 0.215920096875 0.6996023375 0.2084585703125 0.7033687203125 0.205368253125 0.707906875 0.20355882187500002 0.717754953125 0.2101902328125 0.730787915625 0.223680025 0.7433371875 0.2367936453125 0.745652496875 0.241466421875 0.74478291875 0.24644077343749998 0.742271996875 0.24953109218749997 0.73773384375 0.2507373796875 0.7311684578125 0.2447091109375 0.7148528015625
2 0.3662759484375 0.70411911875 0.356930390625 0.7058582734375001 0.3361282765625 0.720826003125 0.3330379578125 0.7253641562500001 0.3309269546875 0.73685358125 0.33876465312500004 0.743321159375 0.35217984375 0.743995121875 0.37207724531249997 0.7339514312500001 0.3804434859375 0.7252610078124999 0.382856059375 0.7121302375 0.37908799531250004 0.708075775 0.3750183609375 0.705662659375 0.3662759484375 0.70411911875
2 0.4325344609375 0.5277179578125 0.427861684375 0.528587534375 0.4200985859375 0.533995265625 0.41859072656249996 0.542201996875 0.4236396796875 0.55156638125 0.44210382187499997 0.56160473125 0.46177425000000005 0.5650776937499999 0.4711198078125 0.5633385421875 0.47451169687499994 0.557159040625 0.47353238124999997 0.5502077703125 0.46411222343749997 0.540071615625 0.4412768734375 0.529261496875 0.4325344609375 0.5277179578125
2 0.4928108 0.7891596765625 0.48813802031250003 0.7900292531249999 0.47102936875 0.7971761374999999 0.45799034843750003 0.8067361359375 0.45587934687500004 0.818225559375 0.46153144062499996 0.824307253125 0.46997228125 0.8274921390625 0.4812018703125 0.827780215625 0.49582334843750003 0.8218887953125 0.5091639390625 0.8106874484375 0.5115765140625 0.7975566781250001 0.5059244171875 0.791474984375 0.4928108 0.7891596765625
2 0.5938056578124999 0.7307344875 0.5859679609375 0.724266909375 0.5772255484375 0.7227233703125 0.570367165625 0.7232070625 0.562905640625 0.726973446875 0.5483587640625001 0.744740178125 0.5462477625 0.7562296015625 0.549714253125 0.7619254093750001 0.5537838859375 0.764338525 0.5668975078125 0.766653834375 0.5765446359374999 0.7632733359375 0.5898852265625 0.752071990625 0.5960658624999999 0.7429956828125001 0.596970578125 0.73807164375 0.5938056578124999 0.7307344875
2 0.5511411749999999 0.8401285312500001 0.5399115859375 0.839840453125 0.5212204734375 0.843318759375 0.5087845984375 0.8495960671875 0.5060704546875 0.8643681843750001 0.511722546875 0.8704498765625001 0.5292073734375 0.87353695625 0.5454113125 0.8713141109375 0.5578471875 0.865036803125 0.5659118546874999 0.8579877265625001 0.5652341109375 0.8493951109375001 0.559582015625 0.8433134171875001 0.5511411749999999 0.8401285312500001
2 0.50998455 0.94131584375 0.4815717078125 0.936299340625 0.474713328125 0.9367830312500001 0.4653677703125 0.9385221859374999 0.460091846875 0.9426744546875 0.45798084375 0.954163878125 0.46333136875 0.9618869171875 0.488955465625 0.969800228125 0.5092290375 0.9699905 0.5188761671875 0.96661 0.5250568015625 0.9575336921875 0.5237759140625 0.95222376875 0.5162397875 0.9441148437500001 0.50998455 0.94131584375
1 0.1811028125 0.668036215625 0.1682129953125 0.7013468328125 0.1654988515625 0.7161189484375 0.1727334046875 0.72586921875 0.183661421875 0.72779864375 0.19330855 0.72441814375 0.1960972953125 0.7215213359375 0.200393903125 0.7104177968750001 0.20702848125 0.67430818125 0.201677959375 0.666585140625 0.1885643390625 0.66426983125 0.1811028125 0.668036215625
1 0.423484140625 0.6261009265624999 0.414138584375 0.6278400796875 0.3721581796875 0.647541578125 0.3668822578125 0.651693846875 0.3653744 0.659900578125 0.368840890625 0.6655963859375 0.3729105265625 0.668009503125 0.381652940625 0.6695530421875 0.3863257171875 0.668683465625 0.43795324999999996 0.6456014671875 0.439461109375 0.6373947359375001 0.4341105859375 0.629671696875 0.423484140625 0.6261009265624999
1 0.3833814328125 0.7461148171875001 0.3805926859375 0.749011625 0.37878325625000003 0.7588597015625 0.3866209546875 0.7653272796875 0.41224505 0.7732405906250001 0.44691313125 0.78105609375 0.45377151250000003 0.7805724015625 0.45904743281249993 0.7764201328125 0.46115843593749994 0.7649307109375 0.4533207375 0.7584631328125 0.392726990625 0.7443756625 0.3833814328125 0.7461148171875001
1 0.5799428609375 0.6588086734374999 0.5646436390625 0.6561074796875 0.5596692875 0.658618403125 0.5559758265625 0.6664392484375 0.5569551421875001 0.67339051875 0.5627564390625001 0.703222828125 0.56750381875 0.7142285609375 0.573457484375 0.718668909375 0.5865711046875 0.72098421875 0.5940326296875 0.717217834375 0.5955404890625 0.7090111015625 0.5923009671874999 0.6897986390625 0.583710925 0.6628631359375 0.5799428609375 0.6588086734374999
1 0.5128605687500001 0.753724021875 0.5185126640625 0.759805715625 0.5316262828125 0.7621210234375 0.5366006328124999 0.7596101 0.56878470625 0.719538484375 0.5599676921875 0.7061196375 0.5468540734375 0.703804328125 0.5393925484375 0.7075707125 0.511881253125 0.7467727515625 0.5128605687500001 0.753724021875
1 0.5478984875 0.8700586484375 0.5332770078125 0.8759500703124999 0.5248329984375 0.9219077656250001 0.530183521875 0.9296308062499999 0.538322790625 0.9344570375 0.5448796015624999 0.9356146921875 0.5520395546875 0.9334896546874999 0.5548283031250001 0.9305928453125001 0.5660610578124999 0.88173834375 0.5588265031249999 0.8719880734375 0.5525712640625 0.869189071875 0.5478984875 0.8700586484375
1 0.338375809375 0.92965751875 0.2840373 0.9183690515625 0.2771789171875 0.9188527437499999 0.266928646875 0.9255159359375 0.265722359375 0.9320813203125 0.27107288125 0.9398043609375 0.2857689609375 0.9457882468750001 0.32073861406250004 0.9519624046875 0.3363394078125 0.9530222515625001 0.3484737109375 0.9483862921874999 0.3512624578125 0.9454894828124999 0.3524687453125 0.9389240984375 0.34870068125000003 0.9348696359374999 0.338375809375 0.92965751875
1 0.1708430390625 0.82212715 0.163005340625 0.8156595718749999 0.151775753125 0.8153714937500001 0.144314228125 0.819137878125 0.1409223375 0.8253173796875 0.1308958703125 0.8676064968749999 0.13436235937500002 0.8733023046874999 0.1384319953125 0.875715421875 0.1493600109375 0.8776448453125001 0.15682153593749998 0.8738784609374999 0.1599118546875 0.8693403078124999 0.1679019234375 0.850415921875 0.1721239265625 0.8274370734375 0.1708430390625 0.82212715