0 0.45280630781250003 0.322199271875 0.4565495421875 0.306347690625 0.45601769843750006 0.29969348125 0.451631209375 0.2866017890625 0.4461151640625 0.28027267031249997 0.44261508281250006 0.278271325 0.4260010765625 0.279354959375 0.42285555781250006 0.281789759375 0.41709636093749997 0.2933135609375 0.41596680625 0.3000761328125 0.41685321093749994 0.311166484375 0.419046453125 0.3177123296875 0.4282398640625 0.3282608640625 0.43173994374999997 0.33026220781250004 0.44503115 0.3293953 0.45280630781250003 0.322199271875
0 0.43850184218750005 0.519339971875 0.4433087609375 0.5167968125 0.4507293578125 0.5051646437499999 0.451858915625 0.4984020703125 0.45114979218749995 0.4895297921875 0.4467633015625 0.4764380984375 0.44124725781249996 0.47010897968750004 0.43258569218750004 0.46621465625 0.425940090625 0.46664811093749997 0.41798765156249995 0.4716260671875 0.4122284546875 0.48314987187499997 0.41127617968749997 0.492130515625 0.41216258437500003 0.503220865625 0.414178546875 0.5075486406249999 0.42337195625 0.5180971734375001 0.42853343906249997 0.519990153125 0.43850184218750005 0.519339971875
0 0.61902199375 0.62573624375 0.6221675140625 0.623301446875 0.6295881109375 0.6116692796875001 0.6307176671875 0.60490670625 0.6296539796875 0.5915982859375 0.6256220546875 0.5829427328125 0.618267328125 0.5745039078125 0.613105846875 0.572610928125 0.6014760421875 0.573369471875 0.5966691203125001 0.57591263125 0.5922167640625 0.582891934375 0.5896030875 0.591980940625 0.59084405625 0.6075074296875 0.59487598125 0.6161629828125 0.6003920265625 0.622492103125 0.6123763921875 0.6261696984375 0.61902199375 0.62573624375
0 0.6481725375 0.5725533640625 0.659802340625 0.571794821875 0.6662706609375 0.569143296875 0.6694161796875 0.5667085015625 0.6735139765625 0.5552930593750001 0.6744662531250001 0.5463124171875 0.6717411656250001 0.533112359375 0.6678865203125001 0.5266748765625 0.6572089937500001 0.518452778125 0.647240590625 0.519102959375 0.6407722671875 0.52175448125 0.6333516734375 0.53338665 0.6320448328125 0.537931153125 0.630915278125 0.544693725 0.6334630828125001 0.5556757125 0.635479046875 0.5600034890625001 0.6446724546875 0.5705520234375 0.6481725375 0.5725533640625
0 0.6989871546875001 0.49789076874999993 0.69495523125 0.48923521406250003 0.6859391046875001 0.4809047515625 0.6774548203124999 0.47922849999999995 0.6693250984375 0.48198838750000006 0.6661795796875001 0.4844231828125 0.6589362624999999 0.498273421875 0.65816126875 0.5094721343749999 0.6605317937499999 0.5182360515625 0.6735798468749999 0.5352220671875 0.6852096515625 0.534463521875 0.690016571875 0.5319203609375001 0.6976144468750001 0.5225062640625 0.7015349640624999 0.5088727546875 0.6989871546875001 0.49789076874999993
0 0.81058968125 0.5151375484375 0.8118965203125 0.5105930437499999 0.8104782703125 0.49284848437499995 0.808285025 0.48630263906250004 0.8009302999999999 0.47786381406249995 0.790607334375 0.47407785156250004 0.7839617328124999 0.47451130625 0.7728637734375 0.4819240625 0.7700728156250001 0.4887949984375 0.7689432578125001 0.4955575703125 0.7722001890625 0.5154118375000001 0.7797321968750001 0.526068734375 0.7883937609375 0.52996305625 0.7983621640624999 0.5293128765625 0.8061373234375001 0.5221168484375001 0.81058968125 0.5151375484375
0 0.8346039546874999 0.564852796875 0.8387017484375001 0.5534373546875 0.8374607828125 0.5379108671874999 0.8352675390625001 0.5313650187500001 0.8295742125000001 0.5228178296875 0.822574046875 0.5188151453125001 0.8092828437499999 0.519682053125 0.8015076828125001 0.5268780796875 0.7955712078125 0.5361838125 0.7942643687500001 0.540728315625 0.79532805625 0.5540367359375 0.7993599812500001 0.5626922890625 0.8048760265625001 0.569021409375 0.811876190625 0.57302409375 0.8268287953125 0.5720488234375 0.8346039546874999 0.564852796875
0 0.75959778125 0.587582075 0.7446451781250001 0.5885573453124999 0.7370472984374999 0.59797144375 0.7344336218749999 0.60706045 0.735674590625 0.6225869421875 0.7433838796875001 0.63546190625 0.7522227265625 0.6415743015625 0.7638525296875 0.64081575625 0.7732890890624999 0.633511365625 0.777386884375 0.6220959234375 0.7759686359375 0.6043513640625 0.770098028125 0.59358610625 0.75959778125 0.587582075
1 0.4598975546875 0.41092207031249994 0.45159055156249994 0.4114638890625 0.44565407500000004 0.42076962343749996 0.44682917343749995 0.4563671046875 0.44860198437500004 0.4785478046875 0.45132707187500004 0.4917478609375 0.455004434375 0.49596727500000004 0.4666342390625 0.49520872968749996 0.470909315625 0.48601135937500006 0.471152465625 0.46815843749999997 0.4676068421875 0.42379703593749996 0.46523631875 0.4150331203125 0.4598975546875 0.41092207031249994
1 0.5722295328125 0.37461008281249997 0.56890673125 0.374826809375 0.5642770921875 0.3795880375 0.5614861343750001 0.3864589765625 0.5627271031250001 0.40198546718749995 0.5732728921875 0.45034955 0.5773048171874999 0.459005103125 0.5889346203125 0.45824655937500003 0.5933869796875 0.45126726093749997 0.5880026734375 0.4047961546875 0.58308434375 0.3850502515625 0.5773910156250001 0.3765030609375 0.5722295328125 0.37461008281249997
1 0.6297808375 0.3842341421875 0.6231352359375 0.384667596875 0.6199897140624999 0.38710239375 0.6170214765625001 0.3917552609375 0.6154714875 0.4141526875 0.617532990625 0.4608405203125 0.621387634375 0.467278003125 0.6298719187499999 0.46895425625 0.636162959375 0.4640846625 0.6385993546875001 0.45277758593749995 0.6403924953125 0.41252723593749996 0.6389742453125 0.39478267499999997 0.6369582828125 0.3904549 0.6297808375 0.3842341421875
1 0.7076031796875 0.459425034375 0.7009575781249999 0.4598584875 0.6978120578125 0.46229328281250004 0.6933597015624999 0.46927258437499997 0.6946006687499999 0.484799075 0.7042600515624999 0.5220728109375 0.7086465390625001 0.5351645031250001 0.7141625828125 0.541493621875 0.7193240656250001 0.543386603125 0.7287606265625 0.5360822125 0.7271650953125001 0.5161195828125 0.7147806265625001 0.4656457890625 0.7076031796875 0.459425034375
1 0.8941614546875 0.24436032187499998 0.8882908468749999 0.2335950625 0.8831293640625001 0.231702084375 0.8386261125000001 0.23906403593749997 0.8323350749999999 0.24393362968750001 0.829544115625 0.2508045671875 0.8300759609374999 0.257458778125 0.8320919218749999 0.261786553125 0.8392693687499999 0.268007309375 0.8675131765625 0.2661651296875 0.8837726203124999 0.26064535625 0.8902409406249999 0.25799383124999997 0.8945160156249999 0.24879646093750002 0.8941614546875 0.24436032187499998
2 0.46975942968749995 0.555204984375 0.46940486718749996 0.55076884375 0.4653729421875 0.542113290625 0.4581954953125 0.5358925343750001 0.44603384999999995 0.52999686875 0.4260970421875 0.5312972312500001 0.4231288046875 0.535950096875 0.42182196562499996 0.5404945999999999 0.422531090625 0.5493668796875 0.4245470546875 0.5536946578124999 0.4372405453125 0.5662445328125 0.4475635109375 0.5700304921875 0.46417751406249996 0.5689468578125 0.467323034375 0.566512059375 0.46975942968749995 0.555204984375
2 0.51968764375 0.46945203593749996 0.4947666359375 0.4710774890625 0.4901369984375 0.47583871718750004 0.4875233203125 0.4849277234375 0.49007112656249996 0.49590971093749997 0.4937484890625 0.5001291250000001 0.5059101359375 0.5060247906249999 0.52916974375 0.5045077015625 0.5349289390624999 0.49298389687500005 0.534397096875 0.48632968906249996 0.530365171875 0.47767413437500006 0.5266878078125 0.4734547203125 0.51968764375 0.46945203593749996
2 0.6749322265625 0.57303761875 0.6714321437499999 0.5710362765625 0.6466884171875 0.5748797984375 0.6392678218750001 0.5865119640625001 0.640154228125 0.597602315625 0.647508953125 0.606041140625 0.65949331875 0.6097187374999999 0.6727845218749999 0.6088518296875 0.6775914421875 0.6063086703125 0.685189321875 0.596894571875 0.6863188765625 0.5901319984375 0.683948353125 0.5813680812500001 0.6749322265625 0.57303761875
2 0.7481200453125 0.4857675828125 0.7470563593749999 0.47245916406250005 0.744508553125 0.461477178125 0.7404766281249999 0.452821625 0.7318150625000001 0.4489273015625 0.7268308609374999 0.44925239218749996 0.719055703125 0.4564484203125 0.71626474375 0.46331935625 0.71732843125 0.47662777656250005 0.7246172875 0.5051375953125 0.7266332515625 0.509465371875 0.7319720140625 0.5135764218750001 0.7387948984375 0.5153610375000001 0.7430699765625 0.506163665625 0.7481200453125 0.4857675828125
2 0.7619634234375 0.4291238359375 0.7540768531250001 0.4140307984375 0.7450607265625 0.4057003375 0.7384151234375 0.4061337921875 0.7323013656249999 0.4132214546875 0.7309945265625 0.4177659578125 0.7331219015625 0.444382796875 0.7480086359375 0.46347852031250003 0.7515087171875 0.46547986249999995 0.7598157203125 0.46493804687500007 0.7629612390625 0.46250324843749996 0.765397634375 0.45119617187500005 0.7643339484375 0.4378877515625 0.7619634234375 0.4291238359375
2 0.7634272125 0.48922845312499996 0.753458809375 0.489878634375 0.7503132906250001 0.49231343125000004 0.7443768125 0.5016191640625001 0.7391494609375 0.5197971765625 0.738019903125 0.52655975 0.738906309375 0.5376501 0.7410995546875 0.5441959468750001 0.74643831875 0.548306996875 0.7580681203124999 0.5475484515625 0.77071606875 0.517738271875 0.7692978203124999 0.4999937109375 0.7669272968749999 0.4912297953125 0.7634272125 0.48922845312499996
2 0.9657228546875001 0.59643406875 0.9648364468749999 0.58534371875 0.9628204859375 0.5810159421875001 0.9556430390624999 0.5747951859375 0.9440132359375 0.5755537296875 0.9360607953125 0.5805316875 0.924365121875 0.601361225 0.922106009375 0.6148863718750001 0.9226378531250001 0.6215405828125 0.9283311781249999 0.630087771875 0.9353313421875 0.6340904578125001 0.93865414375 0.6338737296875 0.9528976234375 0.624026178125 0.9618023390625 0.610067578125 0.9657228546875001 0.59643406875
1 0.6241834749999999 0.6276292234375 0.61902199375 0.62573624375 0.5970692265624999 0.6227088296875001 0.57380961875 0.62422591875 0.569179978125 0.6289871484375 0.5678731406249999 0.6335316515625 0.568759546875 0.6446220015625 0.5744528734375 0.6531691921875 0.5796143546875 0.655062171875 0.6231653296874999 0.656680859375 0.6307632078125 0.6472667624999999 0.6298768015625 0.6361764140624999 0.627860840625 0.6318486375 0.6241834749999999 0.6276292234375
2 0.7286646593749999 0.2841399421875 0.73311701875 0.277160640625 0.7340692953125 0.268179996875 0.73187605 0.2616341515625 0.7281986859375 0.2574147375 0.721198521875 0.25341205312500004 0.7012617171875 0.2547124140625 0.6949706765625 0.2595820078125 0.6875500796875 0.271214175 0.686243240625 0.2757586796875 0.686775084375 0.2824128890625 0.6887910484375 0.286740665625 0.6976298937500001 0.29285305781250004 0.7044527781250001 0.29463767500000004 0.7175667 0.291552696875 0.7286646593749999 0.2841399421875
1 0.56353219375 0.662800015625 0.5622253546875 0.66734451875 0.5631117609375 0.6784348687499999 0.57028920625 0.684655625 0.597048896875 0.6851398796875 0.6217926234375 0.6812963578125 0.6247608609374999 0.676643490625 0.62387445625 0.6655531390625 0.6200198109375 0.659115659375 0.5796143546875 0.655062171875 0.5679845515624999 0.6558207140625 0.56353219375 0.662800015625
1 0.9535107828125 0.3809561890625 0.95149481875 0.37662841406249997 0.9443173734375 0.3704076578125 0.9360103703125 0.37094947500000003 0.9298966125 0.3780371390625 0.9287670562500001 0.3847997109375 0.9331990859375001 0.4402514609375 0.9394242546875 0.4554528609375 0.9429243375 0.4574542046875 0.9495699390624999 0.45702075000000003 0.9527154578125 0.45458595312499994 0.9555064156249999 0.44771501718750006 0.95617 0.41422723906250003 0.9535107828125 0.3809561890625