2 0.6512265609375001 0.26377195000000003 0.64173899375 0.2640397796875 0.632620728125 0.2685506546875 0.629827509375 0.27288297968749997 0.6328859875 0.2898105359375 0.649991165625 0.3042148265625 0.66598843125 0.3058899703125 0.6731561296875 0.2971806828125 0.6743680875 0.2928929953125 0.6736294796875 0.2844068984375 0.6716789140625 0.2802084890625 0.659502171875 0.2677918078125 0.6512265609375001 0.26377195000000003
2 0.7344663109375 0.41880067499999996 0.7328044421875 0.39970695625 0.7285340078125 0.3870670859375 0.7212857031250001 0.3766380171875 0.7130100921875 0.372618159375 0.7068696984375 0.3749182359375 0.7024952171875001 0.37929519843750004 0.7010986078125 0.381461359375 0.7027604765625 0.40055507968750004 0.7089814765625 0.4173933609375 0.7160451296875 0.42570090625 0.7227394796875 0.4297654015625 0.7274832640625 0.4296314859375 0.730461134375 0.4274206875 0.7344663109375 0.41880067499999996
2 0.6774940234375 0.492718025 0.66531728125 0.48030134531249996 0.6491353625 0.47650467812499997 0.64141370625 0.47884939375 0.6400170968750001 0.4810155546875 0.6375931828125 0.48959092968749995 0.638331790625 0.498077025 0.64028235625 0.5022754359375 0.6491119249999999 0.5126598671875 0.6558062734375001 0.5167243625 0.6747814109375 0.51618870625 0.6805525 0.5096455828125 0.6794445875 0.496916434375 0.6774940234375 0.492718025
2 0.54809584375 0.517638228125 0.5426134515625 0.5092860453125 0.536103753125 0.507343071875 0.531544621875 0.5095985109375001 0.5217683562500001 0.5247616484375001 0.5181324828125 0.5376247078125 0.5196097 0.5545969015625001 0.5235108296875 0.5629937234375 0.52704265625 0.567147496875 0.53197109375 0.56913510625 0.5349489640625 0.5669243078124999 0.544540578125 0.5496396453125 0.546779840625 0.5389427484375 0.54809584375 0.517638228125
2 0.5930057265625 0.541891290625 0.582410246875 0.529429975 0.5660436765625 0.5235117828125 0.5599032828125 0.5258118578125 0.5571100640625 0.5301441828125 0.556082759375 0.5365533953125 0.5568213671875 0.5450394921874999 0.558956584375 0.5513594265624999 0.5677861515625 0.5617438578125 0.59066241875 0.569605021875 0.594852246875 0.5631065343749999 0.5960642046875 0.5588188484375001 0.5949562921875 0.546089703125 0.5930057265625 0.541891290625
2 0.5541087546875 0.568510175 0.5532661 0.577040909375 0.555770621875 0.5876038921875 0.5593024484375 0.5917576640625 0.5778042359375 0.6039957921875 0.593247546875 0.5993063640625 0.5958561125 0.5928525140625001 0.5951175046875 0.584366415625 0.585918634375 0.5697389375 0.5662048890625 0.561788496875 0.5569019734375 0.5641778484375 0.5541087546875 0.568510175
2 0.7427859406249999 0.6418731953125 0.737118896875 0.6313994890625 0.73182115625 0.6251688296875 0.72336089375 0.619027446875 0.7168511953125 0.617084475 0.707363628125 0.6173523046875 0.70438575625 0.619563103125 0.700195928125 0.6260615921875 0.7009345359375 0.6345476890625 0.7134805828124999 0.6512074171875 0.7219408453125 0.6573488000000001 0.7333789796875 0.66127938125 0.741100634375 0.6589346671875 0.7437092015625 0.6524808171875 0.7427859406249999 0.6418731953125
2 0.9363006687500001 0.5704815453125 0.9297909703125 0.568538571875 0.9236505781250001 0.5708386484375 0.9192760968749999 0.5752156109375 0.9158248765625 0.5902001968749999 0.915351528125 0.60297398125 0.9203605703125 0.6240999484375 0.9290054859374999 0.6323628546875 0.9369117921875001 0.6321396640625 0.944079490625 0.6234303765625 0.9463187546875 0.6127334796875 0.9437336265624999 0.5830321390625001 0.941598409375 0.5767122046875001 0.9363006687500001 0.5704815453125
0 0.6163113250000001 0.317926009375 0.62245171875 0.315625934375 0.629434765625 0.3047951203125 0.6316740296875001 0.2940982234375 0.6313047265625 0.2898551734375 0.6268496375 0.27509378125 0.621551896875 0.2688631203125 0.6148575484375 0.264798625 0.6037887171875 0.2651110921875 0.5964363671874999 0.2716988546875 0.5938278 0.278152703125 0.5926158421875 0.2824403921875 0.5942777109375 0.301534109375 0.5999447546875001 0.312007815625 0.6050578437499999 0.3161169515625 0.6084050171875 0.3181492 0.6163113250000001 0.317926009375
0 0.46187822343749996 0.364820303125 0.464486790625 0.3583664546875 0.4655140953125 0.3519572421875 0.4640368796875 0.334985046875 0.4601357484375 0.32658822656250003 0.453256746875 0.32040220625 0.44990957187499997 0.3183699578125 0.440422003125 0.3186377859375 0.43586287187500006 0.320893225 0.42887982343750003 0.3317240359375 0.427667865625 0.3360117234375 0.4268252125 0.3445424578125 0.429329734375 0.35510544374999997 0.4383439546875 0.367611396875 0.4416911296875 0.369643646875 0.45592248125 0.3692419046875 0.46187822343749996 0.364820303125
0 0.497495478125 0.519066646875 0.5034512203125 0.514645046875 0.507456396875 0.506025034375 0.5095110078125 0.49320661250000003 0.509141703125 0.4889635640625 0.5050559203125 0.47844521718750005 0.4997581796875 0.47221455937499995 0.49148256874999996 0.4681947 0.4835762625 0.46841789062499994 0.47603925937499997 0.47288413125 0.47324604062500003 0.47721645468749996 0.47082212500000004 0.485791828125 0.47248399374999994 0.504885546875 0.474434559375 0.5090839578125 0.4814982125 0.517391503125 0.48484538749999995 0.51942375 0.497495478125 0.519066646875
0 0.54458745625 0.477329265625 0.5413443265625 0.45828018437500007 0.537627846875 0.45200488906249997 0.525820409375 0.4438312578125 0.5194953640625 0.44400980937499995 0.51493623125 0.446265246875 0.5063719234375 0.4571406984375 0.505159965625 0.4614283828125 0.50663718125 0.47840057812500003 0.5105383125 0.48679740000000005 0.519183228125 0.4950603078125 0.5241116640625 0.49704791718749997 0.5334145796875001 0.494658565625 0.539370321875 0.49023696406250006 0.54458745625 0.477329265625
0 0.5950031703125 0.4737793234375 0.5991929984375 0.467280834375 0.60040495625 0.46299314999999996 0.5983737828125 0.4396563828125 0.5895442171874999 0.42927194999999996 0.5861970421875 0.42723970156249996 0.57354695 0.42759680624999996 0.5705690796875 0.4298076078125 0.5635860328125 0.44063841875 0.5623740749999999 0.44492610624999995 0.563851290625 0.4618983 0.5677524218750001 0.470295121875 0.5746314234375001 0.4764811421875 0.5779785984375 0.478513390625 0.5874661671875 0.4782455609375 0.5950031703125 0.4737793234375
0 0.6665292390625 0.47601365937500006 0.6735122859375 0.465182846875 0.6757515484375001 0.4544859484375 0.673062375 0.44180144062500004 0.66916124375 0.43340462031250004 0.6622822421875 0.42721859999999995 0.65735380625 0.4252309890625 0.6448883671875 0.4277096171875 0.6363240578125 0.43858506875 0.6351121 0.4428727546875 0.636589315625 0.45984495000000003 0.63853988125 0.464043359375 0.64736945 0.47442779062499996 0.657226321875 0.4784030125 0.66197010625 0.4782690984375 0.6665292390625 0.47601365937500006
0 0.7984084984375001 0.49781162968750003 0.80185971875 0.48282704374999996 0.8013057625 0.476462471875 0.7989858937500001 0.46802101250000006 0.7935035015625 0.45966882968749995 0.7883904140625 0.45555969531249996 0.7755556703125001 0.45379527499999994 0.76643740625 0.45830615156250004 0.76085096875 0.4669708015625 0.7598236625 0.4733800125 0.7611162265625 0.48823068437500006 0.770315096875 0.5028581625 0.778590709375 0.5068780234375 0.7880782765625 0.50661019375 0.7956152796875 0.502143953125 0.7984084984375001 0.49781162968750003
1 0.653892296875 0.3126116484375 0.65194173125 0.3084132375 0.6432968156250001 0.30015032812500003 0.6401342921875 0.30023960625 0.6327819421875 0.30682736875 0.631569984375 0.3111150546875 0.6328625484375 0.3259657265625 0.648178375 0.3744483203125 0.6550573749999999 0.3806343390625 0.659801159375 0.38050042500000003 0.6669688593750001 0.3717911390625 0.665860946875 0.3590619921875 0.6604826 0.33369297656249997 0.653892296875 0.3126116484375
1 0.7310854078125 0.325319690625 0.7243910578125 0.3212551953125 0.69007665625 0.309463446875 0.681985696875 0.30756511249999996 0.677426565625 0.3098205515625 0.6732367375 0.31631903906250003 0.6743446484375 0.329048184375 0.684570825 0.337266453125 0.7076317453125001 0.3472491421875 0.7222324015625 0.35109045 0.72995405625 0.3487457328125 0.733959234375 0.3401257234375 0.7330359734375 0.3295181 0.7310854078125 0.325319690625
1 0.88738846875 0.26348545 0.8866498609375 0.254999353125 0.8846992953124999 0.25080094218750004 0.8795862078125 0.2466918078125 0.8714952484375 0.24479347499999998 0.835495540625 0.2500631984375 0.8281431890625001 0.2566509625 0.8269312328125 0.2609386484375 0.827669840625 0.2694247453125 0.8296204046875 0.27362315625 0.8347334937499999 0.2777322921875 0.8616149375000001 0.27697344375 0.8802207703124999 0.2721947375 0.8861765125 0.2677731375 0.88738846875 0.26348545
1 0.9405608140625 0.45551748906249995 0.9423501671875 0.42143918593749996 0.9401343437499999 0.3959808921875 0.9362332109375 0.387584071875 0.929354209375 0.3813980515625 0.9230291640624999 0.3815766046875 0.9200512921874999 0.38378740312500004 0.9172580734375 0.38811972968749997 0.91623076875 0.39452893906250003 0.9174192874999999 0.42639644218750006 0.92084706875 0.44756704843749995 0.9266987640625001 0.46016228124999997 0.9302305921875 0.464316053125 0.9333931140624999 0.4642267765625 0.937952246875 0.46197133749999997 0.9405608140625 0.45551748906249995
1 0.5923711640625 0.5163883625000001 0.59115920625 0.520676046875 0.5920824671875 0.5312836703125 0.59561429375 0.53543744375 0.6038899046874999 0.5394573015625 0.6463993109375 0.5361305484375001 0.6507737921875 0.5317535875 0.651801096875 0.525344375 0.649481228125 0.516902915625 0.6439988343749999 0.5085507328125 0.5965609921875 0.5098898734375 0.5923711640625 0.5163883625000001
1 0.6006233359375 0.556563409375 0.5950368984375001 0.565228059375 0.5963294625 0.5800787296875 0.601627203125 0.5863093890625 0.614461946875 0.5880738078125 0.64274 0.5851488 0.6518582640624999 0.5806379203125 0.6544668328125 0.5741840734375 0.6537282234374999 0.565697975 0.6482458296875 0.5573457921875 0.6417361328125 0.5554028203125 0.6006233359375 0.556563409375
1 0.630828515625 0.5939920015625 0.6274813406249999 0.5919597515625 0.6197596859375001 0.59430446875 0.6169664671875 0.5986367921875 0.61825903125 0.6134874609375001 0.653392646875 0.6529036625 0.656739821875 0.6549359109374999 0.6646461312499999 0.6547127203125 0.6676240015625 0.6525019203125 0.670047915625 0.6439265468750001 0.66735874375 0.6312420390625 0.6549973484375 0.6167038359375 0.630828515625 0.5939920015625
1 0.61322655 0.6285166859375 0.60373898125 0.6287845140625 0.5775961453125 0.638029459375 0.5655000109375 0.6447511359375 0.5642880531250001 0.6490388234375 0.5632607468749999 0.6554480328125 0.5655806171875 0.6638894921875 0.5724596187500001 0.6700755140625 0.577203403125 0.6699416 0.6184202453125 0.6517641750000001 0.6210288109375 0.6453103265625 0.6202902031249999 0.6368242296875 0.6183396375 0.63262581875 0.61322655 0.6285166859375
0 0.5655000109375 0.6447511359375 0.5760148843749999 0.6380740968749999 0.578808103125 0.6337417703125 0.581047365625 0.623044871875 0.5803087578125 0.614558775 0.5762229750000001 0.6040404296874999 0.5726911484375 0.5998866578125 0.5626496234375 0.5937899125 0.5515807921875 0.5941023796875 0.5486029218749999 0.59631318125 0.543016484375 0.6049778296875 0.5419891781249999 0.611387040625 0.5432817421875 0.6262377109374999 0.5471828734375 0.6346345312499999 0.5524806140625 0.6408651921875 0.5607562265625 0.6448850484374999 0.5655000109375 0.6447511359375