0 0.3886232890625 0.4150336 0.3850885671875 0.40842902499999995 0.3812230578125 0.404983921875 0.3731612546875 0.40125318906249996 0.3563760734375 0.40011066875 0.3476526984375 0.4026988796875 0.343125615625 0.40557272343750006 0.33826774843749996 0.4116060390625 0.337109996875 0.4226641921875 0.34064471875 0.4292687671875 0.344510228125 0.43271387031249997 0.35257203125 0.4364446015625 0.36935721250000003 0.43758712187500004 0.375817046875 0.43643583125 0.384871209375 0.430688146875 0.38730014375 0.42767148749999995 0.3886232890625 0.4150336
0 0.3493351390625 0.5682767875 0.34127333593750003 0.5645460546875001 0.3307825984375 0.563831978125 0.3243227625 0.5649832703125 0.3131704515625 0.570588140625 0.3083125859375 0.57662145625 0.307154834375 0.5876796093750001 0.31068955468750004 0.594284184375 0.31648781718749996 0.599451840625 0.3226168671875 0.6014600203125 0.3415001953125 0.60274535625 0.35038896406250003 0.59857740625 0.357510371875 0.5911071703124999 0.358668125 0.580049015625 0.3493351390625 0.5682767875
0 0.41356024687500004 0.6410611578125 0.407761984375 0.6358935046874999 0.3977674265625 0.6304402203125 0.385178540625 0.6295833296875 0.3764551671875 0.6321715421875 0.3672356109375 0.6394989640625 0.364641284375 0.6440953578124999 0.363648925 0.653573775 0.367183646875 0.66017835 0.3729819109375 0.6653460046874999 0.3852400078125 0.669362365625 0.3936325984375 0.6699336265625 0.404454121875 0.6674882296875 0.4114101359375 0.6615977296875 0.41643339687500003 0.6539846781249999 0.41356024687500004 0.6410611578125
0 0.29646574531250003 0.7301415046875 0.2848692203125 0.7198061953125 0.268084040625 0.718663675 0.2593606640625 0.7212518890624999 0.24787756718749998 0.73001623125 0.245283240625 0.734612625 0.24445627499999997 0.7425113062500001 0.24605824375 0.7473933296874999 0.2536238671875 0.755863271875 0.26168567187499997 0.7595940031249999 0.276372703125 0.7605937078125 0.2850960796875 0.758005496875 0.294315634375 0.750678075 0.2993388953125 0.7430650234375 0.29646574531250003 0.7301415046875
0 0.5421238953125 0.8057295484375 0.5324601234374999 0.7971167921875 0.5284292203125001 0.795251425 0.511644040625 0.7941089046875 0.5029206640624999 0.7966971171874999 0.49613004375 0.80100788125 0.4935357171875 0.805604275 0.492212571875 0.8182421640624999 0.4955819015625 0.8264264750000001 0.50734381875 0.8351820484375001 0.5241290000000001 0.8363245671874999 0.5284906875 0.8350304609375 0.54207193125 0.826408934375 0.5446662578125 0.8218125390625 0.5454932234375 0.8139138578124999 0.5421238953125 0.8057295484375
0 0.485847159375 0.7175762609375 0.4782815359375 0.70910631875 0.47021973125 0.7053755859375 0.4555327 0.7043758812500001 0.45117101093749995 0.7056699875 0.439853309375 0.71285459375 0.4374243765625 0.71587125 0.43593583750000003 0.7300888765625 0.43947055781250005 0.7366934515625 0.4513978703125 0.7438692875 0.46188860781249996 0.7445833625 0.47690642656250004 0.7424235953125 0.48143350781249994 0.739549753125 0.4867875546875 0.7287772296874999 0.487449128125 0.722458284375 0.485847159375 0.7175762609375
0 0.5331121921875 0.7303394234375 0.527479321875 0.72359203125 0.5234484203124999 0.7217266671875 0.5003688000000001 0.7201557015625 0.4960071109375 0.72144980625 0.48905109687500004 0.7273403078125 0.48645676875 0.7319367015625 0.4851336234375 0.7445745921875 0.48866834687500005 0.7511791671875 0.49253385468750005 0.75462426875 0.50269380625 0.7584978171875 0.508988246875 0.7589262625 0.524006065625 0.75676649375 0.5307966875 0.7524557328125 0.5358199484374999 0.7448426796875001 0.5331121921875 0.7303394234375
1 0.3228247203125 0.5187424734375 0.31586870624999996 0.5246329750000001 0.3171398875 0.5326744703124999 0.349665925 0.565117315625 0.35772772812500003 0.5688480484375 0.368383859375 0.5679823859375001 0.375339875 0.5620918875 0.376166840625 0.55419320625 0.372466725 0.549168365625 0.337511753125 0.519742178125 0.32928455625 0.5175911828124999 0.3228247203125 0.5187424734375
1 0.44602481875000005 0.633724965625 0.4230586265625 0.65125365 0.4063868765625 0.66921078125 0.4055599109375 0.6771094609375 0.4174872234375 0.6842852984375 0.428308746875 0.6818398984375 0.43979184375 0.6730755562499999 0.46601393281250003 0.644631534375 0.46651011249999996 0.639892325 0.45877909531250005 0.63300211875 0.45038650625 0.632430859375 0.44602481875000005 0.633724965625
1 0.45834438281249995 0.6775203640624999 0.4573520234375 0.6869987828124999 0.4828086171875 0.7062324765625 0.5006995859375001 0.7169962296875 0.5068286343749999 0.7190044109375 0.51941751875 0.7198613 0.5241099921875 0.715407721875 0.5251023515625 0.705929303125 0.51946948125 0.6991819140625 0.4777238890625 0.674066490625 0.46513500468749996 0.6732096015625 0.45834438281249995 0.6775203640624999
1 0.394634459375 0.72091363125 0.3878438375 0.7252243968750001 0.38182821875 0.742315865625 0.376256815625 0.7753475109375 0.37995693125 0.7803723484375 0.38398783281250004 0.782237715625 0.392380421875 0.7828089765625 0.40126919218749996 0.778641028125 0.40645784531249995 0.769448240625 0.4146235765625 0.7318202015625 0.41302160781249997 0.726938175 0.40722334531250004 0.7217705203125 0.394634459375 0.72091363125
1 0.48480283750000003 0.7477340640625 0.47883918124999997 0.744146146875 0.4491343296875 0.7453062078125 0.41683515312499997 0.7510626640625 0.41230807187499996 0.7539365078125 0.40711941874999996 0.7631292953125 0.40872138593749996 0.76801131875 0.4125868953125 0.7714564203125 0.42291223906250003 0.773750234375 0.43147022343749997 0.7727417562500001 0.4766890703125 0.7646827187499999 0.4833143 0.761951690625 0.48574323281250004 0.7589350328125 0.48480283750000003 0.7477340640625
1 0.21023384687500002 0.8070036328124999 0.2031124390625 0.8144738703125001 0.199525753125 0.8285486828125 0.196217890625 0.86014340625 0.202016153125 0.8653110609375 0.212341496875 0.867604871875 0.21896672499999997 0.8648738453125 0.2277420640625 0.8416062453125001 0.23071914062499999 0.8131709921875 0.22298812343750002 0.8062807875000001 0.21459553593749997 0.8057095265625 0.21023384687500002 0.8070036328124999
1 0.33817838125 0.8968531593750001 0.331718546875 0.89800445 0.3250933171875 0.9007354781249999 0.3197392703125 0.9115080015625001 0.3273048953125 0.91997794375 0.3374648453125 0.9238514906249999 0.3795931875 0.9251280562499999 0.39461100625 0.9229682875 0.40156702187500004 0.9170777875 0.4023939875 0.9091791062500001 0.3965957234375 0.904011453125 0.390466675 0.9020032718750001 0.33817838125 0.8968531593750001
2 0.41183534687499995 0.5566210609375 0.40360815 0.5544700640625 0.395050165625 0.555478540625 0.37953617031250003 0.5623775171875 0.37241476093750003 0.569847753125 0.3672261078125 0.5790405390625 0.36656453437500003 0.5853594859375 0.37446094531249996 0.5906699546875 0.38495168125 0.591384028125 0.39577320625 0.58893863125 0.40935445000000004 0.580317103125 0.4164758578125 0.57284686875 0.4195663640625 0.563511265625 0.41183534687499995 0.5566210609375
2 0.4181912546875 0.596828540625 0.41012945156249997 0.593097809375 0.40173686093749994 0.5925265484375 0.3949462390625 0.5968373125 0.3923519125 0.6014337078125 0.3911941609375 0.6124918625 0.394398096875 0.6222559078125001 0.40406186875000005 0.6308686640625 0.4080927703125 0.6327340312499999 0.4142218203125 0.6347422125 0.42068165625000004 0.633590921875 0.4276376703125 0.627700421875 0.430562784375 0.6199445546875 0.42752424062500005 0.6086007703125 0.4181912546875 0.596828540625
2 0.4459633515625 0.5939459296875 0.43917273124999995 0.5982566921875 0.43624761718749994 0.6060125578125 0.4415497015625 0.6159194218749999 0.4513788640625 0.6229524421875 0.467667865625 0.62883416875 0.48025675 0.629691059375 0.48478383125 0.6268172187500001 0.4859415828125 0.6157590640625 0.48240686093749996 0.6091544890625 0.4687121875 0.598676365625 0.4606503828125 0.5949456343749999 0.4459633515625 0.5939459296875
2 0.5042577609375 0.5215461484375 0.4960305640625 0.51939515 0.49166887656249997 0.520689259375 0.4871417953125 0.5235631 0.48228392812500004 0.529596415625 0.480464603125 0.5469735140624999 0.489466803125 0.5619052171875001 0.4934977046875 0.5637705828125 0.5060865890625 0.564627471875 0.5128772109375 0.560316709375 0.515802325 0.55256084375 0.516629290625 0.5446621609375 0.513756140625 0.531738640625 0.5042577609375 0.5215461484375
2 0.53695869375 0.612867678125 0.5309950375 0.6092797625 0.5205043015624999 0.6085656859374999 0.5117809265625 0.6111538999999999 0.5007940093750001 0.6151790328125 0.491739846875 0.6209267171875 0.48671658593749995 0.62853976875 0.4881531609375 0.6350015296875 0.496049571875 0.6403119984375001 0.5044421609375 0.6408832578125 0.510901996875 0.6397319671874999 0.5218889124999999 0.635706834375 0.5354701562499999 0.6270853062499999 0.5403280234375 0.6210519921875 0.53695869375 0.612867678125
2 0.4787682125 0.6439086859375001 0.47230837656249997 0.645059978125 0.46778129531249996 0.6479338203125 0.46518696718749997 0.6525302140625 0.46822551093750003 0.663873996875 0.484183725 0.6729152 0.50063811875 0.6772171921875 0.5091961015625001 0.676208715625 0.5158213296875 0.6734776874999999 0.5168136875 0.6639992703125001 0.503449803125 0.650361675 0.48925894999999997 0.6446227609374999 0.4787682125 0.6439086859375001
2 0.4412284171875 0.6795373171875 0.4194199765625 0.6860078484375001 0.41020042187500005 0.6933352687500001 0.4076060953125 0.6979316640625 0.40628295000000003 0.710569553125 0.409983065625 0.7155943921875 0.41611211406250004 0.717602575 0.4335588671875 0.7124261484375001 0.451667190625 0.7009307796875001 0.45685584375 0.691737990625 0.4552538765625 0.6868559671875001 0.4454247109375 0.679822946875 0.4412284171875 0.6795373171875
2 0.6095763937500001 0.686223309375 0.59908565625 0.685509234375 0.5922950328125001 0.6898199984375 0.5871063796875 0.699012784375 0.58495626875 0.71954935625 0.5904237453125 0.7278764828125001 0.5944546468749999 0.72974185 0.604945384375 0.7304559265624999 0.6162630890624999 0.7232713171875 0.618857415625 0.718674925 0.6201805609375 0.7060370359375 0.6187439859375 0.699575275 0.61537465625 0.6913909625 0.6095763937500001 0.686223309375
0 0.47516251875000004 0.5370666515625 0.46533335468750003 0.53003363125 0.45290986406249995 0.52759700625 0.446450028125 0.528748296875 0.4331995703125 0.5342103515625001 0.4281763109375 0.541823403125 0.42718395156250005 0.5513018203125 0.42878592031249996 0.55618384375 0.4365169375 0.5630740484375 0.45297133125 0.5673760421875 0.46815454062499995 0.5636365375 0.47494516249999996 0.559325775 0.47737409687500004 0.5563091171875 0.47853184843749996 0.5452509625 0.47516251875000004 0.5370666515625
1 0.534662196875 0.755900834375 0.51754623125 0.757917784375 0.48734520156250005 0.7638170578125 0.47829103906250003 0.769564740625 0.47746407343749997 0.7774634234375 0.48309694375 0.7842108140625 0.4998821234375 0.785353334375 0.5234579234375001 0.7821850890625 0.5471991187499999 0.777437109375 0.553989740625 0.7731263453125 0.5551474921875 0.7620681921875 0.5493492296875 0.7569005390625 0.534662196875 0.755900834375