0 0.30529036249999997 0.4911865390625 0.2960820984375 0.48757062656250005 0.28238346875000003 0.48726621249999996 0.2710437859375 0.490425503125 0.2643082375 0.49539275156249996 0.2621388984375 0.50046146875 0.26240435156249997 0.5124068625 0.2671601703125 0.5210407578125 0.2786894609375 0.5264138890625001 0.28785980312500004 0.528323315625 0.3015205109375 0.5269212453125001 0.3060488 0.5253162328125 0.3149916109375 0.5169867515625 0.31716095 0.511918034375 0.316971340625 0.5033856109375 0.3122534421875 0.4964582 0.30529036249999997 0.4911865390625
0 0.4882800609375 0.5106037546875 0.479223484375 0.51381378125 0.4657523859375 0.523748275 0.4635451234375 0.527110509375 0.4637347328125 0.5356429328125001 0.4708115796875 0.546034046875 0.47773673906249997 0.5495992234375 0.484623975 0.5514579140625 0.5006057109375 0.5518130640625001 0.5096622875000001 0.5486030375000001 0.5163978359375 0.543635790625 0.5186050984375 0.5402735578125 0.5183396453125 0.528328165625 0.513583825 0.5196942703125 0.5066207453125 0.5144226078125 0.4882800609375 0.5106037546875
0 0.519576521875 0.27592064375 0.515048234375 0.2775256578125 0.5061054234375 0.28585513749999997 0.503936084375 0.29092385625 0.50412569375 0.2994562796875 0.5088815125 0.308090175 0.5181656203125 0.3151190546875 0.5250528578125 0.3169777484375 0.5410345921874999 0.3173328984375 0.5545436140625 0.3091048875 0.5589581359375 0.3023804203125 0.5586547609375 0.28872854375 0.5562958124999999 0.2852648375 0.5470117046875 0.2782359578125 0.5378034406250001 0.2746200453125 0.519576521875 0.27592064375
0 0.6297042609375 0.1999084 0.6204580749999999 0.1945860015625 0.6135708375 0.1927273109375 0.597627025 0.19407864531250002 0.5841180046875001 0.2023066546875 0.579779325 0.21244409062499997 0.5799310125 0.2192700296875 0.5846868328125 0.22790392499999998 0.5939709390625 0.23493280468750002 0.6008581765625001 0.236791496875 0.61455680625 0.23709591093750002 0.6213682 0.2355416328125 0.628141671875 0.23228087187500002 0.637046559375 0.22224490624999999 0.6367811062500001 0.2102995140625 0.6343842359375 0.2051293234375 0.6297042609375 0.1999084
0 0.5978623484375001 0.1019792109375 0.5863330578125 0.096606078125 0.5680682171875 0.0962001921875 0.559011640625 0.09941022031249999 0.5523140140625 0.10608395 0.5501446750000001 0.11115266875 0.5504859718749999 0.1265110296875 0.5528828421875 0.1316812203125 0.559845921875 0.13695288125 0.56677108125 0.14051805781249999 0.5850359218750001 0.14092394375 0.5918473140625 0.139369665625 0.60086596875 0.13445315468750002 0.607487753125 0.12436645312500001 0.60729814375 0.1158340296875 0.6048633515625 0.10895735625 0.5978623484375001 0.1019792109375
0 0.35988072656250003 0.175150259375 0.3507103859375 0.1732408328125 0.3370496765625 0.174642903125 0.3325213890625 0.176247915625 0.3213333953125 0.1862331453125 0.31916405625 0.1913018625 0.3216746921875 0.20159150625 0.3263925890625 0.2085189171875 0.3379598015625 0.21559853437499998 0.342563934375 0.21740648906249999 0.35854566875 0.21776163906249998 0.3653570625 0.2162073625 0.37654505625 0.20622213281250001 0.3786764734375 0.1994469296875 0.3761658375 0.1891572859375 0.37144794062500003 0.182229875 0.35988072656250003 0.175150259375
0 0.304623353125 0.2557931296875 0.28875538437500003 0.260557434375 0.28426501718749997 0.2638689328125 0.2798504953125 0.2705933984375 0.28004010468749996 0.279125821875 0.2848338453125 0.28946620156249997 0.2917969265625 0.2947378625 0.30100519062500003 0.298353775 0.3192700296875 0.29875965937500004 0.3327790515625 0.29053165000000003 0.3371935734375 0.28380718437499997 0.3370039640625 0.27527476093750003 0.33460709375 0.2701045703125 0.3252850640625 0.26136920468749997 0.31147266875 0.2559453375 0.304623353125 0.2557931296875
0 0.282702428125 0.29624140468750004 0.26447550937500003 0.297542003125 0.2577020390625 0.3008027671875 0.25324959375 0.3058207484375 0.2511560984375 0.3143024359375 0.25130778593750003 0.321128375 0.25370465625 0.3262985640625 0.260705659375 0.3332767109375 0.2699139234375 0.336892621875 0.28136737031250003 0.338852784375 0.29499015625 0.3357442296875 0.306216071875 0.327465484375 0.3083854109375 0.3223967671875 0.30583685312500003 0.3104006375 0.30115687812499997 0.3051797140625 0.289589665625 0.298100096875 0.282702428125 0.29624140468750004
1 0.247924946875 0.27158958593750004 0.2505493484375 0.28699868125 0.252908296875 0.2904623859375 0.2575503515625 0.29397682812500003 0.2735320859375 0.294331978125 0.2802676359375 0.28936472968750004 0.2795850421875 0.25864800625 0.276960640625 0.24323890937499998 0.274601690625 0.2397752046875 0.26303447812499997 0.2326955875 0.2561851640625 0.23254338125000001 0.251656875 0.23414839375000002 0.24720443125 0.2391663765625 0.247924946875 0.27158958593750004
1 0.4245806515625 0.5194220640625 0.42473233906249996 0.526248003125 0.42941231406249997 0.5314689265625 0.434016446875 0.5332768828125001 0.4431488671875 0.533479825 0.479223484375 0.51381378125 0.49269458281249995 0.5038792859375001 0.49486392187500006 0.49881056875 0.4923912078125 0.490227409375 0.4877491546875 0.48671297031250005 0.4763336296875 0.48645929218750006 0.45597529375 0.49453509218749997 0.42678791250000003 0.51605983125 0.4245806515625 0.5194220640625
1 0.4422008203125 0.490817709375 0.4536542671875 0.492777871875 0.474050525 0.48640855624999996 0.5056726984375 0.4717604921875 0.512408246875 0.466793246875 0.512180715625 0.4565543390625 0.5052176359375 0.45128267656250004 0.49608521562499996 0.45107973437500004 0.46210409218750004 0.4622640921875 0.43950057343750004 0.47199564218749995 0.432802946875 0.47866937500000006 0.43523773906249996 0.48554605000000006 0.4422008203125 0.490817709375
1 0.5269110296874999 0.40059549531250005 0.545213790625 0.4027078640625 0.5953283359375 0.398704596875 0.6043469906250001 0.393788084375 0.6064784078125001 0.38701288125 0.6040815375 0.3818426921875 0.599439484375 0.3783282515625 0.592552246875 0.376469559375 0.533267359375 0.3785634015625 0.5264559671875 0.3801176796875 0.5197583390625 0.3867914109375 0.5199479484375 0.3953238328125 0.5269110296874999 0.40059549531250005
1 0.3929740625 0.329393440625 0.39993714375 0.3346651015625 0.41831575 0.340190440625 0.452751934375 0.3494838984375 0.46873366875 0.3498390484375 0.4732240359375 0.34652755156250004 0.475393375 0.3414588328125 0.47059963437499996 0.331118453125 0.45907034218750004 0.325745321875 0.410859684375 0.312734478125 0.40172726406250003 0.3125315359375 0.39719897656250003 0.31413655 0.3905013484375 0.32081028125 0.3929740625 0.329393440625
1 0.440274596875 0.30144865 0.44518210312499995 0.31690848437499997 0.44986207968749997 0.3221294078125 0.45907034218750004 0.325745321875 0.4659196578125 0.325897528125 0.47493831249999996 0.3209810171875 0.47201053593750003 0.2919200421875 0.462347209375 0.2678263140625 0.45538412812500006 0.262554653125 0.4416854984375 0.2622502390625 0.43715721093750004 0.2638552515625 0.4349499484375 0.2672174859375 0.43529124531249996 0.28257584687500004 0.440274596875 0.30144865
1 0.2600765703125 0.099589784375 0.264604859375 0.097984771875 0.26901938125 0.09126030625 0.268374709375 0.0622500671875 0.2587493046875 0.039862821874999996 0.251786225 0.0345911625 0.244936909375 0.0344389546875 0.23363515 0.0393047296875 0.2369042234375 0.0837240671875 0.24405691406250002 0.0975281515625 0.2486610453125 0.09933610625 0.2600765703125 0.099589784375
2 0.2652417375 0.229333353125 0.274525846875 0.2363622359375 0.27912997968750003 0.238170190625 0.2952254796875 0.2436447953125 0.30435789999999996 0.24384773750000002 0.31109345 0.238880490625 0.3132248671875 0.2321052890625 0.308469046875 0.22347139375 0.289862909375 0.20770714531249998 0.2760505140625 0.202283278125 0.2646349875 0.2020296 0.2578994390625 0.206996846875 0.2581269703125 0.21723575468749998 0.2652417375 0.229333353125
2 0.394604703125 0.40277227968749996 0.3809439953125 0.4041743515625 0.37420844531249997 0.40914159687499996 0.3743980546875 0.4176740203125 0.3767570046875 0.421137725 0.390683165625 0.431681046875 0.3998914296875 0.435296959375 0.41366590312499996 0.4390143421875 0.4227983234375 0.4392172859375 0.429609715625 0.4376630078125 0.4341000828125 0.434351509375 0.4385146046875 0.42762704218750003 0.436041890625 0.419043884375 0.431361915625 0.4138229578125 0.41062436093750004 0.404833915625 0.394604703125 0.40277227968749996
2 0.4404564140625 0.412319415625 0.44072186718750006 0.4242648078125 0.4431187375 0.4294349984375 0.45019558281250005 0.43982611406250005 0.4571586640625 0.445097775 0.4686121109375 0.4470579375 0.477630765625 0.4421414265625 0.4798001046875 0.4370727078125 0.47934504218749996 0.41659489218749995 0.47687232812499997 0.40801173437499993 0.47215443125 0.4010843234375 0.4629082453125 0.395761928125 0.447002353125 0.398819746875 0.442549909375 0.40383772812499996 0.4404564140625 0.412319415625
2 0.469461978125 0.2799239140625 0.478746084375 0.2869527953125 0.4833502171875 0.28876075156250003 0.49023745312499994 0.2906194421875 0.5016529796875 0.2908731203125 0.508312684375 0.2824929046875 0.508085153125 0.272253996875 0.5009703859375 0.260156396875 0.491686278125 0.253127515625 0.477835959375 0.2459971640625 0.46870354062499997 0.245794221875 0.4596848859375 0.2507107328125 0.4599882609375 0.264362609375 0.469461978125 0.2799239140625
2 0.43050529531250004 0.1698971265625 0.428449721875 0.1800852984375 0.4378475953125 0.1922336328125 0.45177375625 0.2027769546875 0.4609820203125 0.2063928671875 0.4678692578125 0.208251559375 0.4770016765625 0.20845450156249998 0.48149204375 0.20514300312499997 0.4836234609375 0.1983678015625 0.48115074687500003 0.1897846421875 0.46946976874999996 0.177585571875 0.45790255625 0.17050595468750002 0.44641118750000003 0.16683930625 0.4372787671875 0.1666363640625 0.43050529531250004 0.1698971265625
2 0.536073578125 0.5048432640625 0.5293380296875 0.5098105125 0.5204710625 0.5215529609375 0.520926125 0.5420307765625 0.525644021875 0.5489581875 0.5279650499999999 0.5507154078125 0.5416636796875001 0.551019821875 0.54843715 0.5477590593749999 0.5573420390625 0.5377230953125001 0.561604875 0.5241726875 0.5590183953125 0.510470075 0.5566594453125 0.5070063703125001 0.5497342875 0.50344119375 0.5406018671874999 0.5032382515625 0.536073578125 0.5048432640625
2 0.64929636875 0.260041246875 0.6562594484375001 0.2653129078125 0.66539186875 0.26551585 0.6743726015625 0.258892853125 0.6809564640625 0.24709966875 0.680615165625 0.2317413078125 0.67821829375 0.2265711171875 0.6688962640625 0.2178357515625 0.6529145296875 0.21748060156250001 0.6484241640625 0.2207921 0.644009640625 0.2275165671875 0.6445405484375 0.251407353125 0.64929636875 0.260041246875
2 0.5891169390625 0.0165027703125 0.5915517328125001 0.0233794453125 0.5962317078125 0.028600371875000002 0.6124409749999999 0.0391944296875 0.6216492375 0.042810340625 0.63534786875 0.0431147546875 0.6398761562499999 0.0415097421875 0.6465358625000001 0.033129525 0.646384175 0.026303585937500002 0.639015728125 0.01420035 0.5890410953125 0.0130898015625 0.5891169390625 0.0165027703125