0 0.29807649375 0.55413728125 0.292341803125 0.5457747984375 0.2861966234375 0.5422430546875 0.279914615625 0.5403215578125 0.2670769328125 0.539699059375 0.2605212640625 0.5409980578125 0.2492758765625 0.5469202953125001 0.2468626015625 0.5500370390625 0.243765178125 0.5612050171875 0.2454943 0.5661395078125 0.25537138593750003 0.5763197375 0.261653396875 0.578241234375 0.276630690625 0.5789674828125 0.287739246875 0.574655490625 0.2947054078125 0.5685257515625 0.2971186828125 0.5654090078125 0.29807649375 0.55413728125
0 0.31724585312500003 0.5308135796875 0.32207240000000004 0.524580090625 0.3227565515625 0.5165288546875 0.31902464375 0.5098803703125 0.313016296875 0.5047383796875 0.3047315015625 0.5011028859375 0.291893821875 0.5004803875 0.28533815156250003 0.5017793859374999 0.27409276562499996 0.5077016249999999 0.271679490625 0.5108183671875001 0.2691293859375 0.51554535625 0.26858206562500003 0.5219863453125 0.27031118906249996 0.5269208359374999 0.280188275 0.5371010640625 0.284330671875 0.5389188109374999 0.2927522953125 0.5409440578125 0.301447578125 0.539748809375 0.30586363437499997 0.5383460624999999 0.31724585312500003 0.5308135796875
0 0.394458434375 0.507070625 0.3843076875 0.5001108875 0.36719078125000004 0.499280890625 0.3583586671875 0.502086384375 0.35152933750000004 0.5066058765625 0.34670278906249996 0.5128393640625 0.3457449765625 0.524111090625 0.34761093125000003 0.527435334375 0.35348245 0.5341875703125 0.36176724375 0.5378230625 0.3767445359375 0.5385493125 0.3854398203125 0.5373540640625001 0.3970956984375 0.5266010859375 0.39819034062499997 0.5137191125 0.394458434375 0.507070625
0 0.358694175 0.3970053421875 0.3466774765625 0.3867213640625 0.34039546718749997 0.38479986718750003 0.32969740000000003 0.38428111875000004 0.32086528593749997 0.3870866125 0.3141727859375 0.3899958578125 0.3094830671875 0.39461909687499996 0.306796134375 0.4009563359375 0.30998071875 0.414045809375 0.3179918515625 0.42090179687499996 0.326413475 0.42292704218750005 0.33925115625 0.423549540625 0.34808327031249997 0.420744046875 0.35718904375 0.4147180578125 0.36028646875 0.40355007968749995 0.358694175 0.3970053421875
0 0.4088265578125 0.6160984078125 0.4046841625 0.6142806625 0.38756725468750003 0.6134506640625 0.3787351421875 0.6162561578125 0.36935570625 0.6255026390625 0.366668771875 0.6318398765625 0.36785057499999996 0.6432153546875 0.380004103125 0.6518890875000001 0.39698418125 0.6543293328125 0.40353985000000003 0.653030334375 0.4125087953125 0.64861459375 0.419748615625 0.6392643640625 0.4204327671875 0.6312131296875 0.41670086093750003 0.624564640625 0.4088265578125 0.6160984078125
0 0.525087321875 0.6637748125 0.52631879375 0.6492825921875001 0.5244528421875 0.6459583484375 0.514438925 0.637388365625 0.508156915625 0.6354668703125 0.497458846875 0.634948121875 0.49090317812500006 0.63624711875 0.47965779062499997 0.6421693578125 0.477244515625 0.6452861000000001 0.47401026249999995 0.6580643265624999 0.475739384375 0.6629988140624999 0.4836136875 0.6714650484375 0.48775608437500007 0.6732827953125 0.49403809374999996 0.6752042921875 0.5047361593749999 0.675723040625 0.513568275 0.6729175453125 0.52267405 0.6668915578125 0.525087321875 0.6637748125
0 0.5796722984375 0.653486584375 0.576077221875 0.6452278515625001 0.568066090625 0.638371865625 0.559781296875 0.634736371875 0.5425275593750001 0.6355166203125 0.5312821703124999 0.641438859375 0.5288688984375 0.6445556031249999 0.5275005968750001 0.660658071875 0.5293665484375001 0.6639823125000001 0.5415200796875 0.6726560453125 0.552081315625 0.6747850421875 0.56733226875 0.672290796875 0.57188515625 0.669277803125 0.5767117046875 0.6630443171875 0.5793986390625 0.656707078125 0.5796722984375 0.653486584375
0 0.537663521875 0.5916249578125 0.5332474656249999 0.5930277046875 0.5217284156249999 0.6021704375 0.518767821875 0.6117281671875 0.5222260671875001 0.6215971484375 0.534379596875 0.6302708796875 0.551496503125 0.631100878125 0.5603286187500001 0.628295384375 0.569571221875 0.62065915 0.5723949859374999 0.6127116671875 0.5670707890625 0.5995184421875 0.5547804265625 0.59245495625 0.537663521875 0.5916249578125
2 0.27394375625 0.5853047203124999 0.2699381890625 0.581876725 0.254960896875 0.5811504765625 0.2504080078125 0.5841634703125 0.2428945265625 0.596734196875 0.24207354531249997 0.606395678125 0.2476714046875 0.61636840625 0.2536797546875 0.621510396875 0.2578221515625 0.62332814375 0.27065983125000004 0.6239506421875001 0.27521271718749996 0.6209376484375 0.2801760953125 0.6130939140625 0.28113390781250003 0.6018221859375 0.2776756609375 0.59195320625 0.27394375625 0.5853047203124999
2 0.3039733234375 0.6870075171875001 0.29195662499999997 0.6767235375 0.2792557765625 0.6744907921875 0.27483971875 0.6758935390625 0.2680103875 0.68041303125 0.265460284375 0.6851400203125 0.26463930156250004 0.6948015015625 0.2722399453125 0.706488228125 0.2863962578125 0.716875959375 0.2992339375 0.7174984578125 0.3036499953125 0.716095709375 0.30820288125 0.7130827156249999 0.3107529859375 0.7083557234375 0.31130030625 0.7019147390625 0.3039733234375 0.6870075171875001
2 0.4199726078125 0.6619115671875 0.41114049374999995 0.6647170609375 0.3925184546875 0.6815997796875 0.3899683515625 0.6863267703125 0.3890105390625 0.697598496875 0.397158503125 0.7028442359375 0.4101330109375 0.7018564890625 0.42834456093749995 0.6898045125000001 0.43558438125 0.6804542812500001 0.43667902343750004 0.6675723062500001 0.43267345781250005 0.6641443125000001 0.42853106093750004 0.662326565625 0.4199726078125 0.6619115671875
2 0.46725495781250004 0.48473042031249997 0.46283890000000005 0.4861331671875 0.45587273906250003 0.49226290468749995 0.4551885875 0.5003141390625 0.460923278125 0.5086766218750001 0.479632478125 0.5160513578125 0.49888899843749995 0.51698510625 0.5077211125 0.5141796125 0.5104080468750001 0.5078423734374999 0.508815753125 0.5012976375 0.49880183906250003 0.49272765312500005 0.47581341093749996 0.48514542031249996 0.46725495781250004 0.48473042031249997
2 0.5497055328125 0.7280269374999999 0.5452894765625 0.729429684375 0.5294912015625 0.738364915625 0.517835321875 0.74911789375 0.5168775109375 0.760389621875 0.5228858609375 0.7655316125 0.531307484375 0.7675568562499999 0.5421423828124999 0.7664653609375 0.5556642125 0.759036625 0.5674569203125001 0.7466733984375 0.5685515624999999 0.7337914265625 0.5625432125 0.7286494359375 0.5497055328125 0.7280269374999999
2 0.641447425 0.659715821875 0.6332994640625 0.6544700828125001 0.624741009375 0.6540550828125 0.6181853390625001 0.6553540812499999 0.6113560078125 0.6598735718750001 0.59901598125 0.6786777859375 0.59805816875 0.6899495124999999 0.6019269046875 0.694987753125 0.6060692999999999 0.6968055 0.61890698125 0.6974279984375 0.6278759234375 0.6930122562500001 0.6396686328125 0.68064903125 0.6447688406250001 0.6711950484375 0.64517933125 0.666364309375 0.641447425 0.659715821875
2 0.610610009375 0.7697853546875 0.5997751124999999 0.7708768515625 0.582110884375 0.776487840625 0.5707286671875 0.784020325 0.5694971953125 0.798512546875 0.5755055437500001 0.8036545374999999 0.5926224515625 0.8044845359374999 0.6080102359375 0.80038004375 0.6193924515625 0.7928475578125 0.6264954453125 0.7851075734374999 0.6250399828125001 0.7769525890625 0.6190316328125001 0.7718105984375 0.610610009375 0.7697853546875
2 0.58045674375 0.8718036515625001 0.5526417703125001 0.870454903125 0.5460860984375 0.8717539015625 0.5372539859375001 0.8745593953125 0.5325642687500001 0.8791826359374999 0.5316064578125 0.8904543625000001 0.537477978125 0.8972066015625 0.5628796765625 0.9016720921875001 0.5824098578125 0.899385346875 0.5913788015625 0.894969603125 0.596479009375 0.8855156234375 0.5947498875 0.880581134375 0.586738753125 0.8737251484374999 0.58045674375 0.8718036515625001
1 0.23837912968750002 0.649872340625 0.2290868578125 0.6833762734375 0.22785538593750002 0.697868496875 0.23572968749999998 0.7063347296875 0.2464277546875 0.706853478125 0.2553966984375 0.7024377359375 0.2578099734375 0.69932099375 0.26090739687500003 0.688153015625 0.2639176609375 0.6527275859375 0.258046140625 0.6459753484374999 0.24520846093749998 0.64535285 0.23837912968750002 0.649872340625
1 0.46774043125000003 0.5801499796875 0.4589083171875 0.582955475 0.42034560781249997 0.6069556765625 0.41565589062499997 0.6115789171875 0.41497173906249996 0.6196301515625 0.4188404765625 0.624668390625 0.42298287031250004 0.6264861374999999 0.431541325 0.6269011359375 0.43595738125 0.6254983890625 0.4834890359375 0.5970824453125 0.4841731875 0.5890312125 0.4783016671875 0.5822789765625 0.46774043125000003 0.5801499796875
1 0.44036125937500004 0.7000884921875 0.43794798593750006 0.703205234375 0.4371270046875 0.7128667156249999 0.44527496875 0.7181124546875 0.4706766671875 0.7225779484375 0.5047736515625 0.7258481906250001 0.511329321875 0.7245491937499999 0.5160190390625 0.719925953125 0.51697685 0.7086542265625 0.5088288890625 0.7034084843749999 0.44919337343750004 0.6972829968750001 0.44036125937500004 0.7000884921875
1 0.621382103125 0.59245070625 0.6064048109375 0.5917244578124999 0.601851921875 0.5947374515625 0.5990281578125 0.602684934375 0.60062045 0.609229671875 0.608992403125 0.6371226171875 0.6145902640625 0.6470953484375 0.62073544375 0.650627090625 0.6335731234375 0.6512495890625 0.6404024546875 0.6467300984375 0.64108660625 0.6386788640625001 0.636172896875 0.6206548984375 0.6253876703125 0.5958787 0.621382103125 0.59245070625
1 0.5656903062499999 0.691613759375 0.5716986562499999 0.69675575 0.5845363375 0.6973782484375 0.5890892234375 0.694365253125 0.6163193859375 0.6520298375 0.60657913125 0.6402393625 0.5937414484375 0.6396168624999999 0.5869121203125001 0.6441363531250001 0.5640980156250001 0.685069021875 0.5656903062499999 0.691613759375
1 0.610286678125 0.798873546875 0.5967648484375 0.80630228125 0.592933603125 0.8513891921875001 0.5988051234375 0.8581414281249999 0.607089915625 0.8617769203125001 0.6135087546875 0.8620881703125001 0.62020125625 0.8591789265625 0.62261453125 0.8560621828125001 0.6288590484375 0.8078585281249999 0.6209847468749999 0.7993922953125 0.6147027359375 0.7974707984375 0.610286678125 0.798873546875
1 0.4142013828125 0.88152763125 0.360847878125 0.877323640625 0.35429220781250004 0.8786226375 0.345049603125 0.8862588718750001 0.34450228125 0.8926998609375 0.350373803125 0.8994520953125 0.365077434375 0.9033988374999999 0.39931125 0.905058834375 0.41442537343749997 0.9041748359374999 0.425670759375 0.8982525984375 0.42808403437500003 0.8951358546874999 0.4286313546875 0.888694865625 0.4246257875 0.8852668734375 0.4142013828125 0.88152763125
1 0.2429076625 0.7988450453125 0.2347596984375 0.7935993046875 0.2239248015625 0.794690803125 0.2170954703125 0.7992102953125 0.2144085375 0.80554753125 0.20871133749999998 0.8473102000000001 0.2125800734375 0.8523484390625 0.2167224703125 0.8541661859375 0.22742053750000002 0.854684934375 0.23424986875 0.8501654421874999 0.23679997187500001 0.8454384515625 0.2427211609375 0.8263229890625 0.2446367828125 0.8037795359375 0.2429076625 0.7988450453125