0 0.389783959375 0.73297266875 0.40551767656250004 0.7309463890625 0.414690884375 0.7192954312500001 0.4161574484375 0.714918725 0.41573021718750003 0.69822241875 0.41068967812499996 0.68630806875 0.4042359796875 0.680857465625 0.3900756359375 0.6826811171875 0.38394236249999997 0.6897527453125 0.3780227015625 0.7051725249999999 0.378343125 0.7176947578124999 0.38170348593750003 0.72563765625 0.38658381249999996 0.7312908874999999 0.389783959375 0.73297266875
0 0.5222347578125001 0.5421198390625 0.5226619890624999 0.55881615 0.527649125 0.5686434578124999 0.532476046875 0.57220965 0.5451164234375 0.572675665625 0.5497831359375 0.5699807421875 0.5573829734375 0.5585324109375 0.5587961328125 0.5520686671874999 0.5583689 0.5353723578125 0.5566887203124999 0.5314009109375 0.55018161875 0.523863265625 0.5438347296875 0.522586740625 0.5343945 0.5238025093750001 0.5297277890625 0.5264974312499999 0.525167884375 0.5333664312499999 0.5222347578125001 0.5421198390625
0 0.45830987500000003 0.4498444828125 0.45857689375 0.46027967500000005 0.46036388281249996 0.4684252015625 0.46204406249999996 0.47239665000000003 0.470124534375 0.47973166406249995 0.4748980546875 0.48121081875 0.4827649125 0.48019767812499997 0.488951590625 0.4752130890625 0.496498025 0.46167771875 0.4977509734375 0.44895286093750003 0.494337209375 0.43892292499999996 0.48945688125000003 0.433269690625 0.48142981406249996 0.4280217171875 0.4719895828125 0.42923748437500003 0.4673228734375 0.43193240624999996 0.45972303593749997 0.4433807390625 0.45830987500000003 0.4498444828125
0 0.2506494796875 0.4158646265625 0.252489871875 0.426097190625 0.2557968265625 0.43195305156249997 0.268597415625 0.4386801828125 0.27803764375 0.4374644140625 0.284224321875 0.432479825 0.2872642578125 0.4279004921875 0.2901973859375 0.4191470828125 0.289770153125 0.402450775 0.2831562421875 0.3907390546875 0.27675595 0.387375490625 0.2672623140625 0.3865042203125 0.2610222328125 0.3894017703125 0.2534223953125 0.40085010312499997 0.250542671875 0.41169055 0.2506494796875 0.4158646265625
0 0.1856606078125 0.405389028125 0.18424744843750002 0.4118527703125 0.18456787187499998 0.4243750015625 0.18792823281249998 0.43231790156249994 0.1911817828125 0.4360867203125 0.20235559531249997 0.44092944218749996 0.2102224546875 0.43991630156249995 0.217982503125 0.43472908437499996 0.22254240625000002 0.42786008437499995 0.22547553437499998 0.419106675 0.22515511093749999 0.40658444375 0.2217947515625 0.39864154531249996 0.2152876484375 0.391103903125 0.2057406109375 0.38814559375 0.1947804140625 0.39165102812499997 0.19016710625 0.3964329890625 0.1856606078125 0.405389028125
0 0.231399284375 0.5272274218749999 0.23937295 0.5303883578125 0.25038655 0.5289699625 0.25505326093749997 0.5262750421875 0.2626531015625 0.5148267093750001 0.2641196640625 0.510450003125 0.26369243125 0.4937536953125 0.25550514999999996 0.482244603125 0.242757965625 0.47760451093749995 0.2365178828125 0.4805020625 0.2272912703125 0.490065984375 0.2243581421875 0.49881939375 0.2247853734375 0.515515703125 0.2281457328125 0.5234586015625 0.231399284375 0.5272274218749999
0 0.18547983125 0.583395184375 0.1764134296875 0.599220221875 0.1766804515625 0.6096554140625 0.1784674375 0.6178009390625 0.18665471875 0.62931003125 0.1914282375 0.6307891859375 0.20244183906250002 0.629370790625 0.20710855 0.62667586875 0.21622835624999998 0.6129378703125 0.2176415171875 0.6064741265625 0.2173210921875 0.5939518953125 0.2123339578125 0.5841245859375 0.2058802578125 0.5786739843750001 0.2011067390625 0.5771948296875 0.19323988281249999 0.5782079687499999 0.188573171875 0.580902890625 0.18547983125 0.583395184375
0 0.13713254375 0.606372959375 0.135719384375 0.6128367031249999 0.1359864046875 0.6232718953124999 0.13940016718749998 0.6333018312500001 0.14428049375000002 0.6389550640625 0.1538275328125 0.6419133734375 0.1632677609375 0.64069760625 0.17097440625 0.6334233499999999 0.1755343109375 0.6265543515625 0.1769474703125 0.62009060625 0.1766804515625 0.6096554140625 0.17489346249999999 0.6015098890624999 0.166759584375 0.5920878359375 0.16035928906250002 0.5887242703125 0.1493990921875 0.5922297046875 0.143212415625 0.59721429375 0.13713254375 0.606372959375
1 0.32300810156250004 0.7143515421875 0.3439425671875 0.7305007265625 0.35028945624999996 0.731777253125 0.3549561671875 0.72908233125 0.3579961015625 0.7245029984375 0.35946266875 0.7201262921875 0.35924905156250003 0.7117781390625 0.35756887187499997 0.7078066890625 0.326820346875 0.6782640046874999 0.317273309375 0.6753056953125001 0.31260659999999996 0.67800061875 0.308046696875 0.6848696171875 0.3083671203125 0.6973918484375 0.3116740734375 0.70324770625 0.32300810156250004 0.7143515421875
1 0.48418625468750004 0.7208149921875 0.5125069437499999 0.7171676890625001 0.515546878125 0.7125883546875 0.5170134421875 0.7082116515625 0.516746421875 0.6977764578125 0.5150662421875001 0.693805009375 0.5102393203125 0.690238815625 0.496025571875 0.689975428125 0.46770488437499996 0.69362273125 0.4630381734375 0.6963176546875001 0.45853167343749995 0.7052736921875 0.46042546875 0.7175932953124999 0.4652523921875 0.7211594890625 0.48418625468750004 0.7208149921875
1 0.3632215109375 0.681951715625 0.3582343765625 0.6721244078125 0.333725934375 0.639684171875 0.3227123328125 0.6411025671874999 0.3181524296875 0.647971565625 0.3185262578125 0.6625808375 0.3251401671875 0.6742925546875 0.35268854374999997 0.7021534578125 0.357408659375 0.7015455734375 0.3620219671875 0.6967636125000001 0.36348853124999997 0.6923869078125 0.3632215109375 0.681951715625
1 0.2658819953125 0.579322275 0.27689559531249996 0.5779038796875 0.281508903125 0.5731219171874999 0.282975465625 0.5687452140625 0.2827084453125 0.5583100187500001 0.27782812031250004 0.5526567890625 0.271427825 0.5492932234375 0.23969337343750002 0.5429105890625 0.228679771875 0.544328984375 0.22406646718749998 0.5491109468750001 0.22259990156249998 0.5534876515625 0.22286692187499998 0.5639228453125 0.227800653125 0.5716631140625 0.2658819953125 0.579322275
1 0.33148296718750003 0.552028553125 0.33294952968749997 0.54765185 0.331055734375 0.5353322453125 0.314253940625 0.49561775625 0.3061734640625 0.488282740625 0.299879978125 0.4890932515625 0.29678664062500004 0.49158554531250004 0.2937467046875 0.4961648796875 0.294067128125 0.5086871109375 0.31097573125 0.5525756796875 0.31748283437499997 0.5601133203125 0.32692306250000003 0.558897553125 0.33148296718750003 0.552028553125
1 0.1552366 0.5119091015625 0.15664975781249998 0.5054453578125 0.154862771875 0.49729983125 0.1468357015625 0.49205185625 0.140542215625 0.49286236875 0.1265954859375 0.5030341734375 0.10966222656249999 0.5198723515625 0.10200898437499999 0.52923364375 0.09760929375 0.5423637593749999 0.1041698015625 0.5519884390625001 0.11675677343749999 0.5503674171874999 0.15225006875 0.518575471875 0.1552366 0.5119091015625
1 0.1024074703125 0.48311616874999996 0.0798215703125 0.525809321875 0.07835500625 0.530186025 0.07867543125000001 0.54270825625 0.085129128125 0.548158859375 0.096035921875 0.5425663875 0.12339534062499999 0.5013523906249999 0.12464828750000001 0.48862753124999997 0.11808778281250001 0.47900285 0.11016751875 0.477928953125 0.1024074703125 0.48311616874999996
1 0.47177596875 0.4208893296875 0.473295934375 0.41859966406250004 0.4728687015625 0.4019033546875 0.46321485781250005 0.39477096875 0.42985363125 0.386503925 0.42356014531249997 0.3873144359375 0.42046680312499995 0.38980673125 0.41596030468749995 0.39876276875 0.4178006984375 0.408995334375 0.422681025 0.414648565625 0.4624425453125 0.426279175 0.46716266093750003 0.425671290625 0.47177596875 0.4208893296875
2 0.4076744 0.6301606578125 0.41103475781250004 0.63810355625 0.4142883109375 0.641872378125 0.419061828125 0.64335153125 0.4269286859375 0.642338390625 0.43300855625 0.633179725 0.43887481250000004 0.61567290625 0.4402345671875 0.6071221234374999 0.4399141421875 0.5945998921875 0.43492700781250004 0.5847725828125 0.431726859375 0.5830908015625 0.42700674687499995 0.5836986859375 0.4208200671875 0.5886832734375 0.41175366562500004 0.6045083109375 0.40887394375 0.615348759375 0.4076744 0.6301606578125
2 0.4670065421875 0.5429507046875 0.465326359375 0.5389792546875001 0.4476454453125 0.5265988921875 0.435058471875 0.528219915625 0.42577845468750003 0.5356967984375001 0.42279192343750005 0.5423631703125 0.4246857171875 0.5546827734375 0.43439296875 0.5639021984375 0.4533802359375 0.565644740625 0.46580699531249997 0.5577626 0.46722015624999996 0.5512988578125 0.4670065421875 0.5429507046875
2 0.517568046875 0.5448147640625 0.5206079828125 0.5402354296875 0.5202875578125 0.5277131984375 0.5186073796875 0.52374175 0.5121002765625 0.516204109375 0.4992996890625 0.5094769765625 0.48356597343749996 0.5115032562499999 0.4820460046875 0.5137929234375 0.480579440625 0.5181696296875 0.4808998640625 0.530691859375 0.4858335953125 0.5384321296875 0.4986875890625 0.5472462984375001 0.517568046875 0.5448147640625
2 0.532500703125 0.51148290625 0.5358610625 0.5194258046875 0.5390612109374999 0.5211075859375 0.5485014406250001 0.51989181875 0.5545813093749999 0.510733153125 0.55599446875 0.504269409375 0.5552468140625 0.4750508703125 0.5518864546875 0.46710797031249995 0.548632903125 0.4633391515625 0.54543275625 0.46165736874999996 0.53913926875 0.4624678796875 0.5330059953124999 0.46953950781250003 0.53007286875 0.4782929171875 0.53076711875 0.5054244171875 0.532500703125 0.51148290625
2 0.49462888749999995 0.3886313703125 0.49316232187500003 0.39300807656250003 0.49337593750000003 0.40135622968750007 0.4950561171875 0.4053276796875 0.49830966875 0.4090965015625 0.50785670625 0.412054809375 0.51887030625 0.410636415625 0.5282571328125 0.4073336078125 0.535910375 0.397972315625 0.5373769390625001 0.39359560937500004 0.537216728125 0.3873344953125 0.535536546875 0.38336304375 0.5275094765625 0.37811506875 0.519589215625 0.3770411703125 0.5085756124999999 0.378459565625 0.5023355328125 0.3813571171875 0.49462888749999995 0.3886313703125
2 0.2395044140625 0.473835690625 0.24427793125 0.4753148453125 0.2600116484375 0.473288565625 0.2693450703125 0.467898721875 0.2739049734375 0.461029721875 0.2753715375 0.45665301718749995 0.2751045171875 0.4462178234375 0.2734243375 0.44224637656250004 0.25747700625 0.43592450156250007 0.25118351875 0.43673501249999996 0.23712998281250003 0.4427327421875 0.232516675 0.44751470312499997 0.2295301453125 0.45418107343749997 0.231423940625 0.4665006765625 0.2395044140625 0.473835690625
2 0.25760846875 0.379371834375 0.260862021875 0.38314065468749997 0.2672623140625 0.3865042203125 0.2830494359375 0.386564978125 0.2939562296875 0.3809725046875 0.29851613125 0.3741035078125 0.2982491109375 0.3636683125 0.29011523437500003 0.3542462609375 0.283714940625 0.3508826953125 0.2789414203125 0.349403540625 0.269501190625 0.35061930937499997 0.261741140625 0.3558065265625 0.25566127031249997 0.364965190625 0.255928290625 0.375400384375 0.25760846875 0.379371834375
2 0.326635478125 0.7327296343749999 0.329515203125 0.7218891843749999 0.30674034375 0.6955074375 0.2957267421875 0.6969258328125 0.29111343437500004 0.70170779375 0.289646871875 0.7060844984375 0.2899672953125 0.71860673125 0.29170087968749997 0.72466521875 0.301461534375 0.73597168125 0.31263534531250003 0.7408144015625 0.3189288328125 0.7400038890625 0.32359554375 0.737308965625 0.326635478125 0.7327296343749999