0 0.535087378125 0.3586574421875 0.540837878125 0.353144259375 0.543336328125 0.34821979999999997 0.5450811796874999 0.33895960625 0.5420667859375 0.3216166625 0.5373075390625 0.31353391249999996 0.5333018921875 0.3097869015625 0.5260441953125 0.3066286125 0.514662025 0.30868914375 0.508911525 0.314202325 0.506413075 0.31912678437499997 0.5046682234375 0.32838697968749997 0.5076826171875 0.3457299203125 0.510439040625 0.3519391640625 0.518450334375 0.3594331875 0.5220791828125 0.361012334375 0.535087378125 0.3586574421875
0 0.3715921921875 0.3636583265625 0.3733370453125 0.3543981296875 0.37145305 0.34355879218749996 0.368696625 0.3373495484375 0.3603085328125 0.3276876546875 0.35305083593750003 0.3245293671875 0.341668665625 0.326589896875 0.335918165625 0.332103078125 0.3321704921875 0.3394897671875 0.3316748640625 0.346287734375 0.335066059375 0.3657985453125 0.3414513296875 0.37358692968749996 0.35071185 0.3786187265625 0.36209401875 0.376558196875 0.3715921921875 0.3636583265625
0 0.3144843203125 0.45002337968750006 0.318231996875 0.442636690625 0.3212260734375 0.43091426874999994 0.318965278125 0.41790705937499995 0.31420603125 0.40982431249999995 0.3045687125 0.4026246484375 0.299313840625 0.4013398640625 0.2895576921875 0.40310603437500003 0.28380719375 0.40861921562500003 0.28005951875 0.41600590468750004 0.2790682671875 0.429601834375 0.2805754625 0.4382733046875 0.2857115078125 0.448523921875 0.2933460015625 0.45385007968749996 0.3022297234375 0.4567140078125 0.3144843203125 0.45002337968750006
0 0.19608006718749998 0.35741817187499997 0.2035754171875 0.34264479375 0.200561025 0.3253018515625 0.1958017765625 0.31721910468750003 0.184161634375 0.30814593437500004 0.17890676249999998 0.30686114999999997 0.170776640625 0.3083329578125 0.166275365625 0.3113839109375 0.159652440625 0.3215271890625 0.1579075890625 0.330787384375 0.160545184375 0.34596245937500003 0.1653044296875 0.354045209375 0.17494174843750002 0.3612448734375 0.18382547031250002 0.3641088 0.19608006718749998 0.35741817187499997
0 0.1811330796875 0.6284536953125001 0.1873792046875 0.61614255 0.18825163125 0.6115124515625 0.1852372375 0.5941695078125 0.1804779921875 0.586086759375 0.17446952031250001 0.5804662406250001 0.1692146484375 0.57918145625 0.1562064515625 0.5815363484375 0.1488299296875 0.5873438921874999 0.142960603125 0.6018229078124999 0.14597499687499998 0.61916585 0.1483546203125 0.623207225 0.1603715625 0.6344482625000001 0.165626434375 0.635733046875 0.17375655625 0.6342612390625 0.1811330796875 0.6284536953125001
0 0.2556315953125 0.545648628125 0.262254521875 0.53550535 0.263999371875 0.5262451546875 0.2613617765625 0.51107008125 0.2589821546875 0.5070287046875 0.24896803437499998 0.4976611734375 0.24533918593749998 0.49608202968750004 0.23070496875000002 0.4987312828125 0.22495446718749998 0.504244465625 0.2207111671875 0.5184291187500001 0.2225951640625 0.5292684578125 0.2284848078125 0.543854809375 0.23249045468750001 0.5476018234375 0.24462622343749998 0.549877028125 0.251130321875 0.54869958125 0.2556315953125 0.545648628125
0 0.2545418328125 0.597275759375 0.25991553437500003 0.5895947109375 0.260787959375 0.5849646125 0.256643165625 0.5611180671875 0.2542635453125 0.557076690625 0.246629046875 0.551750534375 0.24137417499999997 0.5504657500000001 0.2283659796875 0.55282064375 0.22261548125 0.558333825 0.22011703124999998 0.5632582828125 0.218748978125 0.574686346875 0.21987937500000002 0.58118995 0.225769021875 0.5957763015624999 0.23177749374999998 0.601396821875 0.2406612125 0.60426075 0.2545418328125 0.597275759375
1 0.41472093593750003 0.3223094609375 0.407086440625 0.316983303125 0.3993331171875 0.32062297968750003 0.3748442421875 0.363069603125 0.373099390625 0.372329796875 0.3766094125 0.382874775 0.3842439078125 0.38820093125 0.3923740296875 0.386729125 0.396498503125 0.3815103046875 0.4173585328125 0.3374845359375 0.41747735781250006 0.328518703125 0.41472093593750003 0.3223094609375
1 0.3298924578125 0.48077522968749997 0.3066121703125 0.46262888750000003 0.28446228281249997 0.45098615156250005 0.2763321609375 0.45245795937500005 0.272088859375 0.4666426125 0.2772249046875 0.4768932296875 0.2888650484375 0.48596639843749995 0.323904303125 0.5042200765625 0.3287823765625 0.5033369921874999 0.333779278125 0.49348807499999997 0.3322720796875 0.48481660312499997 0.3298924578125 0.48077522968749997
1 0.2890041921875 0.506065934375 0.2792480453125 0.5078321031249999 0.26626016875 0.5392523625 0.2598952140625 0.5605293421875001 0.2593995890625 0.5673273078125 0.2616603859375 0.5803345156249999 0.26729205624999997 0.583787165625 0.277048203125 0.5820209968750001 0.28242190312500004 0.574339946875 0.297273459375 0.524693659375 0.29501266406250004 0.511686453125 0.2890041921875 0.506065934375
1 0.22967307812499999 0.4541964796875 0.22366460625 0.4485759609375 0.205024740625 0.4474782015625 0.17050142968749998 0.45149192656250003 0.1663769546875 0.45671074687499996 0.165504528125 0.46134084375000006 0.167011725 0.470012315625 0.1733969953125 0.4778007015625 0.1839067421875 0.48037026875000005 0.223684925 0.4776413265625 0.22818619999999998 0.474590375 0.231933875 0.46720368749999996 0.22967307812499999 0.4541964796875
1 0.22511393124999998 0.553409365625 0.22723558124999998 0.546317040625 0.21870834218750002 0.5165556109375 0.20492623124999998 0.485509403125 0.20092058437500002 0.48176238906249996 0.1904108390625 0.479192821875 0.185909565625 0.482243775 0.1834111140625 0.4871682328125 0.1836690875 0.498301934375 0.1868023078125 0.5066790453125 0.2060972640625 0.5501437390625 0.21047971250000003 0.5560586203125 0.21410856093750003 0.5576377640625 0.22511393124999998 0.553409365625
1 0.09758522187499999 0.2925138609375 0.088324703125 0.2874820640625 0.0733136859375 0.28796345 0.0407931953125 0.29385068125 0.037045520312500003 0.30123736874999996 0.037303492187499995 0.3123710703125 0.041685939062499996 0.3182859515625 0.067206703125 0.32037413125 0.0964751421875 0.3150756234375 0.10147204375 0.30522670625 0.099964846875 0.29655523437500003 0.09758522187499999 0.2925138609375
1 0.039149934375 0.4484377125 0.0363935109375 0.44222846875000005 0.0320110640625 0.4363135890625 0.0198752953125 0.434038384375 0.013252370312500001 0.4441816625 0.011884318750000001 0.45560972499999997 0.021046328125 0.4986727234375 0.026935971875 0.5132590734375 0.03457046875 0.51858523125 0.042700590625 0.5171134234375 0.0464482640625 0.5097267359375001 0.046943890625 0.50292876875 0.039149934375 0.4484377125
2 0.39877961875 0.4235828796875 0.3988984453125 0.414617046875 0.395765225 0.4062399359375 0.38499750625 0.39253666875 0.3757369859375 0.3875048734375 0.36522724218749997 0.38493530625 0.3587231421875 0.38611275156249997 0.35535226875000003 0.39566730781250004 0.357236265625 0.40650664687500004 0.362372309375 0.4167572625 0.37438925156249997 0.427998303125 0.383649771875 0.43303009843750007 0.39378271875 0.433431796875 0.39877961875 0.4235828796875
2 0.360013003125 0.4417812578125 0.36175785625 0.43252106250000005 0.360250659375 0.423849590625 0.3542421875 0.418229071875 0.34898731562499996 0.41694428749999995 0.3376051453125 0.4190048203125 0.32860259687500004 0.4251067234375 0.322356471875 0.437417871875 0.32148404531249997 0.44204796875 0.32098841875 0.44884593281249996 0.323744840625 0.45505517656250005 0.3313793359375 0.46038133437499995 0.33988625781250004 0.46107739375 0.3505148296875 0.454681125 0.360013003125 0.4417812578125
2 0.36978946874999996 0.469080453125 0.363780996875 0.46345993593749996 0.3552740765625 0.462763875 0.346648328125 0.47103364843750006 0.3420282265625 0.48305043437500006 0.340164546875 0.5012764609375 0.3424253421875 0.51428366875 0.3464309921875 0.51803068125 0.3578131625 0.51597015 0.36356366093750003 0.51045696875 0.3706822125 0.49351572499999996 0.3724270625 0.48425553125 0.36978946874999996 0.469080453125
2 0.45688182343749995 0.50697993125 0.45700065156249997 0.498014096875 0.45462102812499994 0.49397272187499996 0.4506153796875 0.4902257078125 0.443357684375 0.48706742031249994 0.425471415625 0.490305396875 0.41272119375000005 0.503793990625 0.4118487671875 0.5084240890625 0.41410956250000003 0.52143129375 0.420118034375 0.5270518125 0.4286249546875 0.527747875 0.4367550765625 0.5262760656250001 0.44900967343750003 0.5195854390625 0.45688182343749995 0.50697993125
2 0.3733604421875 0.5668215328125 0.3754820921875 0.5597292078125 0.3735980953125 0.5488898671875 0.36883885156249996 0.5408071203125 0.3620767796875 0.5308508640625 0.3540654859375 0.5233568390625 0.34518176562499997 0.5204929109374999 0.33905446875 0.523838225 0.33568359062500003 0.53339278125 0.3371907890625 0.5420642515625 0.339947209375 0.54827349375 0.34670928125 0.5582297484375001 0.3587262234375 0.5694707875 0.36598391874999997 0.5726290765625001 0.3733604421875 0.5668215328125
2 0.32779112499999996 0.5169329234375 0.32503470156250003 0.5107236796875 0.321029053125 0.5069766687499999 0.31577418125 0.505691884375 0.305145609375 0.5120881515625 0.30002988125 0.5309029015625 0.29979222656250004 0.54883456875 0.3029254484375 0.557211678125 0.30730789375 0.563126559375 0.3170640421875 0.5613603890625 0.32743464218749996 0.543830421875 0.3296751203125 0.5277722625 0.32779112499999996 0.5169329234375
2 0.2827377484375 0.48931171406249996 0.2708396328125 0.46910484218750004 0.2612023140625 0.461905178125 0.2559474421875 0.4606203953125 0.24293924531250002 0.46297528750000005 0.238814771875 0.4681941078125 0.23831914687500003 0.47499207187500003 0.24783763749999999 0.4911575703125 0.26386022656249997 0.5061456203125 0.27436997343749997 0.5087151875 0.278871246875 0.5056642359375 0.2834913484375 0.49364745 0.2827377484375 0.48931171406249996
2 0.317759765625 0.6618580609375 0.31587576875 0.6510187203125 0.30986729999999996 0.6453982015624999 0.29935755468749997 0.6428286359375 0.2782192375 0.6466553359375 0.2712195140625 0.654630746875 0.27034708749999997 0.65926084375 0.272231084375 0.6701001828125001 0.2822452015625 0.679467715625 0.28750007499999997 0.6807524984375 0.3005082703125 0.6783976046875 0.30663556718749996 0.6750522921875 0.314012090625 0.6692447484375 0.317759765625 0.6618580609375
0 0.4340971640625 0.48203562343749995 0.4387172640625 0.47001883749999995 0.43808249374999997 0.45671726875 0.43532607187499994 0.45050802812499996 0.42656117812499994 0.4386782671875 0.41767745781250004 0.4358143375 0.4079213109375 0.4375805078125 0.4034200375 0.44063145937500003 0.39842313749999997 0.45048037812499997 0.3981854828125 0.46841204375 0.40570114999999995 0.48270403437500004 0.41170962187500004 0.488324553125 0.41533846875 0.4899037 0.426720640625 0.48784316875 0.4340971640625 0.48203562343749995
1 0.22927904062499999 0.6063212796874999 0.2230125984375 0.5895670609375 0.2096072859375 0.5606887171875 0.201595990625 0.5531946921875 0.1934658703125 0.5546665 0.18809216875 0.5623475484375 0.19110656406249998 0.5796904921875 0.20012942968749997 0.6026539546875 0.21077831875 0.6253230546874999 0.216786790625 0.630943575 0.2281689609375 0.6288830437499999 0.2319166359375 0.62149635625 0.22927904062499999 0.6063212796874999