0 0.6301065640625 0.6828164578125 0.6245348703125 0.68829024375 0.62100694375 0.6956360890625 0.6195227796875 0.7048539921875 0.62212614375 0.717816009375 0.627515353125 0.7280411375 0.63364664375 0.7336573125 0.6389101484374999 0.7349528140625 0.6501792390625 0.7329348687499999 0.6573608015625 0.7271728046875 0.6600209421875001 0.7155062859375 0.6598952375 0.7065766625000001 0.655682003125 0.6939029203125 0.6532043453124999 0.689870525 0.64341941875 0.68267056875 0.6381559140624999 0.6813750671875 0.6301065640625 0.6828164578125
0 0.604060771875 0.495009559375 0.60053284375 0.5023554046875 0.6007842546875 0.5202146546875 0.6057395718749999 0.52827944375 0.61800215625 0.53951179375 0.621655790625 0.5410955734375 0.6297051390624999 0.5396541828125 0.6380626796875 0.5314435046875 0.6399807375 0.5243859390625001 0.6402889265625 0.51761665 0.63725166875 0.50249429375 0.632296353125 0.494429503125 0.6261650609375 0.4888133265625 0.622511425 0.4872295484375 0.6112423359375 0.4892474953125 0.604060771875 0.495009559375
0 0.36808301875 0.4992193375 0.366598853125 0.508437240625 0.371679875 0.52543165625 0.374157534375 0.529464053125 0.383942459375 0.5366640078125 0.389205965625 0.5379595109374999 0.397255315625 0.5365181203125 0.404436878125 0.5307560546875 0.4091407828125 0.52096159375 0.40944897031250005 0.51419230625 0.4064117109375 0.49906995 0.395758996875 0.487549321875 0.38845172968749997 0.48438176093749996 0.37557277031249997 0.48668798593749996 0.372786921875 0.4894248796875 0.36808301875 0.4992193375
0 0.2847225828125 0.424625278125 0.2803268671875 0.4276504515625 0.27636504375 0.432835959375 0.2732710109375 0.442342140625 0.272962821875 0.449111428125 0.27760995 0.46394550468749995 0.28826266562499997 0.4754661359375 0.298789675 0.4780571390625 0.3052291546875 0.47690402656249997 0.312410715625 0.47114196093749994 0.31711462031250004 0.461347503125 0.317422809375 0.45457821562499995 0.3148194453125 0.44161619375 0.31190789375 0.4354234625 0.307386471875 0.42951900781249996 0.2959916734375 0.42260733124999994 0.2847225828125 0.424625278125
0 0.2013864546875 0.4664046203125 0.19538086875 0.46971806718750003 0.1902430703125 0.4773521921875 0.187582928125 0.48901870937499997 0.19105408125 0.5063014031249999 0.19600939687500002 0.51436619375 0.20375055937500003 0.519694090625 0.20901406250000001 0.5209895921875 0.22350289375000001 0.5183950890625 0.2278986109375 0.515369915625 0.23142653906250002 0.5080240734375 0.2333445984375 0.5009665046875 0.22987344687500003 0.4836838125 0.22696189375000003 0.47749108125 0.22039670781249998 0.46971457031249997 0.20943580625 0.46496322812499996 0.2013864546875 0.4664046203125
0 0.319697665625 0.6734981609374999 0.31412597343750004 0.6789719468750001 0.3098559625 0.6909267421874999 0.30998166875 0.6998563671875 0.314194903125 0.7125301078125 0.31667256093749996 0.716562503125 0.3285012515625 0.72563451875 0.33376475625 0.7269300203125 0.3429900828125 0.723040015625 0.34856177499999996 0.717566228125 0.3528317859375 0.70561143125 0.35357386874999996 0.70100248125 0.35053660937500003 0.6858801234375 0.3476250578125 0.6796873921875 0.3357963671875 0.670615378125 0.3289229921875 0.669608153125 0.319697665625 0.6734981609374999
0 0.3989016421875 0.710789940625 0.396675396875 0.724616796875 0.397977078125 0.7310978046875001 0.40584394531249995 0.7453553265624999 0.40993147499999993 0.74909944375 0.4172387421875 0.7522670046875 0.42528809375 0.7508256125 0.43407952656250004 0.744775271875 0.43760745468750006 0.7374294265625 0.43909161875 0.7282115250000001 0.4356204671875 0.7109288296875 0.42496775312499996 0.699408203125 0.417660484375 0.696240640625 0.40961113437499996 0.6976820328125 0.40521541718750004 0.700707203125 0.3989016421875 0.710789940625
0 0.4455311 0.7270584125 0.44126108750000004 0.73901320625 0.4409529 0.7457824953125 0.44603392187499996 0.7627769109375 0.45055534531249997 0.7686813640625 0.4562527421875 0.772137203125 0.4647359875 0.7728561468749999 0.47117546718750003 0.771703034375 0.475571184375 0.7686778640624999 0.48070898125 0.761043740625 0.4821931484375 0.7518258375 0.48163354687500004 0.7407358765625001 0.47581044375000003 0.7283504140625 0.465591621875 0.718990121875 0.46032811875 0.71769461875 0.449492921875 0.721872903125 0.4455311 0.7270584125
1 0.38863819843749997 0.7842448875 0.3943355953125 0.787700725 0.4249231296875 0.7822234390625 0.438978065625 0.7774685984375 0.4417639109375 0.77473170625 0.444115865625 0.7698344765625 0.44107860624999995 0.7547121203125 0.43494731406250003 0.74909594375 0.405969653125 0.75428495 0.3919147140625 0.7590397921875 0.3891288671875 0.761776684375 0.3848588578125 0.77373148125 0.386160540625 0.7802124906250001 0.38863819843749997 0.7842448875
1 0.5923699421874999 0.5530538703125 0.6189388734375 0.5773906296875 0.6225925078125 0.578974409375 0.6290319890625 0.5778212968750001 0.6329938109375 0.5726357906249999 0.6337358937500001 0.5680268374999999 0.6320003171875 0.559385490625 0.6057395718749999 0.52827944375 0.5934769859375 0.5170470921875 0.5882134828125001 0.515751590625 0.580598028125 0.5193533171875 0.5782460734375 0.5242505484375 0.5804155453125001 0.53505223125 0.5923699421874999 0.5530538703125
1 0.5822200484375 0.5772517390624999 0.5882256359375 0.5739382921875 0.5917535640625 0.5665924453125 0.5911939640625 0.555502484375 0.5808494375000001 0.5372125671875 0.5602860921875 0.509562359375 0.5541547984374999 0.5039461828125 0.544495578125 0.5056758515625 0.5409676484375 0.513021696875 0.542703225 0.52166304375 0.560480725 0.5520501453125 0.5744788875 0.5719238437499999 0.5822200484375 0.5772517390624999
1 0.476755328125 0.5088539109375 0.484804678125 0.5074125203125 0.48833260625 0.5000666765624999 0.48647132343750005 0.4824957046875 0.47209604531249993 0.43583313281249997 0.4655308609375 0.42805662031249997 0.4586574859375 0.42704939687500004 0.45426176875 0.43007456875 0.45190981875 0.4349717984375 0.451601628125 0.4417410859375 0.4661026125 0.4973332828125 0.46901416406249996 0.5035260140625 0.476755328125 0.5088539109375
1 0.4337470328125 0.635171159375 0.44148819375 0.64049905625 0.4491036515625 0.6368973296875 0.4526315796875 0.6295514828125001 0.4539900390625 0.61140395625 0.45553098125 0.5775575171875 0.4524937234375 0.5624351578125 0.4484061953125 0.55869104375 0.44314269062499995 0.557395540625 0.43435125625 0.5634458828125 0.43169111562499995 0.5751124015625 0.4295337984375 0.6224974171875 0.431269375 0.6311387640625 0.4337470328125 0.635171159375
1 0.381294471875 0.6065172249999999 0.395783303125 0.603922721875 0.4126240859375 0.5964309875 0.42624512968749995 0.5895158125 0.4302069515625 0.584330303125 0.43169111562499995 0.5751124015625 0.430389434375 0.568631390625 0.4238242484375 0.5608548796874999 0.39689034843750004 0.5679159453125 0.3760877453125 0.5805931859375 0.37255981562499996 0.5879390296875 0.3751631796875 0.6009010515625001 0.3776408375 0.60493344375 0.381294471875 0.6065172249999999
1 0.2607163765625 0.8116278140625001 0.2614584578125 0.8070188625 0.2592889890625 0.7962171812500001 0.25681133125 0.7921847843750001 0.2495040625 0.7890172234375 0.2221362703125 0.7939179546874999 0.20294353437499998 0.806306915625 0.19941560625000002 0.8136527609374999 0.20071728906250003 0.8201337703125 0.20771636718750003 0.83007061875 0.24913909531249998 0.82041505 0.2607163765625 0.8116278140625001
1 0.1353046859375 0.7020412015625 0.1449639046875 0.7003115328125 0.149667809375 0.690517071875 0.1473726328125 0.6707857640625 0.137952671875 0.6321879828125 0.130085803125 0.617930459375 0.12321242968749999 0.6169232375 0.1188167125 0.6199484078124999 0.1168986546875 0.627005975 0.11715006562500001 0.644865225 0.12378418124999999 0.6861999 0.12917339218749999 0.6964250234375 0.1353046859375 0.7020412015625
2 0.36157859375 0.7823763265625 0.3712378140625 0.7806466578125 0.38120522343749996 0.7721477015625 0.385909128125 0.7623532421875 0.38665120937499997 0.757744290625 0.3884435625 0.7417570984374999 0.3867079859375 0.733115753125 0.3805766953125 0.7274995765625001 0.373703321875 0.726492353125 0.3665217578125 0.7322544171875001 0.35550407812499996 0.752131615625 0.3532778328125 0.76595846875 0.35544730156250004 0.7767601515625 0.36157859375 0.7823763265625
2 0.521044984375 0.5882063109375 0.5169006781250001 0.60909073125 0.5183280671875 0.6245013671875 0.5225413015625 0.6371751078125001 0.5286725921875 0.642791284375 0.53672194375 0.64134989375 0.539507790625 0.638613 0.5465636468749999 0.623921309375 0.5480478109375 0.6147034078125 0.5486641875 0.6011648296875001 0.5469286125 0.592523484375 0.544017059375 0.586330753125 0.53992953125 0.5825866375000001 0.5326222640625 0.579419075 0.52500680625 0.5830208031249999 0.521044984375 0.5882063109375
2 0.5035188953125 0.5756784578125 0.50921629375 0.5791342968750001 0.5176995390625 0.5798532421875 0.528968628125 0.5778352953125 0.5333643453125 0.5748101234375 0.541721884375 0.5665994453125001 0.5452498125 0.5592536 0.5446902125 0.5481636390625 0.5381250265624999 0.5403871265625 0.532861521875 0.539091625 0.51354308125 0.5425509625 0.505927625 0.5461526906249999 0.50035593125 0.5516264765625001 0.497261896875 0.5611326578125 0.5035188953125 0.5756784578125
2 0.3604229375 0.585636303125 0.37330189687500004 0.583330078125 0.386055153125 0.572094228125 0.390759059375 0.56229976875 0.391501140625 0.55769081875 0.3918093265625 0.5509215296875001 0.3896398578125 0.5401198468749999 0.3802888265625 0.5350802265625 0.3706296046875 0.5368098953125 0.3606621953125 0.5453088546875 0.3559582921875 0.5551033140625 0.352122175 0.5692184453125 0.3538577515625 0.5778597921874999 0.3604229375 0.585636303125
2 0.283708771875 0.6105636171875 0.2854443484375 0.6192049640625 0.28996576875 0.6251094187499999 0.30005888281250004 0.6255400875 0.3095923984375 0.6148807921875 0.3166482546875 0.6001891046875001 0.3181324203125 0.5909712015624999 0.3184406078125 0.5842019125 0.31670503125 0.575560565625 0.3126175046875 0.5718164484375 0.3057441296875 0.570809225 0.2981286734375 0.574410953125 0.289029053125 0.5872305843750001 0.284759040625 0.599185378125 0.283708771875 0.6105636171875
2 0.5810197671874999 0.46332695468749996 0.5827553437499999 0.47196830156249997 0.5852330015625 0.476000696875 0.59136429375 0.481616871875 0.6043689609375 0.4882402703125 0.6236874015625 0.4847809328125 0.6292590953125 0.4793071453125 0.6304350703125 0.47685853125 0.6278317062500001 0.4638965125 0.623310284375 0.45799205781249996 0.6119154875 0.45108038125 0.5981687390625 0.4490659328125 0.5857236718750001 0.453532496875 0.582937825 0.4562693890625 0.5810197671874999 0.46332695468749996
2 0.299519603125 0.4152614875 0.322057784375 0.41122559374999995 0.32923934843749997 0.40546352812500003 0.3327672765625 0.39811768281250004 0.3310317 0.3894763375 0.32285664375 0.381988103125 0.3102858703125 0.37752504062500003 0.295797040625 0.38011954531250003 0.2914013234375 0.38314471562499997 0.285087546875 0.393227453125 0.28812480625000003 0.4083498109375 0.292212334375 0.4120939265625 0.299519603125 0.4152614875
2 0.0896201109375 0.4662762296875 0.0873938640625 0.48010308281249997 0.089563334375 0.49090476718750004 0.0961285203125 0.498681278125 0.101392025 0.4999767796875 0.11105124531249999 0.4982471109375 0.11705683124999999 0.4949336609375 0.121018653125 0.48974815468750005 0.1276406171875 0.47289612812500004 0.12912478125 0.46367822500000005 0.1265214171875 0.4507162046875 0.1240437609375 0.44668380937499996 0.1146927265625 0.44164419062500004 0.10825324843749999 0.44279730468749995 0.09549999218750001 0.45403315468749994 0.0896201109375 0.4662762296875