1 0.6425993437499999 0.8326923734375 0.651523384375 0.8327097531250001 0.6607278625 0.8311155687499999 0.6704932171875 0.8262982593749999 0.6759367703125 0.8206664781249999 0.67789983125 0.8093855390625 0.6725388796875 0.8017175828124999 0.6663366125 0.798884315625 0.657693009375 0.7972553734375001 0.6414449546875 0.800850975 0.6316796 0.805668284375 0.6213533734375 0.8137087203125001 0.6205120609375 0.8185434078125 0.6237121109375 0.8258041296874999 0.6274730390625 0.8298417265625 0.6425993437499999 0.8326923734375
1 0.6183511578124999 0.8181361734375001 0.6197533468749999 0.8100783593750001 0.603868328125 0.798762665625 0.5976660625 0.79592939375 0.5760570546875 0.7918570421875 0.5622503359375 0.79424831875 0.5573676578125 0.7966569734375 0.5540850093749999 0.8026959874999999 0.5535241328125 0.8059191140624999 0.5567241843749999 0.8131798359375001 0.569128715625 0.8188463718750001 0.5928986234375 0.8233259609375001 0.60858580625 0.8229534828125 0.6183511578124999 0.8181361734375001
1 0.5191975171875 0.7595041375 0.52219973125 0.755076684375 0.52500410625 0.738961059375 0.522084490625 0.7300887734375 0.51108215 0.7163644234375 0.507040784375 0.713938390625 0.50055808125 0.712716684375 0.49107316718750005 0.71592243125 0.4850687390625 0.7247773375000001 0.48470570312500005 0.7396886375 0.48602529062500005 0.744930559375 0.49514716875 0.7566361125000001 0.501349434375 0.75946938125 0.512153940625 0.7615055578125001 0.5191975171875 0.7595041375
1 0.5140344015625 0.7635243546875 0.4970276328125 0.7586549109375 0.4729772859375 0.755786884375 0.46321193281250006 0.7606041953125 0.46180974687500004 0.76866200625 0.4693316 0.7767371984375 0.48793839375000003 0.7852370046875 0.511708303125 0.7897165937499999 0.51847144375 0.7893267359375 0.5236345578125 0.78530651875 0.5247563078125 0.7788602703125 0.5215562546875 0.7715995484375 0.5140344015625 0.7635243546875
1 0.468375046875 0.756583978125 0.468935921875 0.7533608515625 0.4657358703125 0.7461001296875 0.4576531421875 0.7412480625 0.45333134062499997 0.7404335921875 0.43060058124999995 0.742807490625 0.4159525515625 0.7500334546875 0.413230775 0.7528493453125 0.4109872765625 0.7657418453125 0.4166286640625 0.7717982390625 0.4274331703125 0.773834415625 0.450444365625 0.7698489562499999 0.45776838125 0.7662359734375 0.468375046875 0.756583978125
1 0.4682271671875 0.6933084171874999 0.46690758125 0.68806649375 0.46314665312500003 0.684028896875 0.4569443875 0.6811956296874999 0.443698546875 0.6803637796875 0.42444827656250006 0.6883868375 0.41384160937500003 0.6980388343749999 0.4127198609375 0.704485084375 0.41808081250000007 0.7121530421875 0.43104621875 0.7145964546875 0.4445724984375 0.7138167390625 0.46110099218749995 0.7086095734375 0.46654454375 0.7029777937499999 0.4682271671875 0.6933084171874999
1 0.6032115328125001 0.4690851328125 0.6191791515625 0.46710109062500005 0.63382718125 0.4598751265625 0.6355098078125 0.45020575 0.6320293171875 0.4445565921875 0.625827053125 0.4417233234375 0.6107007453125 0.4388726765625 0.6017767046875 0.438855296875 0.5901308875 0.441653809375 0.5757632953125 0.4472682109375 0.5727610828125 0.45169566406249995 0.5713588953125 0.45975347656250004 0.5791611859375 0.46621710624999996 0.5921265906250001 0.46866051718749996 0.6032115328125001 0.4690851328125
1 0.7620943671875 0.620529740625 0.757574725 0.6080270953125 0.7465723843750001 0.5943027437499999 0.74037011875 0.591469475 0.7252438125 0.588618828125 0.7179197984375 0.5922318109375 0.715676296875 0.6051243125 0.7223568375 0.61803419375 0.7336396171875 0.6301469796875 0.73768098125 0.6325730140625 0.7528072875 0.6354236609374999 0.757409528125 0.63462656875 0.760411740625 0.6301991171875 0.7620943671875 0.620529740625
1 0.78380329375 0.521427321875 0.7824837046875001 0.5161854 0.778722778125 0.5121478046875 0.7746814140625 0.5097217703125 0.759555109375 0.5068711234375 0.7392656875 0.5080406953125001 0.7273394328125 0.5124507671874999 0.72189588125 0.5180825484375 0.72049369375 0.5261403625 0.726135084375 0.5321967562500001 0.74774409375 0.5362691093749999 0.7704748515625 0.533895209375 0.78268154375 0.527873575 0.78380329375 0.521427321875
1 0.396275965625 0.47835479999999997 0.3838714359375 0.4726882625 0.37306693125 0.4706520875 0.3654624796875 0.47587663124999996 0.364340728125 0.48232288125 0.36566031718750003 0.48756480468749996 0.37102126874999997 0.49523276406249994 0.3909476515625 0.5089744921875 0.4036326203125 0.5130294671875 0.4131175359375 0.5098237203125 0.4145197234375 0.50176590625 0.409719646875 0.49087482343750005 0.396275965625 0.47835479999999997
1 0.780933128125 0.543564046875 0.78645494375 0.5118323796875 0.723659165625 0.4999981203125 0.71813735 0.531729790625 0.780933128125 0.543564046875
1 0.7609872765625 0.6381136765625001 0.768435696875 0.5953105703125 0.7184540593750001 0.5858912187499999 0.711005640625 0.6286943234375 0.7609872765625 0.6381136765625001
1 0.6339486671875 0.4784146140625 0.6399079640625 0.4441689078125 0.5750809375 0.4319518484375 0.5691216406249999 0.4661975546875 0.6339486671875 0.4784146140625
1 0.41407867343750004 0.51552238125 0.420475453125 0.47876263437500005 0.3671228125 0.46870799375 0.36072603281250004 0.505467740625 0.41407867343750004 0.51552238125
1 0.6734399984375 0.8405933250000001 0.680364 0.80080384375 0.6256716 0.7904967171874999 0.6187475984375 0.8302862 0.6734399984375 0.8405933250000001
1 0.6195152171875 0.8299148953125 0.6245995484375 0.8006972640625 0.55640151875 0.787844915625 0.5513171875 0.817062546875 0.6195152171875 0.8299148953125
1 0.5219636703125 0.7652184046875 0.5301131828125001 0.71838639375 0.4875650453125 0.7103679296875 0.47941553125 0.7571999421875 0.5219636703125 0.7652184046875
1 0.5246525796875 0.7938204375 0.5295602359375 0.7656180890625001 0.46473321093750003 0.7534010296875 0.45982555312500006 0.781603378125 0.5246525796875 0.7938204375
1 0.46313123125000005 0.782742321875 0.47014216875 0.742453253125 0.4161196484375 0.7322723703125 0.40910871093749995 0.7725614390625 0.46313123125000005 0.782742321875
1 0.46526844218749996 0.722302478125 0.4719288328125 0.6840278640624999 0.41654494375000006 0.673590421875 0.40988455312500005 0.7118650375 0.46526844218749996 0.722302478125
2 0.73026259375 0.5662545453125001 0.7345560921875001 0.5415815234375 0.7007812125 0.535216434375 0.6964877140625 0.5598894578125 0.73026259375 0.5662545453125001
2 0.661783265625 0.486789315625 0.6661665046875 0.4616005921875 0.6323916234375 0.45523550312500005 0.6280083859375 0.48042422656249995 0.661783265625 0.486789315625
2 0.57417618125 0.6455585328125 0.578733290625 0.6193706406249999 0.538886278125 0.6118612203125 0.53432916875 0.6380491140625 0.57417618125 0.6455585328125
2 0.547455659375 0.5947432078125 0.551925834375 0.5690548984375 0.51884244375 0.562820125 0.5143722687500001 0.5885084359375 0.547455659375 0.5947432078125
2 0.5054794671875 0.563430884375 0.5101235125 0.5367434078125 0.47297762812500005 0.5297430328125 0.46833358281250004 0.5564305109375 0.5054794671875 0.563430884375
2 0.472276696875 0.6419504859375 0.47683380625 0.6157625921875 0.44238904687499997 0.6092712609375 0.4378319359375 0.6354591546874999 0.472276696875 0.6419504859375
2 0.449269565625 0.74216474375 0.45347612968749995 0.7179913046874999 0.41970124999999997 0.7116262171875001 0.41549468593750005 0.73579965625 0.449269565625 0.74216474375
2 0.5482546984375001 0.8466528875 0.5529884828125 0.8194497078125 0.5178738453125 0.8128321359375 0.513140059375 0.8400353125000001 0.5482546984375001 0.8466528875
2 0.34077481249999997 0.7804969703125 0.34533192343749997 0.754309075 0.3088559171875 0.74743494375 0.3042988078125 0.7736228390625 0.34077481249999997 0.7804969703125
2 0.702611815625 0.9735100671874999 0.707081990625 0.9478217593749999 0.669266225 0.940695140625 0.664796053125 0.96638345 0.702611815625 0.9735100671874999
0 0.5580376296875 0.7329779640625 0.5628976109375 0.7050495828125001 0.5254492 0.6979921953125 0.5205892171875 0.7259205765625001 0.5580376296875 0.7329779640625
0 0.4334702375 0.803267159375 0.43795723593749997 0.77748215625 0.40122192187500005 0.77055915625 0.396734921875 0.796344159375 0.4334702375 0.803267159375
0 0.3238570375 0.8475136453125 0.3284365828125 0.8211968265625 0.2924143640625 0.8144082140625001 0.28783482031249996 0.8407250328125 0.3238570375 0.8475136453125
0 0.41404465156250003 0.6370430765624999 0.41853165 0.6112580734375 0.3803485328125 0.6040622250000001 0.3758615328125 0.6298472281249999 0.41404465156250003 0.6370430765624999
0 0.41301387187499994 0.4548868796875 0.417688765625 0.42802212968750003 0.38527525156250003 0.4219136 0.380600359375 0.44877835 0.41301387187499994 0.4548868796875
2 0.709887028125 0.535792359375 0.70284345 0.537793778125 0.6973999 0.5434255593749999 0.695717275 0.5530949359374999 0.7013586625 0.5591513296875 0.7186458703125 0.5624092125 0.7278503484375001 0.5608150265625 0.7305721234375 0.5579991375 0.7325351875 0.546718196875 0.7268937984375 0.540661803125 0.7228524328125 0.5382357703125 0.709887028125 0.535792359375
2 0.641151196875 0.4562621453125 0.63382718125 0.4598751265625 0.62838363125 0.46550690625 0.6269814421875 0.47356472031249996 0.63262283125 0.4796211140625 0.6499100390625 0.48287899687499997 0.654512278125 0.48208190625 0.6645580703125 0.4756530328125 0.6653993828125 0.4708183453125 0.66219933125 0.46355762343749995 0.6541166015625001 0.45870555625 0.641151196875 0.4562621453125
2 0.57160469375 0.6378919796875 0.57516778125 0.630241403125 0.570367703125 0.61935031875 0.566326340625 0.6169242859375 0.5512000328125 0.6140736375 0.54659779375 0.61487073125 0.54359558125 0.6192981843750001 0.538712903125 0.6217068375 0.5375911531249999 0.628153090625 0.5407912046875001 0.6354138093749999 0.5510348359374999 0.6406731140625 0.5575175375 0.64189481875 0.564280678125 0.6415049609375 0.57160469375 0.6378919796875
2 0.5326758390624999 0.5922740953125001 0.5394389765625001 0.5918842390625 0.54920433125 0.5870669296875 0.5508869562500001 0.577397553125 0.5471260296875 0.5733599578125 0.5474064671875001 0.57174839375 0.5414846390625 0.5673035640624999 0.535282375 0.5644702953125 0.526358334375 0.5644529171875 0.52175609375 0.5652500078125 0.52147565625 0.5668615703125 0.5165929796875 0.5692702265625 0.5146299187500001 0.580551165625 0.51782996875 0.587811884375 0.5240322328125 0.5906451546875 0.5326758390624999 0.5922740953125001
2 0.5056732359375 0.5422461375000001 0.5035123359375 0.541838903125 0.49975140937500007 0.53780130625 0.4957100453125 0.5353752734375 0.4849055390625 0.533339096875 0.47542062500000004 0.53654484375 0.4726988484375 0.5393607328125001 0.47073578749999995 0.550641671875 0.4744967125 0.55467926875 0.478538078125 0.557105303125 0.49582528281249993 0.560363184375 0.5055906375 0.555545875 0.5072732625 0.5458765 0.5056732359375 0.5422461375000001
2 0.4408288890625 0.6199041109375 0.439146265625 0.6295734875 0.44666812031249997 0.6376486796874999 0.4596335234375 0.6400920906249999 0.46883800156250005 0.63849790625 0.47372067968750003 0.636089253125 0.4759641796875 0.6231967515625 0.4684423265625 0.615121559375 0.45331601875 0.6122709125 0.4435506671875 0.617088221875 0.4408288890625 0.6199041109375
2 0.45209435156250005 0.72189193125 0.44833342500000006 0.7178543359375 0.43536801875000003 0.7154109234375 0.43292668125 0.7166152515624999 0.426443978125 0.715393546875 0.42184173906250005 0.7161906375 0.41940040156249997 0.7173949656249999 0.41687646406249995 0.73189903125 0.4265592171875 0.7403814578125 0.44440729843750004 0.7404162125 0.4517313140625 0.7368032312499999 0.45473352812499995 0.7323757796875 0.45209435156250005 0.72189193125
2 0.52678465 0.8441546265625 0.5332673515625 0.8453763328124999 0.54463273125 0.8441893828125 0.5495154078125 0.841780728125 0.5525176218750001 0.8373532750000001 0.553639371875 0.8309070249999999 0.5504393203125 0.8236463031250001 0.5482784203125 0.8232390687500001 0.5445174921875 0.819201471875 0.5293911875 0.816350825 0.519625834375 0.8211681343749999 0.5187845203125 0.826002821875 0.51634318125 0.8272071499999999 0.5179432078125 0.8308375109374999 0.5171018953125001 0.8356721984375 0.52678465 0.8441546265625
2 0.68771314375 0.9710185593749999 0.6990785234375 0.9698316109375 0.6993589609375 0.9682200484375001 0.7042416375 0.9658113921875 0.7069634140625001 0.9629955015625 0.705643825 0.9577535781250001 0.694361046875 0.9456407890625 0.6881587796875 0.9428075218749999 0.6835565421875 0.9436046140625001 0.6770738390625 0.9423829078124999 0.665147584375 0.9467929828124999 0.663745396875 0.9548507953125001 0.6669454484374999 0.9621115187499999 0.670706375 0.9661491140624999 0.6747477390625 0.968575146875 0.68771314375 0.9710185593749999
2 0.3372362078125 0.7535074078124999 0.33103394218750004 0.7506741390625 0.3202294390625 0.7486379609375 0.308022746875 0.7546596 0.305300971875 0.7574754890625 0.303898784375 0.765533303125 0.31142063750000004 0.773608496875 0.3241056046875 0.7776634687499999 0.333029646875 0.7776808484375 0.33791232187500003 0.77527219375 0.3406340984375 0.772456303125 0.3425971609375 0.7611753640625001 0.3372362078125 0.7535074078124999
0 0.5514631515625 0.7023371093749999 0.5409390843749999 0.69868936875 0.5363368453125 0.6994864625 0.5265714906250001 0.704303771875 0.523569278125 0.7087312234375001 0.5246084296875 0.7155847093750001 0.5262084546875 0.719215071875 0.5340107453125 0.7256787 0.5491370515625 0.7285293484375 0.55918284375 0.722100475 0.56058503125 0.7140426625 0.557384978125 0.7067819390625 0.5514631515625 0.7023371093749999
0 0.391689046875 0.6073145734375001 0.38192369375 0.6121318828125 0.38024106875 0.6218012578125001 0.3856020203125 0.629469215625 0.3896433828125 0.6318952484375 0.3982869875 0.633524190625 0.40505012812499996 0.633134334375 0.41481548124999995 0.6283170250000001 0.41677854375 0.6170360859375 0.41113715468749995 0.6109796921874999 0.40493488906249997 0.608146421875 0.391689046875 0.6073145734375001
0 0.3944454625 0.4247486171875 0.38496054687500003 0.4279543640625 0.3822387703125 0.43077025625000004 0.3808365828125 0.4388280671875 0.3880779984375 0.4485148234375 0.403204303125 0.45136547031249996 0.4102478828125 0.4493640515625 0.41296965625000004 0.4465481609375 0.4146522828125 0.43687878593749996 0.41117179375 0.4312296265625 0.4052499640625 0.4267847953125 0.3944454625 0.4247486171875
0 0.399258859375 0.78184009375 0.4016175984375 0.7939355031249999 0.411861228125 0.79919480625 0.42510707031250006 0.80002665625 0.43515286093750005 0.7935977828125 0.43627461093750003 0.7871515328124999 0.43495502343750003 0.781909609375 0.42931363281249996 0.7758532140625001 0.4120264265625 0.7725953328124999 0.4074241859375 0.773392425 0.399258859375 0.78184009375
0 0.3230164953125 0.8223973687499999 0.3149337671875 0.817545303125 0.3019683609375 0.815101890625 0.297366121875 0.8158989828125 0.28760076875 0.8207162921875 0.28487899375 0.8235321828125001 0.2837572421875 0.8299784328124999 0.295320459375 0.84047965625 0.3126076671875 0.8437375390625 0.32237302031250004 0.8389202296875 0.3256556703125 0.8328812156250001 0.3262165453125 0.8296580890625 0.3230164953125 0.8223973687499999