0 0.2254975671875 0.37630741093750003 0.2240383109375 0.4030693515625 0.2589215375 0.40497144062499996 0.2603807953125 0.3782095 0.2254975671875 0.37630741093750003
0 0.38592323125 0.2931892140625 0.3844639734375 0.31995115625000004 0.42094592343750004 0.321940421875 0.42240518125 0.29517847812500003 0.38592323125 0.2931892140625
0 0.5061787765625 0.3194224125 0.5046541375 0.3473833953125 0.5411360875 0.349372659375 0.5426607265625 0.3214116765625 0.5061787765625 0.3194224125
0 0.6389274046875 0.1751491140625 0.6374681468750001 0.20191105625 0.669975496875 0.203683596875 0.6714347546874999 0.176921653125 0.6389274046875 0.1751491140625
0 0.5927579046875 0.5842404250000001 0.5913313390625 0.610402846875 0.626214565625 0.6123049359375 0.6276411328125 0.586142515625 0.5927579046875 0.5842404250000001
2 0.245426696875 0.09822233124999999 0.24374042343750002 0.1291476140625 0.2794230125 0.1310932890625 0.2811092859375 0.10016800937499999 0.245426696875 0.09822233124999999
2 0.3617494875 0.1528781578125 0.3601603765625 0.182021528125 0.39744168750000003 0.184054378125 0.3990307984375 0.1549110078125 0.3617494875 0.1528781578125
2 0.3946641109375 0.2202901265625 0.393139471875 0.248251109375 0.4280227015625 0.2501532 0.429547340625 0.2221922171875 0.3946641109375 0.2202901265625
2 0.549659546875 0.29496014375 0.5480377453124999 0.32470303437500003 0.5860962125 0.3267782625 0.5877180140625 0.297035371875 0.549659546875 0.29496014375
2 0.56133561875 0.27054250468749996 0.559746509375 0.299685875 0.59702781875 0.3017187265625 0.5986169296875 0.27257535625 0.56133561875 0.27054250468749996
2 0.5937146234374999 0.2603738453125 0.5922553640625 0.2871357875 0.628737315625 0.2891250515625 0.630196575 0.26236310937499996 0.5937146234374999 0.2603738453125
2 0.6287710265625 0.2443966046875 0.6272790796875001 0.27175806874999997 0.6637610296875 0.2737473328125 0.6652529765625 0.24638586875000001 0.6287710265625 0.2443966046875
2 0.395142971875 0.56153080625 0.3937481875 0.5871103609375 0.42863141562499996 0.5890124515624999 0.4300262 0.563432896875 0.395142971875 0.56153080625
2 0.3675112046875 0.4556395359375 0.36608463750000003 0.4818019578125 0.403365946875 0.48383480937499995 0.40479251562499996 0.4576723875 0.3675112046875 0.4556395359375
2 0.22309799375 0.405406590625 0.2216714265625 0.4315690109375 0.2549781375 0.4333851375 0.2564047046875 0.4072227171875 0.22309799375 0.405406590625
1 0.24865663906250002 0.4590551625 0.24208610468749997 0.4570266 0.23098386718750002 0.456421225 0.22405010625 0.46105400625000004 0.2235960734375 0.469380684375 0.22554410156250002 0.47449776562499996 0.23166060625 0.48485300468750003 0.24443845312499998 0.49557146718749995 0.24878854218750002 0.497478953125 0.2553590765625 0.49950751406249994 0.2642408671875 0.4999918140625 0.2710838203125 0.4970243703125 0.27348588125 0.49381477343749997 0.27412152500000003 0.48215742500000003 0.272173496875 0.47704034218749997 0.2551363671875 0.46274905781250003 0.24865663906250002 0.4590551625
1 0.28154179687499997 0.5911306828125 0.276556065625 0.6008805453125 0.278231675 0.610993634375 0.284620596875 0.6163528671875 0.295722834375 0.6169582421875 0.311719996875 0.609479090625 0.3187445640625 0.6031809734375 0.32604155 0.5918868515625 0.3265863890625 0.5818948390625 0.32028827187500003 0.5748702703124999 0.30918603437500003 0.5742648953125 0.3024338859375 0.57556700625 0.2886571703125 0.58316723125 0.28154179687499997 0.5911306828125
1 0.3456709671875 0.5177942796874999 0.336335146875 0.52563665625 0.335517890625 0.540624675 0.3392323328125 0.5541895078125 0.34340080781250004 0.559427665625 0.347750896875 0.5613351515625 0.3566326875 0.5618194515625 0.3611643875 0.5603962671875 0.36578689531249997 0.5573077453125 0.3729930734375 0.547678959375 0.37548594375 0.5428040265625 0.37639400625 0.526150671875 0.3702775015625 0.5157954328125001 0.352513921875 0.51482683125 0.3456709671875 0.5177942796874999
1 0.38268350624999997 0.61501883125 0.384722340625 0.6184705765625 0.395461353125 0.62573729375 0.399811440625 0.6276447796875 0.4242363625 0.6289766046875 0.43320895625 0.6277955703125 0.446985671875 0.6201953437500001 0.4475305109375 0.6102033312499999 0.44114158750000004 0.6048440984375001 0.4236504296875 0.598879490625 0.40357559531250004 0.5994551515625 0.392291746875 0.6021804453125 0.38304673125 0.6083574875 0.38268350624999997 0.61501883125
1 0.5871548921875 0.5409834796874999 0.5998419312500001 0.553367278125 0.6085421078125 0.55718225 0.6173330906250001 0.5593318859374999 0.6350966703125 0.5603004874999999 0.6420304296875 0.5556677062500001 0.6424844625 0.547341028125 0.6404456281249999 0.5438892828124999 0.6319270640625 0.5367436390625 0.61239706875 0.5273272859375 0.5924130437499999 0.5262376109375 0.5878813421875 0.5276607953125 0.585388475 0.5325357265624999 0.5871548921875 0.5409834796874999
1 0.4662777109375 0.3072333421875 0.4742514375 0.3243709984375 0.48489964218750004 0.33330305 0.491470178125 0.3353316109375 0.50035196875 0.3358159125 0.504974475 0.33272739218749997 0.5073765359375 0.32951779531250003 0.5081029874999999 0.31619511093749997 0.5062457640625 0.30941269375 0.5001292609375 0.29905745625 0.4873514140625 0.28833899218750003 0.4740287296875 0.28761254062499997 0.46682254843750004 0.29724132812500004 0.4662777109375 0.3072333421875
1 0.3968579109375 0.2733828984375 0.396313071875 0.2833749109375 0.4003907421875 0.2902784046875 0.4047408296875 0.2921858890625 0.4202839625 0.29303341562499996 0.42934736406249996 0.2901870453125 0.43655354375 0.28055825625 0.441630084375 0.269143059375 0.4420841140625 0.26081638125 0.4402268921875 0.2540339640625 0.4359676109375 0.2504611421875 0.424865375 0.2498557671875 0.40673856875 0.255548509375 0.3968579109375 0.2733828984375
1 0.3749755671875 0.22542167812499997 0.368314225 0.22505845156249998 0.363782525 0.2264816375 0.35684876249999997 0.23111441875 0.34964258125000003 0.24074320781249997 0.34837129375 0.2640579046875 0.3504101296875 0.2675096515625 0.3589286921875 0.2746552921875 0.3678104828125 0.27513959374999997 0.3815872 0.26753936718750004 0.386482125 0.259454840625 0.389156603125 0.2512492359375 0.389610634375 0.242922559375 0.3877534125 0.23614014062500002 0.3857145796875 0.2326883953125 0.3749755671875 0.22542167812499997
1 0.3430223359375 0.28046910937499997 0.3405294703125 0.28534404062499996 0.3400754375 0.29367071875 0.341932659375 0.3004531359375 0.3479583578125 0.3124737109375 0.3586065625 0.3214057625 0.36295665 0.3233132484375 0.3695271859375 0.3253418078125 0.37627933593749996 0.32403969843749997 0.3833039015625 0.3177415828125 0.383757934375 0.3094149046875 0.3778230421875 0.29572899375 0.36735645 0.2834662703125 0.358747078125 0.2779859640625 0.3498652921875 0.2775016640625 0.3430223359375 0.28046910937499997
1 0.24567726250000002 0.350324053125 0.24771609687499999 0.3537757984375 0.27123295468749997 0.37176098125 0.27993313125 0.37557595 0.2889057265625 0.3743949171875 0.2959302953125 0.3680968 0.29629351875 0.36143545781249997 0.28813818125 0.34762847343750003 0.27748997656249996 0.33869642031249997 0.26221926406249996 0.33285288749999997 0.2533374734375 0.3323685875 0.248805771875 0.333791771875 0.24409245781250002 0.3385456296875 0.24567726250000002 0.350324053125
2 0.227995871875 0.42953370625 0.2323459625 0.4314411921875 0.24788909218750002 0.43228871875 0.2570433015625 0.4277770125 0.2594453609375 0.424567415625 0.2599902 0.414575403125 0.255821725 0.409337246875 0.2359285046875 0.40658223437499996 0.2291763546875 0.40788434375 0.22455385 0.41097286562499996 0.2221517890625 0.4141824625 0.22169775781249998 0.4225091390625 0.227995871875 0.42953370625
2 0.3765345234375 0.48273087343750004 0.38532550468750004 0.48488050937500005 0.392077653125 0.4835784 0.4012318640625 0.47906669375 0.40363392343750004 0.475857096875 0.4042695671875 0.46419975 0.4000102859375 0.46062692812500006 0.3913101078125 0.45681195468749997 0.38242831875 0.4563276546875 0.3756761703125 0.457629765625 0.36874240937499997 0.462262546875 0.3681067640625 0.4739198953125 0.3765345234375 0.48273087343750004
2 0.4019907921875 0.5876767265625 0.40634088124999995 0.5895842124999999 0.41522267187499995 0.5900685140624999 0.4242860734375 0.5872221421875 0.42899938593750003 0.5824682859375 0.43149225312499995 0.57759335625 0.42972583750000004 0.5691456015624999 0.42333691250000005 0.5637863703125 0.4055733359375 0.56281776875 0.40104163281250005 0.5642409546875 0.3963283203125 0.5689948109375 0.3935630359375 0.5788657500000001 0.4019907921875 0.5876767265625
2 0.548706684375 0.3067171140625 0.5481618453125 0.3167091265625 0.552330321875 0.32194728437500003 0.5610304968750001 0.3257622546875 0.5699122875 0.32624655625 0.5789756890625 0.32340018593750003 0.58618186875 0.3137713984375 0.5866359 0.30544472031250003 0.5845970656249999 0.3019929734375 0.582467425 0.3002065640625 0.5692355484375 0.297814778125 0.56257420625 0.29745155156249997 0.558042503125 0.2988747375 0.548706684375 0.3067171140625
2 0.59891861875 0.284400734375 0.59058166875 0.2739244203125 0.5773497890625 0.271532634375 0.5682863874999999 0.27437900625 0.5613526281250001 0.2790117875 0.5607169843750001 0.2906691359375 0.5670150984375 0.297693703125 0.582467425 0.3002065640625 0.591530828125 0.2973601921875 0.5986462 0.289396740625 0.59891861875 0.284400734375
2 0.5988278125 0.28606607031250003 0.607527990625 0.2898810421875 0.6119688859375 0.2901231921875 0.6210322875000001 0.28727682187500003 0.6279660484375 0.28264404062500004 0.630458915625 0.277769109375 0.6308221390625001 0.271107765625 0.62239438125 0.2622967890625 0.604630803125 0.26132818750000003 0.5931653421874999 0.26738415312499997 0.5904908625 0.2755897578125 0.5924388921875 0.2807068390625 0.5988278125 0.28606607031250003
2 0.65293580625 0.27398385468750003 0.6644920765625 0.26626255 0.6669849421875 0.26138762031249996 0.6653093328125 0.25127453125 0.6566091546874999 0.24745955937500003 0.6388455765625001 0.24649095937499998 0.6320026234375 0.2494584046875 0.6271985015625 0.255877596875 0.6268352765625 0.26253893906250003 0.6288741109375 0.26599068593749997 0.637392675 0.273136328125 0.65293580625 0.27398385468750003
2 0.38612751562500003 0.184272590625 0.39537253125 0.17809555 0.397774590625 0.17488595468749998 0.398319428125 0.164893940625 0.39424175781250004 0.15799044843750001 0.3898916703125 0.15608296093750001 0.36990764375 0.1549932859375 0.36075343437499996 0.1595049921875 0.360026984375 0.1728276765625 0.3684547421875 0.1816386546875 0.3728048296875 0.18354614062500002 0.38612751562500003 0.184272590625
2 0.41589277812500003 0.251036803125 0.43170832968750006 0.24688832187499998 0.43234397343750003 0.2352309734375 0.428266303125 0.22832748125000002 0.4217865734375 0.22463358437499997 0.4040229953125 0.2236649828125 0.39495959375 0.2265113546875 0.39255753437499996 0.2297209515625 0.39210350156249996 0.238047628125 0.396090365625 0.2466164546875 0.4025700953125 0.250310353125 0.41589277812500003 0.251036803125
2 0.25118396875000004 0.1268058671875 0.2621953984375 0.129076578125 0.27347924843750004 0.126351284375 0.2804130109375 0.12171850312500002 0.280957846875 0.111726490625 0.2725300890625 0.1029155125 0.2681800015625 0.10100802499999999 0.25485731718750004 0.10028157499999998 0.2503256171875 0.1017047609375 0.2410806015625 0.1078818 0.2386785421875 0.1110913984375 0.24053576406250002 0.11787381562499999 0.25118396875000004 0.1268058671875
0 0.42132392812499997 0.31480385312500003 0.421959571875 0.30314650468750004 0.41566145312499997 0.29612193750000004 0.395677428125 0.2950322609375 0.3864324140625 0.301209303125 0.3857967671875 0.31286665 0.3920948859375 0.31989121875 0.3964449734375 0.321798703125 0.4097676578125 0.322525153125 0.4189218671875 0.3180134484375 0.42132392812499997 0.31480385312500003
0 0.229448775 0.40288833906250004 0.2337988640625 0.404795825 0.24934199375000002 0.40564334999999996 0.253873696875 0.40422016406249994 0.26080745625 0.3995873828125 0.2612614875 0.39126070625 0.25922265312500004 0.3878089609375 0.24848364374999998 0.3805422421875 0.23738140625 0.37993686718749997 0.2306292578125 0.38123897812499996 0.223604690625 0.3875370921875 0.2231506578125 0.395863771875 0.229448775 0.40288833906250004
0 0.5308025875 0.3491683125 0.5377363484375 0.34453553124999997 0.5401384078125 0.3413259359375 0.5407740515625 0.32966858593750004 0.5343851296875 0.3243093546875 0.5233736984374999 0.32203864375 0.514401103125 0.32321967812499997 0.5074673421875 0.32785245937499996 0.5047928609375 0.3360580640625 0.5109093671875 0.3464133 0.5152594546875 0.34832078593750004 0.5308025875 0.3491683125
0 0.6391677078125 0.1997404890625 0.647867884375 0.20355546093750002 0.6611905671875 0.2042819125 0.67025396875 0.201435540625 0.6772785375 0.195137425 0.6776417640625 0.1884760828125 0.675602928125 0.1850243359375 0.664863915625 0.17775761875 0.6493207859375 0.17691009375 0.6424778296875 0.1798775375 0.6377645171874999 0.18463139374999998 0.637128871875 0.19628874375 0.6391677078125 0.1997404890625
0 0.6167385421875 0.6110783625 0.62589275 0.60656665625 0.628385615625 0.601691725 0.6266192015625001 0.593243971875 0.620230278125 0.5878847406250001 0.6136597421875 0.5858561796874999 0.6002462515625 0.5867950640624999 0.593221684375 0.59309318125 0.592858459375 0.5997545234375 0.59489729375 0.6032062687499999 0.6034158578125 0.6103519109375 0.6167385421875 0.6110783625
1 0.22044227656249998 0.4549277625 0.21805770156249998 0.498659475 0.27472351875 0.5017493109375 0.27710809375 0.45801759999999997 0.22044227656249998 0.4549277625
1 0.335368815625 0.5125223203125 0.33280444375 0.55955139375 0.3757256890625 0.5618917765625 0.3782900609375 0.514862703125 0.335368815625 0.5125223203125
1 0.27748143125 0.5726781015625 0.2751867546875 0.614761128125 0.3285441046875 0.6176705640625 0.33083878125 0.5755875374999999 0.27748143125 0.5726781015625
1 0.38041913906249997 0.597323940625 0.37884455625 0.626200859375 0.44981005625000003 0.63007041875 0.4513846375 0.601193503125 0.38041913906249997 0.597323940625
1 0.5846594765625001 0.5248711171875 0.582769796875 0.5595267484375 0.642744078125 0.5627969875 0.6446337578125 0.5281413546875 0.5846594765625001 0.5248711171875
1 0.46472043906250005 0.285760403125 0.4621333671875 0.33320581250000003 0.5083408765625 0.3357253859375 0.5109279484375 0.28827997656250004 0.46472043906250005 0.285760403125
1 0.3956117265625 0.24763428593749998 0.39320445 0.2917823296875 0.4416102015625 0.2944217671875 0.444017478125 0.2502737234375 0.3956117265625 0.24763428593749998
1 0.348930671875 0.2235755953125 0.34616380156250004 0.27431836875000004 0.38741971249999996 0.2765679453125 0.3901865828125 0.2258251703125 0.348930671875 0.2235755953125
1 0.3394449171875 0.2760315140625 0.336880546875 0.3230605875 0.3814449234375 0.325490565625 0.3840092953125 0.278461490625 0.3394449171875 0.2760315140625