1 0.6671875 0.3458333328125 0.68125 0.3458333328125 0.690625 0.3416666671875 0.703125 0.33125 0.7046875 0.3270833328125 0.7046875 0.3145833328125 0.7015625 0.3104166671875 0.696875 0.3083333328125 0.6890625 0.3083333328125 0.6765625 0.3125 0.6703125 0.3166666671875 0.6625 0.3270833328125 0.6609375 0.33125 0.6609375 0.3375 0.6640625 0.34375 0.6671875 0.3458333328125
1 0.8078125 0.38125 0.81875 0.3791666671875 0.828125 0.375 0.8328125 0.3708333328125 0.8390625 0.3604166671875 0.8390625 0.3541666671875 0.8375 0.35 0.83125 0.34375 0.809375 0.34375 0.8 0.3479166671875 0.790625 0.35625 0.7890625 0.36666666718749996 0.7921875 0.375 0.7984375 0.3791666671875 0.8078125 0.38125
1 0.7796875 0.5104166671875 0.7890625 0.49791666718750005 0.79375 0.48541666718750004 0.7953125 0.46458333281249997 0.790625 0.45625 0.784375 0.45416666718750004 0.7796875 0.45625 0.7671875 0.47291666718750003 0.7625 0.4895833328125 0.7625 0.5041666671875 0.7671875 0.5104166671875 0.7796875 0.5104166671875
1 0.6296875 0.4458333328125 0.6390625 0.4458333328125 0.64375 0.43958333281249995 0.6484375 0.42083333281249996 0.6484375 0.40625 0.646875 0.3958333328125 0.6453125 0.3916666671875 0.6390625 0.3875 0.6328125 0.3875 0.6296875 0.3895833328125 0.625 0.4 0.6234375 0.40833333281249995 0.6234375 0.43333333281249997 0.625 0.43958333281249995 0.6296875 0.4458333328125
1 0.571875 0.425 0.578125 0.41875 0.5859375 0.40208333281249997 0.5875 0.3875 0.5859375 0.375 0.5796875 0.36875 0.575 0.36875 0.5640625 0.38125 0.5578125 0.3958333328125 0.55625 0.40208333281249997 0.5578125 0.41875 0.5625 0.425 0.571875 0.425
1 0.5015625 0.3625 0.515625 0.3625 0.5203125 0.35625 0.521875 0.35208333281250004 0.5203125 0.3416666671875 0.51875 0.3375 0.509375 0.3270833328125 0.496875 0.32083333281250004 0.4890625 0.32083333281250004 0.48125 0.325 0.4796875 0.33125 0.4796875 0.3416666671875 0.490625 0.35625 0.5015625 0.3625
1 0.5671875 0.49375 0.5765625 0.49375 0.5859375 0.48333333281249996 0.5921875 0.46458333281249997 0.5921875 0.4479166671875 0.590625 0.44166666718750003 0.5859375 0.4375 0.5796875 0.4375 0.5734375 0.44166666718750003 0.5640625 0.4583333328125 0.5625 0.46666666718750005 0.5625 0.4875 0.5640625 0.4916666671875 0.5671875 0.49375
1 0.4875 0.58125 0.49375 0.5895833328125 0.496875 0.5916666671875 0.5046875 0.59375 0.5109375 0.5916666671875 0.5140625 0.5833333328125 0.5125 0.56875 0.5046875 0.55 0.496875 0.5416666671875 0.4875 0.5416666671875 0.48125 0.5479166671875 0.4796875 0.5520833328125 0.4796875 0.5583333328125 0.4828125 0.5708333328124999 0.4875 0.58125
1 0.4125 0.45416666718750004 0.421875 0.45416666718750004 0.425 0.45208333281249996 0.428125 0.4458333328125 0.4296875 0.43541666718750005 0.428125 0.4145833328125 0.425 0.40208333281249997 0.4203125 0.3958333328125 0.4140625 0.39375 0.4078125 0.3958333328125 0.403125 0.40208333281249997 0.4015625 0.40833333281249995 0.4015625 0.43125 0.4046875 0.44375 0.4125 0.45416666718750004
1 0.6109375 0.5979166671875 0.625 0.60625 0.63125 0.6041666671875 0.6359375 0.5979166671875 0.6359375 0.5854166671875001 0.634375 0.58125 0.61875 0.5604166671875 0.609375 0.5583333328125 0.6015625 0.5625 0.5984375 0.5666666671875 0.5984375 0.5770833328125 0.603125 0.5895833328125 0.6109375 0.5979166671875
1 0.5234375 0.3186354171875 0.4793125 0.3186354171875 0.4793125 0.3633645828125 0.5234375 0.3633645828125 0.5234375 0.3186354171875
1 0.707265625 0.3063645828125 0.659015625 0.3063645828125 0.659015625 0.3474270828125 0.707265625 0.3474270828125 0.707265625 0.3063645828125
1 0.8414531249999999 0.34190624999999997 0.788609375 0.34190624999999997 0.788609375 0.3805104171875 0.8414531249999999 0.3805104171875 0.8414531249999999 0.34190624999999997
1 0.7973359375 0.45220833281250006 0.7619453125 0.45220833281250006 0.7619453125 0.51225 0.7973359375 0.51225 0.7973359375 0.45220833281250006
1 0.58915625 0.36764583281249996 0.55515625 0.36764583281249996 0.55515625 0.4264791671875 0.58915625 0.4264791671875 0.58915625 0.36764583281249996
1 0.6498203124999999 0.38725 0.6222421875 0.38725 0.6222421875 0.44729166718749996 0.6498203124999999 0.44729166718749996 0.6498203124999999 0.38725
1 0.59421875 0.4375104171875 0.561125 0.4375104171875 0.561125 0.49448958281250005 0.59421875 0.49448958281250005 0.59421875 0.4375104171875
1 0.6374140625 0.55821875 0.5974296875 0.55821875 0.5974296875 0.6072395828125 0.6374140625 0.6072395828125 0.6374140625 0.55821875
1 0.5156328125 0.5410520828125 0.48024218750000003 0.5410520828125 0.48024218750000003 0.5943645828124999 0.5156328125 0.5943645828124999 0.5156328125 0.5410520828125
1 0.43014843750000004 0.39278124999999997 0.40119531249999996 0.39278124999999997 0.40119531249999996 0.4558854171875 0.43014843750000004 0.4558854171875 0.43014843750000004 0.39278124999999997
2 0.6351093750000001 0.3137291671875 0.610296875 0.3137291671875 0.610296875 0.3474375 0.6351093750000001 0.3474375 0.6351093750000001 0.3137291671875
2 0.7504609375 0.3615208328125 0.7228828125 0.3615208328125 0.7228828125 0.3970625 0.7504609375 0.3970625 0.7504609375 0.3615208328125
2 0.4990859375 0.2867604171875 0.47150781249999996 0.2867604171875 0.47150781249999996 0.3192395828125 0.4990859375 0.3192395828125 0.4990859375 0.2867604171875
2 0.46507812499999995 0.3204583328125 0.43979687500000003 0.3204583328125 0.43979687500000003 0.3541666671875 0.46507812499999995 0.3541666671875 0.46507812499999995 0.3204583328125
2 0.45864062499999997 0.3602916671875 0.43382812499999995 0.3602916671875 0.43382812499999995 0.3915416671875 0.45864062499999997 0.3915416671875 0.45864062499999997 0.3602916671875
2 0.45496875000000003 0.39521875 0.4283125 0.39521875 0.4283125 0.42707291718749996 0.45496875000000003 0.42707291718749996 0.45496875000000003 0.39521875
2 0.466921875 0.48285416718749996 0.43842187499999996 0.48285416718749996 0.43842187499999996 0.5159374999999999 0.466921875 0.5159374999999999 0.466921875 0.48285416718749996
2 0.6773906249999999 0.5153125000000001 0.652109375 0.5153125000000001 0.652109375 0.5490208328125 0.6773906249999999 0.5490208328125 0.6773906249999999 0.5153125000000001
2 0.7095546875000001 0.5416770828125 0.6865703125 0.5416770828125 0.6865703125 0.57353125 0.7095546875000001 0.57353125 0.7095546875000001 0.5416770828125
2 0.8216875 0.5330833328125 0.79503125 0.5330833328125 0.79503125 0.568 0.8216875 0.568 0.8216875 0.5330833328125
0 0.7352890624999999 0.24325000000000002 0.7077109375 0.24325000000000002 0.7077109375 0.28125 0.7352890624999999 0.28125 0.7352890624999999 0.24325000000000002
0 0.591 0.519 0.56571875 0.519 0.56571875 0.5527083328125 0.591 0.5527083328125 0.591 0.519
0 0.61396875 0.5257395828125 0.58915625 0.5257395828125 0.58915625 0.55821875 0.61396875 0.55821875 0.61396875 0.5257395828125
0 0.5785859375 0.5520833328125 0.5542265625 0.5520833328125 0.5542265625 0.5833333328125 0.5785859375 0.5833333328125 0.5785859375 0.5520833328125
0 0.4921875 0.5882395828125 0.467375 0.5882395828125 0.467375 0.62009375 0.4921875 0.62009375 0.4921875 0.5882395828125
0 0.7140625 0.28125 0.7203125 0.2833333328125 0.7265625 0.28125 0.73125 0.275 0.734375 0.2645833328125 0.73125 0.2520833328125 0.7265625 0.24583333281250003 0.71875 0.24583333281250003 0.7109375 0.2541666671875 0.7078125 0.2625 0.7078125 0.2666666671875 0.7109375 0.2770833328125 0.7140625 0.28125
0 0.5984375 0.5604166671875 0.6046875 0.5604166671875 0.6078125 0.5583333328125 0.6125 0.55 0.6125 0.5354166671875 0.6109375 0.53125 0.6046875 0.525 0.5953125 0.525 0.590625 0.53125 0.5890625 0.5354166671875 0.5890625 0.5479166671875 0.590625 0.5520833328125 0.5984375 0.5604166671875
0 0.578125 0.5541666671875001 0.584375 0.55 0.5875 0.54375 0.5875 0.5270833328125 0.5796875 0.51875 0.571875 0.51875 0.5671875 0.525 0.565625 0.5291666671875 0.565625 0.5479166671875 0.575 0.5541666671875001 0.578125 0.5541666671875001
0 0.5625 0.5833333328125 0.571875 0.5833333328125 0.575 0.58125 0.578125 0.5729166671875 0.578125 0.5625 0.5765625 0.5583333328125 0.5734375 0.5541666671875001 0.5671875 0.55 0.5625 0.55 0.55625 0.55625 0.5546875 0.5604166671875 0.5546875 0.5729166671875 0.55625 0.5770833328125 0.5625 0.5833333328125
0 0.4765625 0.625 0.48125 0.625 0.4890625 0.6145833328125 0.490625 0.6104166671875 0.490625 0.5979166671875 0.4890625 0.59375 0.4828125 0.5875 0.475 0.5875 0.4703125 0.59375 0.46875 0.5979166671875 0.46875 0.6145833328125 0.4734375 0.6229166671875 0.4765625 0.625
2 0.6203125 0.35 0.6234375 0.35 0.63125 0.3458333328125 0.634375 0.3416666671875 0.634375 0.3229166671875 0.6296875 0.3145833328125 0.6234375 0.3125 0.6171875 0.3145833328125 0.6109375 0.32083333281250004 0.609375 0.3270833328125 0.609375 0.3375 0.6125 0.3458333328125 0.6203125 0.35
2 0.4875 0.32083333281250004 0.49375 0.31875 0.496875 0.3145833328125 0.496875 0.2979166671875 0.4921875 0.28958333281250004 0.4890625 0.2875 0.48125 0.2875 0.4734375 0.2958333328125 0.471875 0.30625 0.475 0.3166666671875 0.478125 0.32083333281250004 0.4875 0.32083333281250004
2 0.453125 0.35625 0.459375 0.35208333281250004 0.4640625 0.34375 0.4640625 0.3333333328125 0.4609375 0.325 0.45625 0.32083333281250004 0.4484375 0.32083333281250004 0.4421875 0.325 0.4390625 0.33125 0.4390625 0.34375 0.4453125 0.35208333281250004 0.453125 0.35625
2 0.45 0.39791666718749996 0.4578125 0.3875 0.4578125 0.36875 0.45625 0.3645833328125 0.4484375 0.3583333328125 0.440625 0.3604166671875 0.4375 0.3645833328125 0.434375 0.3729166671875 0.434375 0.3791666671875 0.4390625 0.39375 0.45 0.39791666718749996
2 0.4484375 0.4270833328125 0.453125 0.42291666718750004 0.4546875 0.41875 0.4546875 0.40625 0.4515625 0.39791666718749996 0.4453125 0.39375 0.4390625 0.39375 0.43125 0.40208333281249997 0.4296875 0.40625 0.43125 0.4270833328125 0.434375 0.4291666671875 0.4484375 0.4270833328125
2 0.6609375 0.55 0.671875 0.55 0.675 0.5458333328125 0.678125 0.5354166671875 0.678125 0.5291666671875 0.6734375 0.51875 0.6671875 0.5145833328125 0.6640625 0.5145833328125 0.659375 0.5166666671875 0.653125 0.525 0.6515625 0.53125 0.653125 0.5416666671875 0.6578125 0.5479166671875 0.6609375 0.55
2 0.4546875 0.5166666671875 0.459375 0.5145833328125 0.4625 0.5104166671875 0.4640625 0.50625 0.4640625 0.4916666671875 0.4578125 0.48333333281249996 0.4546875 0.48125 0.4484375 0.48333333281249996 0.440625 0.4895833328125 0.4390625 0.5041666671875 0.44375 0.5125 0.45 0.5166666671875 0.4546875 0.5166666671875
2 0.7328125 0.39791666718749996 0.74375 0.3958333328125 0.7453125 0.39375 0.7484375 0.3854166671875 0.7484375 0.375 0.74375 0.3645833328125 0.7359375 0.3604166671875 0.728125 0.3645833328125 0.7234375 0.3708333328125 0.721875 0.375 0.721875 0.3854166671875 0.7234375 0.3916666671875 0.7328125 0.39791666718749996
2 0.8125 0.56875 0.815625 0.5666666671875 0.821875 0.55625 0.8203125 0.5416666671875 0.8140625 0.5354166671875 0.8046875 0.5333333328125 0.8015625 0.5354166671875 0.7953125 0.54375 0.79375 0.5541666671875001 0.7984375 0.5645833328125 0.8015625 0.5666666671875 0.8125 0.56875
2 0.696875 0.5770833328125 0.7015625 0.5770833328125 0.7078125 0.5708333328124999 0.7109375 0.5625 0.7109375 0.5583333328125 0.7078125 0.5479166671875 0.7046875 0.54375 0.7 0.5416666671875 0.69375 0.5416666671875 0.6859375 0.55 0.684375 0.5541666671875001 0.684375 0.5604166671875 0.6890625 0.5729166671875 0.696875 0.5770833328125