1 0.46226596718749996 0.4637180984375 0.46337985625 0.47274919843749996 0.4697143296875 0.48741934843749996 0.4817100515625 0.499071946875 0.4848191453125 0.499820946875 0.49664044062499996 0.49171532031250004 0.49963325156250005 0.47929216874999997 0.49535212656249994 0.46292599375 0.48540975625 0.44957737187499996 0.4714188265625 0.44620687343750004 0.46525877812500005 0.45129494843750007 0.46226596718749996 0.4637180984375
1 0.4336200734375 0.32318507812499997 0.42851576874999997 0.33071817812500004 0.42913085625 0.34181980312500004 0.4327968953125 0.3470843515625 0.4478435703125 0.3528998765625 0.46432850625000005 0.3459177484375 0.47048855312500004 0.3408296734375 0.47304070625000005 0.337063121875 0.4760335171875 0.3246399734375 0.47131173437499996 0.316930396875 0.45576625625 0.31318539843750004 0.44904926562499997 0.313757925 0.4336200734375 0.32318507812499997
1 0.44224046406250006 0.3625035015625 0.43918951249999993 0.368340578125 0.4332038890625 0.393186878125 0.4374268734375 0.402966978125 0.4483087046875 0.40558847656249997 0.45446875468750003 0.4005004 0.46517616093749997 0.3833636734375 0.46916657500000003 0.3667994734375 0.4696072359375 0.3581428734375 0.4658830546875 0.3462922484375 0.46072060937500003 0.3472392734375 0.4509526640625 0.3536488765625 0.44224046406250006 0.3625035015625
1 0.42938790156250006 0.429509303125 0.42366851250000004 0.4259407796875 0.4153969734375 0.4261388046875 0.407183575 0.4329229078125 0.4015804703125 0.44252653124999997 0.398529515625 0.44836360781250006 0.39354149843749997 0.4690688578125 0.3946553875 0.478099959375 0.3972656796875 0.4809194828125 0.4065929640625 0.48316648281249996 0.4122542109375 0.4801489296875 0.42146521249999996 0.4692237796875 0.4250149671875 0.46131617968749994 0.43100059062499996 0.43646987812500004 0.42938790156250006 0.429509303125
1 0.5598046609375 0.325104734375 0.55675370625 0.3309418109375 0.554259696875 0.3412944359375 0.5543759828125 0.35446658593749997 0.5565456140625 0.3659427109375 0.5649334390625 0.378916834375 0.5716504328124999 0.37834430937499997 0.5783092796875 0.3711857078125 0.5827984984375 0.3525509828125 0.58101138125 0.32583218125 0.5762895984374999 0.318122609375 0.5685168593750001 0.3162501109375 0.5598046609375 0.325104734375
1 0.725143646875 0.3693172640625 0.7142618125 0.366695765625 0.710155115625 0.370087815625 0.707602965625 0.373854365625 0.7041113515624999 0.388348040625 0.706339128125 0.4064102421875 0.7162814984375 0.419758865625 0.7256087828125 0.422005865625 0.7292166796874999 0.4206843390625 0.7358755312499999 0.4135257375 0.738311396875 0.3965870375 0.7366987078125 0.3896264625 0.730364234375 0.37495631406249996 0.725143646875 0.3693172640625
1 0.7961295578125 0.327269578125 0.7743658921875001 0.32202658125 0.76148885 0.327687184375 0.7532754515625 0.334471284375 0.75078144375 0.34482391093750003 0.75394868125 0.35215898437500004 0.7581135234375 0.35535300937500003 0.7767680921875 0.35984700625 0.7834850859375 0.35927448125 0.792754228125 0.3549354046875 0.7994130796875 0.34777680312500003 0.8014082859375 0.339494703125 0.80085134375 0.3349791546875 0.7961295578125 0.327269578125
1 0.6957724796875 0.49806431875 0.6906681781249999 0.5055974187500001 0.688232309375 0.52253611875 0.692954096875 0.5302456921875 0.70278018125 0.530422165625 0.716156025 0.522691040625 0.7253670265625 0.5117658890625 0.7324665359375 0.49595068906249995 0.732907196875 0.48729408750000003 0.7307957046875 0.4824040390625 0.7183593234375001 0.4794080390625 0.7126980765625001 0.482425590625 0.6957724796875 0.49806431875
1 0.6069459875 0.6278230546875 0.59911510625 0.61936448125 0.585124178125 0.6159939828125001 0.5732447421875 0.617513534375 0.565530146875 0.6222271125 0.5619803921875001 0.6301347109375001 0.563094278125 0.6391658125 0.5693706125 0.6472498843750001 0.57509 0.650818409375 0.5890809296875 0.6541889078125 0.5942433734375 0.6532418828125001 0.6035125171875 0.64890280625 0.6070622703125 0.6409952062500001 0.608059875 0.6368541546875 0.6069459875 0.6278230546875
1 0.444275434375 0.5930161265625 0.4412244828125 0.598853203125 0.438231671875 0.611276353125 0.44034316249999994 0.6161664015625 0.4507261953125 0.6208584265625 0.4631044328125 0.61726835 0.4774778796875 0.6053961734375 0.48513433125 0.594096521875 0.48507619062499996 0.587510446875 0.48190895312500004 0.5801753703125 0.4694725734375 0.5771793734374999 0.45864888125 0.58114395 0.444275434375 0.5930161265625
1 0.4792723171875 0.31723799375 0.43408161874999995 0.306351284375 0.424369946875 0.34666440625 0.4695606453125 0.357551115625 0.4792723171875 0.31723799375
1 0.47244723750000006 0.3474464140625 0.44558465625 0.340975059375 0.430944821875 0.40174496875 0.457807403125 0.408216325 0.47244723750000006 0.3474464140625
1 0.43330280625000006 0.42752785781249997 0.40345549218750004 0.4203374609375 0.3888156578125 0.481107371875 0.4186629703125 0.48829776718750006 0.43330280625000006 0.42752785781249997
1 0.5067210265625001 0.4542403859375 0.4653700609375 0.44427869218750005 0.453603325 0.493122378125 0.49495429062499996 0.503084071875 0.5067210265625001 0.4542403859375
1 0.5924770578125 0.32108026875 0.5587900125 0.3129648578125 0.5438758375 0.37487355624999996 0.577562884375 0.38298896718750003 0.5924770578125 0.32108026875
1 0.48996343593749997 0.5799907765625 0.44817720000000005 0.569924221875 0.43627578749999996 0.61932695 0.4780620265625 0.6293935046875 0.48996343593749997 0.5799907765625
1 0.613005953125 0.621648384375 0.56652498125 0.610450840625 0.557771009375 0.64678855625 0.60425198125 0.6579861015625 0.613005953125 0.621648384375
1 0.736860490625 0.4820468078125 0.6989139843750001 0.47290526875000005 0.685506190625 0.528560984375 0.723452696875 0.5377025234375 0.736860490625 0.4820468078125
1 0.7472485343749999 0.3733828171875 0.7080272984375 0.3639341875 0.6954425265624999 0.41617353437500004 0.7346637625 0.42562216406250003 0.7472485343749999 0.3733828171875
1 0.8062638156249999 0.326917853125 0.7585081140625001 0.31541321875 0.7487964421875 0.3557263421875 0.7965521437499999 0.367230975 0.8062638156249999 0.326917853125
0 0.7436308 0.33405373125 0.719333221875 0.3282002984375 0.7112626093750001 0.36170139375 0.7355601859374999 0.3675548265625 0.7436308 0.33405373125
0 0.62951778125 0.532489021875 0.6043652015625 0.5264296140625 0.5972522859375 0.555955303125 0.6224048671875 0.5620147109375 0.62951778125 0.532489021875
0 0.66927815 0.554685903125 0.64327056875 0.548420521875 0.6360179890625 0.57852595625 0.6620255703125 0.5847913375 0.66927815 0.554685903125
0 0.55800078125 0.60838635625 0.5332679296875 0.6024280640625 0.52505765 0.6365089078125 0.549790503125 0.6424672 0.55800078125 0.60838635625
0 0.45148698906250007 0.6235719515625 0.429319140625 0.6182315843749999 0.42274991875 0.6455004 0.4449177671875 0.6508407671875001 0.45148698906250007 0.6235719515625
2 0.5370610250000001 0.40507350000000003 0.5127634484375 0.39922006875 0.5048275109375 0.43216212187499997 0.5291250875 0.4380155546875 0.5370610250000001 0.40507350000000003
2 0.4848618875 0.40450339375000005 0.4605643078125 0.3986499625 0.4522193546875 0.4332898453125 0.47651693437500003 0.439143278125 0.4848618875 0.40450339375000005
2 0.5397199828125 0.5138574390625 0.5137124015625 0.5075920593750001 0.5061904703125 0.5388155765625 0.53219805 0.5450809578125 0.5397199828125 0.5138574390625
2 0.48340267187499997 0.4948792609375 0.45866981874999996 0.48892096875 0.4515569046875 0.51844665625 0.4762897578125 0.5244049484375 0.48340267187499997 0.4948792609375
2 0.709192821875 0.4321153875 0.68360496875 0.42595112031250004 0.6759433718750001 0.4577543859375 0.701531225 0.4639186515625 0.709192821875 0.4321153875
2 0.755289425 0.4504386546875 0.7271521125 0.44366020937500006 0.7188071578125 0.47830009218749997 0.7469444703125 0.4850785390625 0.755289425 0.4504386546875
2 0.8287880859375001 0.42066172812499997 0.8044905078125 0.414808296875 0.7977866109375 0.44263615468750006 0.8220841890624999 0.44848958593750005 0.8287880859375001 0.42066172812499997
2 0.8914104765624999 0.49403112812499994 0.8671128984375001 0.4881776953125 0.8583589234375 0.5245154109375 0.882656503125 0.5303688421875 0.8914104765624999 0.49403112812499994
2 0.7962394374999999 0.638143925 0.769812128125 0.631777428125 0.76201585625 0.6641397359375001 0.788443165625 0.67050623125 0.7962394374999999 0.638143925
2 0.6878865015625 0.526122215625 0.66187891875 0.519856834375 0.6544916640625 0.5505213109375 0.6804992453125001 0.5567866921875 0.6878865015625 0.526122215625
0 0.7276957984375 0.36555071250000004 0.7333570453125 0.3625331625 0.738461346875 0.3550000625 0.7398996109375 0.3422024125 0.738286921875 0.3352418359375 0.73412208125 0.33204781250000004 0.72429599375 0.3318713390625 0.716082596875 0.338655440625 0.71209218125 0.355219640625 0.71525941875 0.3625547140625 0.7276957984375 0.36555071250000004
0 0.6406227546875 0.5767873765625 0.6458433421875001 0.5824264234375 0.6520615328125 0.583924425 0.6556694296875001 0.5826028984375 0.664381628125 0.573748271875 0.6663768359375 0.565466171875 0.6658198921875 0.5609506234375 0.6600423609375 0.550796021875 0.650715078125 0.548549025 0.642501678125 0.555333125 0.6379543203125 0.5673817750000001 0.6406227546875 0.5767873765625
0 0.6011439796875 0.5563232546875 0.605308821875 0.5595172796875 0.6130815593750001 0.5613897796875 0.6207961546874999 0.556676203125 0.62334830625 0.552909653125 0.625842315625 0.5425570265624999 0.622118134375 0.5307064015625 0.6195078406250001 0.527886878125 0.61328965 0.526388878125 0.60352170625 0.5327984796874999 0.5994731484375 0.54277660625 0.6011439796875 0.5563232546875
0 0.5348798546875 0.6060805140625 0.532327703125 0.6098470640625 0.5283372890625 0.626411265625 0.5288942328124999 0.630926815625 0.5351705640625 0.639010890625 0.5398342078125 0.6401343890625 0.5434421046875 0.6388128625 0.549602153125 0.6337247859375 0.5552052562500001 0.6241211609375 0.5545901718749999 0.6130195359374999 0.5514229328125 0.6056844625 0.5405411015625 0.6030629640625 0.5348798546875 0.6060805140625
0 0.42503025625 0.63876570625 0.42769869062500004 0.648171303125 0.433418078125 0.651739828125 0.4442417703125 0.6477752531250001 0.446793921875 0.644008703125 0.450285534375 0.6295150265625 0.44867284375 0.62255445 0.44606255156249996 0.6197349265625001 0.436735265625 0.617487928125 0.43057521718749997 0.622576003125 0.42802306718749994 0.6263425546875 0.42503025625 0.63876570625
2 0.5058269640625 0.41944496875 0.5095511453125 0.4312955921875 0.512161440625 0.43411511718750007 0.521488725 0.436362115625 0.5276487750000001 0.43127404062499997 0.530200925 0.42750749062500004 0.5331937359375 0.4150843390625 0.5294695546875 0.40323371406249997 0.517033175 0.400237715625 0.5108731265625 0.4053257921875 0.5083209734375 0.4090923421875 0.5058269640625 0.41944496875
2 0.4546431796875 0.42025862500000005 0.45731161406250004 0.42966422499999996 0.46097765468749996 0.43492877500000005 0.468750390625 0.436801271875 0.4764649890625 0.43208769687500004 0.4790171390625 0.428321146875 0.48200995 0.41589799687499995 0.47828576875 0.40404737031250004 0.46945728437499995 0.3997298484375 0.45968934062500005 0.40613944843749994 0.45663838749999996 0.41197652500000004 0.4546431796875 0.42025862500000005
2 0.454900225 0.507948125 0.457568659375 0.517353725 0.46017895312499996 0.52017325 0.4695062390625 0.5224202484375 0.4777196359375 0.5156361484375 0.480712446875 0.503212996875 0.477545209375 0.4958779203125 0.4723246234375 0.49023887187500004 0.46455188437499995 0.4883663734375 0.46044518749999996 0.4917584234375 0.45789303437499995 0.49552497500000003 0.454900225 0.507948125
2 0.5144136921875 0.51352251875 0.511861540625 0.5172890671875 0.50936753125 0.5276416937499999 0.5120359671875 0.5370472921875 0.517256553125 0.5426863421875 0.521920196875 0.5438098421875 0.5291359890625 0.541166790625 0.5347390937500001 0.531563165625 0.5361773578125 0.518765515625 0.5351216109375 0.5163204890624999 0.5314555734375 0.511055940625 0.5221282859375 0.508808940625 0.5144136921875 0.51352251875
2 0.7208533312500001 0.4690554140625 0.7240205703125 0.4763904890625 0.7297399578125 0.47995901406249997 0.73906724375 0.48220601093750004 0.74777944375 0.473351384375 0.7502734515625 0.46299876093750003 0.7502153109374999 0.45641268437500004 0.7454935265625 0.4487031109375 0.736166240625 0.44645611250000006 0.728950446875 0.44909916406250006 0.7238461421875 0.45663226406249996 0.7208533312500001 0.4690554140625
2 0.6777666609375 0.4499128203125 0.679878153125 0.45480287031250005 0.6850987390625 0.46044191874999996 0.6928714765625 0.46231441718750005 0.7000872703125001 0.45967136562500005 0.703138225 0.45383429218750004 0.7061310359374999 0.4414111421875 0.7024068546875 0.4295605171875 0.691525021875 0.4269390171875 0.6817570749999999 0.43334861875 0.67770851875 0.44332674531249994 0.6777666609375 0.4499128203125
2 0.6711322859375 0.5184166218749999 0.66186314375 0.522755696875 0.659310990625 0.5265222484375001 0.6562600390625 0.532359321875 0.655819378125 0.5410159234374999 0.657930871875 0.5459059734375 0.6657617515625 0.554364546875 0.67042539375 0.5554880453125 0.678638790625 0.5487039453125 0.68119094375 0.5449373937499999 0.6841837546875 0.5325142453125 0.683069865625 0.5234831453125001 0.6789050265625 0.5202891203125 0.6711322859375 0.5184166218749999
2 0.8031617359375 0.4209726296875 0.8006095859375 0.4247391796875 0.7976167750000001 0.43716232968749996 0.800285209375 0.4465679296875 0.802895503125 0.44938745312500006 0.8075591453125 0.45051095312499995 0.8178840359375 0.4486169015625 0.8229883375 0.4410838 0.8259811484374999 0.42866065156250005 0.8233127124999999 0.41925505 0.8160387765625 0.4153120265625 0.807268434375 0.41758057812500005 0.8031617359375 0.4209726296875
2 0.8592662093750001 0.508971971875 0.8603800968750001 0.5180030703125 0.8624915890624999 0.5228931203125 0.8764825171874999 0.52626361875 0.8851947171875001 0.5174089937499999 0.888187528125 0.5049858421875 0.8876305828125 0.5004702921875 0.8829088 0.49276071874999994 0.875136059375 0.49088821875 0.86636571875 0.49315677031250005 0.861261415625 0.5006898703125 0.8592662093750001 0.508971971875
2 0.77143731875 0.6345896578125 0.7668318203125 0.6400522343749999 0.76334020625 0.654545909375 0.767563190625 0.6643260078125001 0.77172803125 0.66752003125 0.7779462203125 0.6690180328124999 0.7815541171875 0.6676965078125 0.7902663171875 0.65884188125 0.7922615265624999 0.6505597812499999 0.79220338125 0.6439737062499999 0.7890361453125 0.6366386296875 0.781762209375 0.63269560625 0.77143731875 0.6345896578125