1 0.6914630046875 0.7010972890625 0.680586521875 0.7002113859375 0.662139878125 0.71782530625 0.6576150625 0.7471934046875 0.6687525234375 0.7565967484375 0.685322184375 0.7409539953125 0.6960621328125 0.7120921250000001 0.6914630046875 0.7010972890625
1 0.6419908249999999 0.65458679375 0.639467440625 0.6607533984375 0.6355890265624999 0.68592605625 0.6377269890624999 0.6924723359375 0.6417419375 0.69704745 0.6510646375 0.6978067953125 0.658572575 0.6899221390625 0.660772759375 0.685853253125 0.6667891375 0.6672268781249999 0.66872834375 0.6546405484375 0.6669135828125 0.6459965484375 0.6628986359375 0.6414214328125001 0.6551297171875 0.6407886453125 0.6516989484375 0.6426332515625 0.6419908249999999 0.65458679375
1 0.5512751171875 0.5898486390625 0.5384594265625 0.601549065625 0.5325052734375 0.609560278125 0.5277817 0.61979576875 0.5264888953125 0.62818665625 0.5273962765625 0.6325086546875001 0.5298574406250001 0.6369572140625 0.5341955890625 0.6394346078125 0.5404107234375 0.6399408375 0.545395275 0.6382227874999999 0.5525800140625 0.632435853125 0.564811521875 0.61431570625 0.56739713125 0.597533934375 0.56525916875 0.59098765625 0.562474803125 0.58863681875 0.5578134515625 0.588257146875 0.5512751171875 0.5898486390625
1 0.38864981875 0.593594990625 0.38768021406250003 0.5998881546875 0.388587596875 0.60421015625 0.394156328125 0.608911828125 0.40969416093750005 0.610177403125 0.41998646562499997 0.6046435828125001 0.42904818593750005 0.5968854859375 0.433771759375 0.5866499921874999 0.43474136406249997 0.580356828125 0.4282652484375 0.5713331562499999 0.41894254999999997 0.5705738124999999 0.40398889687499995 0.5757279578125 0.3930501890625 0.5854572203124999 0.38864981875 0.593594990625
1 0.3932990796875 0.5429965625000001 0.3910988921875 0.5470654500000001 0.390129290625 0.5533586125000001 0.3910366703125 0.5576806140625 0.39628220000000003 0.5644800062499999 0.40871246718750004 0.5654924671875 0.42521990625 0.560464878125 0.4305276578125 0.5566491078125 0.434604828125 0.5506090578125 0.4368672375 0.535925009375 0.43440607187499997 0.53147645 0.4300679234375 0.52899905625 0.411099321875 0.5295780890625 0.40080701718749995 0.5351119093750001 0.3932990796875 0.5429965625000001
1 0.5302688171875001 0.46069486406250004 0.5243146624999999 0.46870607656249996 0.519789846875 0.49807417656249997 0.5203740265625 0.504493896875 0.52497315625 0.5154887328125 0.5277575203125 0.5178395703125 0.5324188703125 0.5182192421875 0.5358496390624999 0.5163746359375 0.54180379375 0.5083634234375001 0.54465038125 0.5000990953125 0.5475591921875 0.481219603125 0.54548345 0.46405815937500006 0.5414685015625 0.45948304531249995 0.5336995859375 0.45885025781250005 0.5302688171875001 0.46069486406250004
1 0.619866296875 0.4510003109375 0.6144963234375 0.46543124531249996 0.6115875125 0.4843107390625 0.61249489375 0.48863273906250004 0.6174172234374999 0.497529853125 0.6202015890625 0.49988068906249994 0.626416721875 0.5003869187500001 0.632047675 0.49447342812499995 0.636448046875 0.486335659375 0.6422034437499999 0.4591918375 0.6401277046875 0.4420303953125 0.6373433375 0.4396795578125 0.6311282046875 0.439173328125 0.6258204515625 0.442989096875 0.619866296875 0.4510003109375
1 0.6982018703125 0.4531327421875 0.6879095656249999 0.4586665609375 0.6841555968749999 0.4626088890625 0.681632209375 0.4687754953125 0.6822163906250001 0.47519521718749996 0.6846775546874999 0.479643775 0.69180006875 0.48447200468749996 0.711999253125 0.4861172515625 0.7185375890625 0.48452575937500003 0.7260455265625 0.4766411046875 0.7288921140625 0.46837677656250004 0.7242929859375 0.45738194062500004 0.7215086203125 0.45503110312499995 0.717170471875 0.45255370937499995 0.7047402046875 0.45154125 0.6982018703125 0.4531327421875
1 0.7297372734375001 0.4833139421875 0.7321984375 0.4877624984375 0.7365365859375 0.4902398921875 0.7458592859375 0.49099923749999996 0.7527208234375 0.4873100234375 0.762105746875 0.4774542046875 0.7668293187499999 0.4672187140625 0.7709687109375001 0.45056350156249997 0.767600165625 0.44179294062499996 0.75672368125 0.44090703906249995 0.74455439375 0.44841202343750003 0.7345230671875 0.46246328437499995 0.7297372734375001 0.4833139421875
1 0.4847372734375 0.378396546875 0.481567484375 0.388758596875 0.4821516640625 0.39517831875 0.49108894062499997 0.40865054843750004 0.49944203906249995 0.4157030578125 0.5149798734375 0.41696863281249996 0.5206108265625 0.4110551390625 0.5222268328124999 0.4005665328125 0.52131945 0.39624453437499996 0.517627703125 0.389571696875 0.5095978078125001 0.38042146718750003 0.5012447109375 0.373368959375 0.491598809375 0.374707334375 0.4847372734375 0.378396546875
1 0.6331169437499999 0.696865325 0.6634157187499999 0.699333196875 0.6725461515625 0.64007256875 0.642247375 0.6376046984375 0.6331169437499999 0.696865325
1 0.6558546265625 0.7560665921874999 0.6915916453125 0.7589774125 0.7007220765625 0.6997167859375 0.6649850578125001 0.6968059640625001 0.6558546265625 0.7560665921874999
1 0.5240898296875 0.6412559171875001 0.5617690750000001 0.6443249375 0.57073790625 0.5861131687500001 0.5330586609375 0.5830441515625 0.5240898296875 0.6412559171875001
1 0.3857643328125 0.609821325 0.4312124984375 0.61352313125 0.43783812031249997 0.5705198421875 0.39238995625 0.5668180375 0.3857643328125 0.609821325
1 0.387259359375 0.56693115625 0.4327075234375 0.5706329625000001 0.4390099453125 0.52972739375 0.3935617828125 0.5260255890625001 0.387259359375 0.56693115625
1 0.5156348984375 0.5173831812499999 0.542826109375 0.5195979375 0.552037340625 0.459812878125 0.5248461296875 0.457598121875 0.5156348984375 0.5173831812499999
1 0.6076174890625 0.49991772343749996 0.636750928125 0.502290675 0.6464469625 0.4393590359375 0.6173135234375 0.43698608281249995 0.6076174890625 0.49991772343749996
1 0.6792082015625 0.48450840624999997 0.7265985953125 0.4883684078125 0.7319314140625 0.45375600625 0.6845410203125 0.449896003125 0.6792082015625 0.48450840624999997
1 0.7286962546875 0.49012168125000005 0.7655986109375 0.49312741875 0.7735978375 0.44120881718750005 0.7366954812500001 0.4382030765625 0.7286962546875 0.49012168125000005
1 0.47737525468750003 0.41601911874999997 0.5204927453125 0.4195310890625 0.5271991671875 0.3760033703125 0.4840816796875 0.37249140000000003 0.47737525468750003 0.41601911874999997
2 0.403528590625 0.642587309375 0.428777571875 0.64464386875 0.4335447875 0.613702478125 0.4082958078125 0.6116459187500001 0.403528590625 0.642587309375
2 0.563330646875 0.6417970703125 0.5881911796875 0.643821990625 0.593281596875 0.6107828796875 0.5684210640625 0.608757959375 0.563330646875 0.6417970703125
2 0.6458415937499999 0.5810898296875 0.67147901875 0.5831780265625001 0.6761654359375 0.5527610671875001 0.6505280109375 0.5506728703125 0.6458415937499999 0.5810898296875
2 0.7131450015625 0.6370072515625 0.7391708734375 0.6391270890625 0.744422890625 0.6050391187499999 0.7183970203125 0.6029192812499999 0.7131450015625 0.6370072515625
2 0.7322661359375 0.5971457859375 0.757515115625 0.5992023453125 0.762605534375 0.5661632328125 0.7373565546874999 0.5641066734375 0.7322661359375 0.5971457859375
2 0.73387448125 0.5611786171875 0.7591234625000001 0.5632351765625 0.7641330796875 0.5307204953125 0.7388840984375 0.5286639375 0.73387448125 0.5611786171875
2 0.46959174531250003 0.497171553125 0.494840725 0.49922811093749997 0.4998503421875 0.4667134296875 0.4746013640625 0.4646568703125 0.46959174531250003 0.497171553125
2 0.5763979609375001 0.4012617546875 0.601258496875 0.4032866734375 0.6062681140625 0.3707719921875 0.581407578125 0.368747071875 0.5763979609375001 0.4012617546875
2 0.633299003125 0.4149236078125 0.658547984375 0.4169801671875 0.6635576015625 0.38446548593749996 0.6383086203125 0.382408928125 0.633299003125 0.4149236078125
2 0.7163827703125001 0.44240033125 0.7431855359374999 0.444583446875 0.7480335515625 0.41311762500000004 0.7212307890625 0.410934509375 0.7163827703125001 0.44240033125
0 0.7086393328125 0.5819566843749999 0.7358305421875 0.584171440625 0.7413249609375 0.5485101765625 0.7141337515624999 0.5462954203125 0.7086393328125 0.5819566843749999
0 0.5423892546875 0.5556711421875 0.5684151281250001 0.5577909812499999 0.5740711468749999 0.5210808578125 0.548045275 0.5189610203125 0.5423892546875 0.5556711421875
0 0.6401712203125001 0.4494574796875 0.6661970937499999 0.45157731874999996 0.6716107124999999 0.4164404859375 0.645584840625 0.4143206484375 0.6401712203125001 0.4494574796875
0 0.5566104390625 0.4224729171875 0.5814709734375 0.42449783593749996 0.586238190625 0.3935564453125 0.56137765625 0.3915315265625 0.5566104390625 0.4224729171875
0 0.477535575 0.374082259375 0.5031730015625 0.37617045781249997 0.5081018187499999 0.34418020625 0.48246439218750004 0.3420920078125 0.477535575 0.374082259375
2 0.40490836718749995 0.6310280578125 0.4058157484375 0.6353500578125 0.4079537109375 0.6418963359375 0.41073807812499996 0.6442471734375 0.41850699531249996 0.6448799609375 0.4219377609375 0.6430353546875 0.4297689015625 0.6330529765625 0.4326777125 0.6141734859375 0.42743218125000004 0.6073740921875 0.421217046875 0.6068678625 0.41092474218749997 0.6124016812499999 0.4068475734375 0.61844173125 0.40490836718749995 0.6310280578125
2 0.5660421062500001 0.6165399859375 0.5641029 0.6291263125000001 0.5650102796875001 0.6334483125 0.56714824375 0.63999459375 0.5714863921875 0.6424719875 0.5792553093749999 0.6431047734375 0.5861168453125 0.6394155593749999 0.5908404171875 0.62918006875 0.592133221875 0.620789184375 0.5912258421875001 0.6164671828125 0.584749728125 0.6074435109375 0.5785345953125 0.60693728125 0.57355004375 0.6086553296874999 0.5660421062500001 0.6165399859375
2 0.6494123609375 0.555361103125 0.646888975 0.561527709375 0.6468267515624999 0.5721428734375 0.648964715625 0.578689153125 0.654533446875 0.5833908234375 0.6623023640625 0.5840236109375 0.6694871015625 0.578236678125 0.6716872875 0.5741677921874999 0.6736264937499999 0.5615814640625 0.670257946875 0.55281090625 0.6674735828125 0.5504600703125 0.659704665625 0.549827284375 0.6547201140625 0.55154533125 0.6494123609375 0.555361103125
2 0.71429793125 0.6243675015625 0.7152053109375001 0.628689503125 0.721681425 0.637713175 0.7294503406249999 0.6383459625000001 0.7344348921875 0.6366279125000001 0.7407122484374999 0.626518978125 0.742005053125 0.61812809375 0.7405134921875 0.607386371875 0.7380523265625001 0.6029378140625 0.7287296265625 0.60217846875 0.7218680921875 0.6058676828125 0.7159139359375 0.6138788953125001 0.71429793125 0.6243675015625
2 0.7318994171875 0.5918164203125 0.737144946875 0.5986158140625 0.7480214296875001 0.599501715625 0.7514522 0.5976571093749999 0.75552936875 0.5916170609375 0.75837595625 0.5833527328125 0.757207596875 0.5705132890625 0.7519620671875 0.5637138953124999 0.74108558125 0.56282799375 0.732284840625 0.579103534375 0.7309920359375 0.58749441875 0.7318994171875 0.5918164203125
2 0.734025290625 0.5473845984375 0.736163253125 0.5539308765625 0.7426393671875 0.5629545515625 0.7488544984375001 0.56346078125 0.7557160359374999 0.55977156875 0.75979320625 0.55373151875 0.7620556125 0.53904746875 0.761148234375 0.5347254671874999 0.75434891875 0.5277995171875001 0.748133784375 0.5272932890625001 0.7378414828125 0.53282710625 0.735641296875 0.5368959921875 0.734025290625 0.5473845984375
2 0.718202296875 0.4356453828125 0.7246784093749999 0.44466905468749995 0.73555489375 0.44555495624999997 0.743709234375 0.43347485937499997 0.7453252390625 0.4229862515625 0.7444178578125 0.4186642515625 0.7394955296875 0.4097671359375 0.7317266124999999 0.40913434843749996 0.72078790625 0.4188636109375 0.7185877203125 0.422932496875 0.7172949156249999 0.4313233828125 0.718202296875 0.4356453828125
2 0.6335150578125 0.4032589515625 0.6340992375 0.4096786703125 0.6393447671875 0.41647806562499995 0.6452366984375 0.41908201875 0.6539752203125 0.4134216390625 0.6583755921875001 0.4052838703125 0.6603148 0.39269754218749997 0.6594074171875 0.388375540625 0.656946253125 0.3839269828125 0.644515984375 0.3829145234375 0.64108521875 0.38475912968750003 0.6351310625 0.39277034375 0.6335150578125 0.4032589515625
2 0.5811340656249999 0.3756279453125 0.5786106796875 0.3817945515625 0.5788716578125 0.390311996875 0.5834707875 0.40130683281249996 0.5862551515625001 0.40365766875000003 0.5924702875000001 0.404163896875 0.6003014249999999 0.394181521875 0.6028248125 0.388014915625 0.6041176171875 0.37962403125 0.6007490703125 0.37085347031250004 0.59796470625 0.3685026359375 0.5917495703125 0.36799640624999996 0.58676501875 0.3697144546875 0.5811340656249999 0.3756279453125
2 0.47103838124999997 0.48773117343749994 0.47194576250000003 0.49205317343750005 0.47596071249999994 0.4966282875 0.4868371953125 0.497514190625 0.4943451328125 0.489629534375 0.496607540625 0.47494548593749997 0.49200841406249995 0.46395064843749995 0.48456269687500003 0.46122014062499994 0.4758241765625 0.4668805171875 0.473623990625 0.47094940156250004 0.4704542015625 0.4813114515625 0.47103838124999997 0.48773117343749994
0 0.550231203125 0.5557788671874999 0.5595539031250001 0.5565382140625 0.567061840625 0.5486535578125 0.56932425 0.5339695078125 0.564725121875 0.522974671875 0.555402421875 0.522215325 0.548217684375 0.528002259375 0.546017496875 0.5320711453125 0.544078290625 0.5446574734375 0.5449856734375 0.5489794734375 0.550231203125 0.5557788671874999
0 0.6420669109375 0.429444065625 0.6420046875 0.44005923124999996 0.6441426515625001 0.446605509375 0.64692701875 0.4489563453125 0.6578035015625 0.44984224843750004 0.665634640625 0.43985987031249996 0.667250646875 0.42937126406250004 0.6654358828125 0.4207272640625 0.658636571875 0.41380131249999996 0.6555290031250001 0.413548196875 0.65022125 0.41736396875 0.6464672828125 0.4213062953125 0.6420669109375 0.429444065625
0 0.559840834375 0.40150619218749994 0.5579016265625001 0.41409251874999997 0.5588090078125 0.41841452031250004 0.5612701734375001 0.42286307812499996 0.565608321875 0.42534047187499996 0.5687158906249999 0.42559358593749996 0.575577425 0.4219043734375 0.5815315812499999 0.41389316093749995 0.5834707875 0.40130683281249996 0.57854845625 0.3924097171875 0.5757640921875 0.39005888125 0.5711027421875 0.389679209375 0.56424120625 0.39336842031249997 0.559840834375 0.40150619218749994
0 0.49470637812499996 0.37496045 0.5018911125 0.369173515625 0.5044767218749999 0.3523917453125 0.5011081765625 0.3436211859375 0.48867790937500005 0.3426087265625 0.48304695468750003 0.3485222203125 0.480784546875 0.3632062671875 0.48169192968749996 0.36752826875 0.48538367656250003 0.3742011046875 0.49470637812499996 0.37496045
0 0.7111782734375 0.5731362875 0.7176543859375 0.582159959375 0.725423303125 0.5827927468749999 0.7307310578124999 0.578976975 0.735131428125 0.57083920625 0.736747434375 0.5603506 0.7321483046874999 0.5493557625000001 0.7228256046875 0.5485964171875 0.7178410546875 0.5503144671875 0.7118869 0.5583256796875 0.7105940953125 0.566716565625 0.7111782734375 0.5731362875