1 0.6690795390625001 0.32182878125 0.6667075687499999 0.32555619999999996 0.66548970625 0.331723334375 0.6665800640625 0.34276989687500004 0.6785271093749999 0.36511132968750004 0.6890415984375 0.3698550609375 0.6996198375 0.3659919453125 0.7028037171875 0.3581531046875 0.7017771140625 0.33849969375 0.6983147859375001 0.33118055 0.687458096875 0.3198856796875 0.674977590625 0.31681365625 0.6690795390625001 0.32182878125
1 0.5441872921875001 0.2501300109375 0.530831125 0.2597762578125 0.5221551484375 0.2705745125 0.519377225 0.2763576453125 0.5165355468749999 0.2907476234375 0.5172837015625 0.29524305 0.5195919203125 0.3001224765625 0.5273922359375 0.3020424921875 0.5324783796875 0.301138790625 0.542308465625 0.2927802484375 0.5517963499999999 0.2778705703125 0.5566040437499999 0.261808884375 0.555107734375 0.2528180328125 0.5441872921875001 0.2501300109375
1 0.556499978125 0.32860795781249996 0.5506019265625001 0.3336230828125 0.5477602484374999 0.3480130609375 0.548508403125 0.3525084875 0.5535307953124999 0.3602116328125 0.569943334375 0.35994024062499996 0.58404765625 0.35478941875 0.5923176781249999 0.346046875 0.59515935625 0.331656896875 0.5901369640625 0.32395375 0.5792165234375 0.321265728125 0.5725703156249999 0.321785428125 0.556499978125 0.32860795781249996
1 0.536799490625 0.40351726718750003 0.5333371640625 0.3961981234375 0.52634875625 0.39016668593750004 0.5185484406249999 0.3882466703125 0.515022359375 0.3895343765625 0.5091243078125001 0.3945495 0.5075004921875 0.40277234531249995 0.5093390046875 0.41831433437500004 0.51741776875 0.4353923328125 0.5286804125 0.44463149218750003 0.5357325734375 0.44205608124999995 0.5396646078125 0.4387126640625 0.5425062859375 0.424322684375 0.5410099749999999 0.415331834375 0.536799490625 0.40351726718750003
1 0.49630159999999995 0.3849263390625 0.4948052890625 0.3759354875 0.4913429625 0.3686163453125 0.48320044375000004 0.36014519375 0.47580608281250003 0.35616946718750003 0.4648856390625 0.353481446875 0.4558674625 0.3577285640625 0.45308953750000003 0.3635116953125 0.45343173906249995 0.37006283125 0.46035639375 0.38470111875 0.46849891250000003 0.3931722703125 0.472773146875 0.39637999062499996 0.48721966875 0.39778030625 0.49074575 0.3964926015625 0.4954896921875 0.38903776093750003 0.49630159999999995 0.3849263390625
1 0.46565723437499995 0.40756224999999996 0.4590747796875 0.39947509999999997 0.4528345265625 0.3979390875 0.44537641250000004 0.40257021093749995 0.44063247031249997 0.4100250484375 0.43785454375 0.4158081796875 0.43460691406249996 0.43225387031249995 0.43603947187500003 0.44985156875000004 0.44106186249999996 0.457554715625 0.447302115625 0.45909072812499996 0.45082819531249996 0.4578030234375 0.45476022968749996 0.4544596046875 0.46268805156250004 0.439165925 0.46593568124999996 0.422720234375 0.46565723437499995 0.40756224999999996
1 0.5077451890625 0.6334855375 0.51248913125 0.6260306984375 0.515673009375 0.6181918546875 0.516890871875 0.612024721875 0.5161427171875 0.6075292953125 0.513834496875 0.60264986875 0.5075942453125 0.60111385625 0.5040681640625 0.6024015609375 0.49308397031249995 0.6083203890625 0.483253884375 0.6166789296874999 0.4785099421875 0.6241337687499999 0.47573201718749997 0.6299168984375 0.47410820156250005 0.63813974375 0.47485635625 0.6426351703125001 0.47872463749999994 0.6478986015625 0.484964890625 0.6494346140625 0.49201705156250003 0.6468592046875 0.5077451890625 0.6334855375
1 0.6140844984375 0.62517035 0.608186446875 0.6301854734375001 0.60534476875 0.6445754531250001 0.610645609375 0.6674365843750001 0.6129538265625001 0.6723160125 0.624216471875 0.6815551703125 0.63126863125 0.678979759375 0.6336406015625 0.675252340625 0.6360763265625 0.6629180734375 0.633489659375 0.642880659375 0.6265650046875 0.6282423734375 0.6191706406249999 0.624266646875 0.6140844984375 0.62517035
1 0.730676721875 0.49866330468750003 0.718196215625 0.49559128125 0.70958399375 0.4977826890625 0.705651959375 0.50112610625 0.70281028125 0.515516084375 0.711295 0.5305383734375 0.7256777703124999 0.5405455359375 0.7319180234375 0.5420815484375 0.7370041656249999 0.5411778468749999 0.7429022171875 0.536162721875 0.7449319875 0.5258841656250001 0.7441838328125 0.521388740625 0.7361050671875 0.504310740625 0.730676721875 0.49866330468750003
1 0.5980479109375 0.41643767187499997 0.5953337390625 0.41361395468750006 0.5890934859375 0.41207794218749993 0.5855674046875 0.413365646875 0.5812294171875 0.418764775 0.5768276765625 0.4327707515625 0.5778542796874999 0.45242416093750004 0.5874931078125 0.469886165625 0.5937333609375 0.471422178125 0.5972594421874999 0.4701344734375 0.6015974296875 0.46473534375 0.6055932171875 0.4527850796875 0.6060629234375 0.4421225203125 0.6038184578125 0.4286362421875 0.5980479109375 0.41643767187499997
1 0.55955819375 0.2514884046875 0.524456771875 0.24284833749999998 0.5130372875 0.30067549531250004 0.5481387093750001 0.30931556250000003 0.55955819375 0.2514884046875
1 0.5983411203125 0.32436721875 0.554955765625 0.31368809531249997 0.5463292421875 0.3573719625 0.5897145984375001 0.3680510859375 0.5983411203125 0.32436721875
1 0.615002615625 0.41603027812500004 0.5803848109375 0.40750925000000005 0.5687136359375 0.4666109484375 0.603331440625 0.47513197500000004 0.615002615625 0.41603027812500004
1 0.71020229375 0.32226139531250003 0.6687670156250001 0.312062275 0.6584923203125 0.36409232812500003 0.6999276 0.3742914484375 0.71020229375 0.32226139531250003
1 0.5509435734375 0.3935260515625 0.5095082953125 0.3833269328125 0.49872615781249996 0.43792662499999996 0.5401614375 0.4481257453125 0.5509435734375 0.3935260515625
1 0.502962475 0.35948033125 0.456160578125 0.34796024062500003 0.44791565312500004 0.3897117359375 0.49471755 0.4012318265625 0.502962475 0.35948033125
1 0.471630471875 0.40162793125 0.442379284375 0.3944278734375 0.43032651250000004 0.45546194218749997 0.4595776984375 0.4626619984375 0.471630471875 0.40162793125
1 0.52093996875 0.602372553125 0.4819383859375 0.592772478125 0.47102634375 0.6480299953124999 0.5100279265625 0.657630071875 0.52093996875 0.602372553125
1 0.644911853125 0.6295249203125 0.6073767328125 0.6202858078125 0.5965945953125 0.6748855 0.634129715625 0.6841246125 0.644911853125 0.6295249203125
1 0.7514576374999999 0.5041880109375 0.7061222 0.49302888281249996 0.6980031203125 0.5341431078125 0.7433385578125 0.5453022359374999 0.7514576374999999 0.5041880109375
0 0.738702146875 0.3333075515625 0.71431835625 0.327305584375 0.70772160625 0.3607108921875 0.7321053953125001 0.36671285937500003 0.738702146875 0.3333075515625
0 0.6352786796875 0.43247834531249996 0.610894890625 0.426476378125 0.60417229375 0.46051895624999994 0.62855608125 0.4665209234375 0.6352786796875 0.43247834531249996
0 0.5027502687500001 0.25704620624999996 0.47739924218749996 0.25080615625 0.4709283359375 0.28357419375 0.49627936093749997 0.28981424218749996 0.5027502687500001 0.25704620624999996
0 0.8077675281250001 0.5038859312499999 0.780950040625 0.49728492031249993 0.7744791359375001 0.5300529578125001 0.801296621875 0.53665396875 0.8077675281250001 0.5038859312499999
0 0.8408292140625001 0.7040263484375 0.8140117265625 0.6974253359375 0.807289128125 0.731467915625 0.8341066171874999 0.7380689265625 0.8408292140625001 0.7040263484375
2 0.699486034375 0.28594183281249996 0.6751022453125 0.2799398671875 0.6690129375 0.3107755359375 0.693396725 0.316777503125 0.699486034375 0.28594183281249996
2 0.9613200859375001 0.345002096875 0.9325525234375001 0.3379210828125 0.925448328125 0.3738960296875 0.95421589375 0.3809770453125 0.9613200859375001 0.345002096875
2 0.8408817718750001 0.450062353125 0.8145479046874999 0.44358038281249995 0.8080769999999999 0.4763484203125 0.834410865625 0.48283039062500005 0.8408817718750001 0.450062353125
2 0.730820471875 0.4404857609375 0.7040029828125001 0.43388475 0.6976579234375 0.466015515625 0.7244754109375 0.472616528125 0.730820471875 0.4404857609375
2 0.69846030625 0.42310031718749996 0.67067558125 0.41626122343749994 0.664078828125 0.4496665328125 0.6918635546874999 0.45650562656250004 0.69846030625 0.42310031718749996
2 0.6249074546875 0.34773114375 0.6010228875 0.3418520578125 0.59391869375 0.37782700625 0.6178032625000001 0.3837060921875 0.6249074546875 0.34773114375
2 0.5094040640624999 0.46412681562499997 0.4830701984375 0.4576448453125 0.4767251359375 0.4897756140625 0.503059003125 0.496257584375 0.5094040640624999 0.46412681562499997
2 0.55543769375 0.6115430468749999 0.5310539078125001 0.60554108125 0.5244571546875 0.6389463906249999 0.5488409437499999 0.64494835625 0.55543769375 0.6115430468749999
2 0.714091053125 0.6391484828125 0.687757184375 0.6326665109375 0.6811604328125 0.6660718203125 0.7074943 0.6725537921875 0.714091053125 0.6391484828125
2 0.777119725 0.68497095625 0.750785859375 0.6784889859375001 0.74418910625 0.71189429375 0.770522971875 0.7183762640625 0.777119725 0.68497095625
0 0.47691331562499995 0.25943842500000003 0.4737294375 0.26727726875 0.47597390156249997 0.28076354375 0.481402246875 0.28641097968749996 0.48920256249999994 0.2883309953125 0.49272864375000003 0.287043290625 0.49747258437499997 0.27958845 0.49950235625 0.26930989375 0.495291871875 0.257495325 0.4925777 0.254671609375 0.4847773828125 0.25275159375 0.481251303125 0.2540392984375 0.47691331562499995 0.25943842500000003
0 0.61121281875 0.43261197031250004 0.6060629234375 0.4421225203125 0.6055932171875 0.4527850796875 0.6074954828125 0.45972021874999996 0.6117697171875001 0.46292794062500003 0.61800996875 0.464463953125 0.6270281484375 0.4602168328125 0.62940011875 0.4564894125 0.63183584375 0.4441551453125 0.627625359375 0.4323405765625 0.6249111875 0.42951685937499995 0.618670934375 0.42798084843749995 0.61121281875 0.43261197031250004
0 0.7119494015625001 0.3366922875 0.7079536140625 0.3486425515625 0.709043971875 0.359689115625 0.7129122531250001 0.364952546875 0.71915250625 0.36648855937499997 0.726204665625 0.36391315 0.732508671875 0.3568423125 0.7349443953125 0.34450804375 0.734196240625 0.34001261875 0.72917385 0.33230947187500004 0.7198134703125 0.33000545468750003 0.716287390625 0.3312931609375 0.7119494015625001 0.3366922875
0 0.781410653125 0.5068399796875 0.7790386812500001 0.5105673984375 0.7774148656250001 0.51879024375 0.7789111765625 0.5277810953125 0.7843395234375 0.5334285296875 0.7936999015625 0.535732546875 0.7991919984375 0.532773134375 0.8015639703125 0.5290457140625 0.8044056484375 0.5146557359374999 0.801349275 0.50528088125 0.7955149765625 0.5016891578125 0.78886876875 0.5022088578125 0.781410653125 0.5068399796875
0 0.8091158374999999 0.7227561015624999 0.814886384375 0.7349546734375 0.8207206828125001 0.7385463984375 0.8242467625 0.7372586921875001 0.8325167859375 0.728516146875 0.8357644171875 0.7120704578125 0.8295879171875 0.701927596875 0.8202275374999999 0.6996235796875 0.8167014578125 0.7009112843749999 0.8123634703124999 0.7063104124999999 0.8095855437499999 0.7120935421875 0.8091158374999999 0.7227561015624999
2 0.66920704375 0.304615084375 0.6699552 0.30911051093749997 0.67382348125 0.3143739421875 0.6878640500000001 0.31782996875 0.6922020375 0.312430840625 0.6954496703124999 0.2959851515625 0.6951074687500001 0.28943401406249997 0.691645140625 0.282114871875 0.6822847609375 0.2798108546875 0.6748266484375 0.284441975 0.6724546765625 0.2881693953125 0.66920704375 0.304615084375
2 0.5997120406249999 0.3500226 0.59734006875 0.353750021875 0.5949043453125 0.3660842890625 0.5968066109375 0.373019428125 0.6033890656249999 0.3811065765625 0.6131553984375 0.381354884375 0.617087434375 0.3780114671875 0.6222373296875 0.3685009171875 0.6230492375 0.36438949374999996 0.6208047703124999 0.35090321874999997 0.6153764265625 0.34525578281249997 0.6091361734375 0.3437197703125 0.5997120406249999 0.3500226
2 0.6890650359375 0.41944043906250006 0.67970465625 0.417136421875 0.6722465421875 0.42176754218749996 0.6698745703125 0.4254949625 0.6670328921875 0.439884940625 0.6689351578125 0.44682008125 0.6743635015625 0.452467515625 0.6790436921875 0.45361952499999997 0.684129834375 0.45271582187500004 0.6900278875 0.44770069687499997 0.6928058125 0.4419175671875 0.6944296296875 0.43369472187499997 0.6936814734375 0.4291992953125 0.6890650359375 0.41944043906250006
2 0.7025721468749999 0.44216587343749997 0.698576359375 0.4541161390625 0.6993245156250001 0.4586115640625 0.70434690625 0.4663147109375 0.7117412671875 0.47029043593750003 0.718387475 0.46977073750000004 0.7242855265625 0.4647556125 0.7275331578124999 0.44830992031249994 0.724476784375 0.43893506875000005 0.7217626125 0.43611135 0.713962296875 0.434191334375 0.7069101343749999 0.4367667453125 0.7025721468749999 0.44216587343749997
2 0.8138700953125 0.45016067968750006 0.8114981234374999 0.4538881 0.8090624 0.4662223671875 0.8121187734375 0.4755972203125 0.816393009375 0.478804940625 0.8241933250000001 0.48072495625 0.8292794671875001 0.4798212546875 0.8332115015625 0.47647783749999995 0.8372072890625001 0.464527571875 0.8365228859375 0.4514252984375 0.8326546046875001 0.44616186718749995 0.8252602421875 0.44218614218749996 0.8138700953125 0.45016067968750006
2 0.9342030953125 0.3461307640625 0.9294591531249999 0.353585603125 0.928241290625 0.3597527359375 0.9293316468749999 0.37079929843750004 0.931639865625 0.37567872812499997 0.9359141015624999 0.37888644843749997 0.9456804343749999 0.3791347546875 0.9539504578125 0.3703922109375 0.9563861812500001 0.35805794375 0.9548898703124999 0.3490670921875 0.9498674796875 0.34136394531250003 0.9436272265625 0.3398279328125 0.9342030953125 0.3461307640625
2 0.749618740625 0.6843991546875 0.7468408156249999 0.6901822875 0.745217 0.6984051328125 0.74630735625 0.7094516953125 0.7517357015624999 0.715099128125 0.7595360171875 0.71701914375 0.7669941312499999 0.712388021875 0.7693661015625 0.7086606015625 0.7726137343749999 0.6922149109375 0.76915140625 0.6848957687499999 0.7664372328125 0.682072053125 0.7555167921875 0.67938403125 0.749618740625 0.6843991546875
2 0.6834116828125001 0.6551687562499999 0.68490799375 0.6641596062499999 0.6918964015625 0.6701910437499999 0.6996967171875 0.6721110593749999 0.70715483125 0.6674799375 0.7103387109375 0.6596410953125 0.7100602609375 0.6444831093750001 0.7046319171875 0.6388356749999999 0.6952715375 0.6365316578125 0.689779440625 0.6394910703125001 0.6850354984375 0.6469459093750001 0.6834116828125001 0.6551687562499999
2 0.52977733125 0.6130410359375 0.5269994078125 0.618824165625 0.525375590625 0.6270470109375 0.529992028125 0.63680586875 0.5385404984375 0.6432213078125 0.5475586765625 0.638974190625 0.5499306484375001 0.6352467703125 0.5527723265625 0.6208567921875 0.5497159515625001 0.6114819375 0.5470017796875 0.6086582203125 0.5376413984374999 0.6063542015625 0.532149303125 0.609313615625 0.52977733125 0.6130410359375
2 0.483589525 0.46586708593750004 0.48040564531249996 0.47370592812499995 0.4803418921875 0.482312775 0.48380422031250003 0.48963191874999995 0.48651839218750004 0.49245563593749997 0.495878771875 0.49475965468750005 0.505302903125 0.4884568234375 0.507332671875 0.4781782671875 0.506990471875 0.47162713125 0.5023740343750001 0.4618682734375 0.4914535921875 0.459180253125 0.48792751093750003 0.46046795781250005 0.483589525 0.46586708593750004