1 0.4671875 0.2979166671875 0.4734375 0.29375 0.478125 0.2875 0.4859375 0.2645833328125 0.4859375 0.2520833328125 0.48125 0.24583333281250003 0.471875 0.24583333281250003 0.459375 0.2604166671875 0.4546875 0.2708333328125 0.453125 0.2770833328125 0.453125 0.2916666671875 0.4578125 0.2979166671875 0.4671875 0.2979166671875
1 0.4828125 0.43333333281249997 0.49375 0.43958333281249995 0.5015625 0.43125 0.5015625 0.4125 0.5 0.40625 0.496875 0.39791666718749996 0.490625 0.3875 0.4859375 0.38333333281250004 0.475 0.38333333281250004 0.4703125 0.3895833328125 0.4703125 0.40833333281249995 0.4734375 0.41875 0.4828125 0.43333333281249997
1 0.428125 0.40208333281249997 0.4453125 0.40208333281249997 0.45 0.3958333328125 0.45 0.38333333281250004 0.4453125 0.3729166671875 0.4359375 0.36666666718749996 0.4296875 0.3645833328125 0.4140625 0.3645833328125 0.409375 0.36875 0.4078125 0.3729166671875 0.4078125 0.38125 0.41875 0.3958333328125 0.428125 0.40208333281249997
1 0.4140625 0.46875 0.421875 0.46875 0.425 0.46666666718750005 0.428125 0.4604166671875 0.4296875 0.45208333281249996 0.4296875 0.4291666671875 0.4265625 0.4166666671875 0.41875 0.40833333281249995 0.4109375 0.40833333281249995 0.4046875 0.41875 0.403125 0.425 0.403125 0.45 0.40625 0.4604166671875 0.4140625 0.46875
1 0.540625 0.44375 0.5484375 0.44375 0.5515625 0.44166666718750003 0.5546875 0.43541666718750005 0.5546875 0.40833333281249995 0.5484375 0.3916666671875 0.5421875 0.3854166671875 0.5375 0.3854166671875 0.534375 0.3875 0.5296875 0.3958333328125 0.528125 0.40416666718750005 0.5296875 0.42083333281249996 0.5328125 0.43333333281249997 0.540625 0.44375
1 0.6109375 0.325 0.625 0.325 0.6328125 0.32083333281250004 0.64375 0.3083333328125 0.6453125 0.30416666718749996 0.6453125 0.2916666671875 0.6421875 0.2875 0.6375 0.2854166671875 0.6203125 0.2854166671875 0.609375 0.29375 0.603125 0.3020833328125 0.6015625 0.3083333328125 0.6015625 0.3166666671875 0.603125 0.32083333281250004 0.6109375 0.325
1 0.6859375 0.55625 0.696875 0.5645833328125 0.7015625 0.5645833328125 0.7078125 0.5583333328125 0.709375 0.5520833328125 0.7078125 0.5395833328124999 0.6953125 0.51875 0.6859375 0.5125 0.6765625 0.5125 0.671875 0.51875 0.6703125 0.5291666671875 0.675 0.54375 0.678125 0.5479166671875 0.6859375 0.55625
1 0.5515625 0.5041666671875 0.5625 0.5 0.571875 0.4875 0.5765625 0.475 0.578125 0.4625 0.571875 0.45208333281249996 0.5609375 0.45208333281249996 0.55625 0.45625 0.5453125 0.47291666718750003 0.5421875 0.48125 0.5421875 0.49583333281249997 0.54375 0.5 0.5515625 0.5041666671875
1 0.6140625 0.6479166671875001 0.61875 0.6479166671875001 0.621875 0.6458333328125 0.63125 0.63125 0.6359375 0.6104166671875 0.6359375 0.6 0.634375 0.59375 0.63125 0.5895833328125 0.621875 0.5895833328125 0.6140625 0.5979166671875 0.609375 0.6083333328125 0.6078125 0.6145833328125 0.6078125 0.6354166671875 0.609375 0.6416666671875 0.6140625 0.6479166671875001
1 0.490625 0.6458333328125 0.4984375 0.6395833328125 0.5046875 0.63125 0.5109375 0.61875 0.5140625 0.60625 0.5125 0.5979166671875 0.509375 0.59375 0.5015625 0.59375 0.4921875 0.6 0.48125 0.6166666671875001 0.478125 0.6291666671875 0.478125 0.6354166671875 0.484375 0.6458333328125 0.490625 0.6458333328125
1 0.4873125 0.24348958281250002 0.453125 0.24348958281250002 0.453125 0.2981770828125 0.4873125 0.2981770828125 0.4873125 0.24348958281250002
1 0.452640625 0.3619791671875 0.406734375 0.3619791671875 0.406734375 0.4036458328125 0.452640625 0.4036458328125 0.452640625 0.3619791671875
1 0.4311640625 0.40625 0.4028359375 0.40625 0.4028359375 0.4707083328125 0.4311640625 0.4707083328125 0.4311640625 0.40625
1 0.5053828125 0.3815104171875 0.4692421875 0.3815104171875 0.4692421875 0.44011458281250004 0.5053828125 0.44011458281250004 0.5053828125 0.3815104171875
1 0.5566328125 0.3828229171875 0.5288046875 0.3828229171875 0.5288046875 0.44596875 0.5566328125 0.44596875 0.5566328125 0.3828229171875
1 0.578609375 0.4498645828125 0.541015625 0.4498645828125 0.541015625 0.5065104171875 0.578609375 0.5065104171875 0.578609375 0.4498645828125
1 0.5146484375 0.5905 0.4790078125 0.5905 0.4790078125 0.6465 0.5146484375 0.6465 0.5146484375 0.5905
1 0.6381875 0.5878854171875 0.6069375 0.5878854171875 0.6069375 0.6464895828125 0.6381875 0.6464895828125 0.6381875 0.5878854171875
1 0.7104453125 0.5091041671875 0.6694296875 0.5091041671875 0.6694296875 0.5631458328125001 0.7104453125 0.5631458328125001 0.7104453125 0.5091041671875
2 0.6269609375 0.24284374999999997 0.6025390625 0.24284374999999997 0.6025390625 0.27540624999999996 0.6269609375 0.27540624999999996 0.6269609375 0.24284374999999997
2 0.6030234375 0.2734479171875 0.5791015625 0.2734479171875 0.5791015625 0.30730208281250004 0.6030234375 0.30730208281250004 0.6030234375 0.2734479171875
2 0.67628125 0.3359479171875 0.64990625 0.3359479171875 0.64990625 0.3730520828125 0.67628125 0.3730520828125 0.67628125 0.3359479171875
2 0.7915078125 0.3671979171875 0.7646484375 0.3671979171875 0.7646484375 0.40105208281250004 0.7915078125 0.40105208281250004 0.7915078125 0.3671979171875
2 0.8872109375000001 0.2402291671875 0.8593828125 0.2402291671875 0.8593828125 0.2753958328125 0.8872109375000001 0.2753958328125 0.8872109375000001 0.2402291671875
2 0.4799765625 0.4583333328125 0.4545859375 0.4583333328125 0.4545859375 0.4915416671875 0.4799765625 0.4915416671875 0.4799765625 0.4583333328125
2 0.5498046875 0.5911458328125 0.5268515625 0.5911458328125 0.5268515625 0.6243541671874999 0.5498046875 0.6243541671874999 0.5498046875 0.5911458328125
2 0.6938515625 0.4778645828125 0.6684609375 0.4778645828125 0.6684609375 0.5104270828125 0.6938515625 0.5104270828125 0.6938515625 0.4778645828125
2 0.7085 0.5807291671875 0.68359375 0.5807291671875 0.68359375 0.6171875 0.7085 0.6171875 0.7085 0.5807291671875
2 0.775875 0.6113333328125 0.75 0.6113333328125 0.75 0.6445416671875 0.775875 0.6445416671875 0.775875 0.6113333328125
0 0.729984375 0.2799375 0.704109375 0.2799375 0.704109375 0.3183541671875 0.729984375 0.3183541671875 0.729984375 0.2799375
0 0.434078125 0.25910416718749996 0.409171875 0.25910416718749996 0.409171875 0.2942708328125 0.434078125 0.2942708328125 0.434078125 0.25910416718749996
0 0.6303671875 0.43618750000000006 0.6049765625 0.43618750000000006 0.6049765625 0.4693958328125 0.6303671875 0.4693958328125 0.6303671875 0.43618750000000006
0 0.76709375 0.42707291718749996 0.74121875 0.42707291718749996 0.74121875 0.4596354171875 0.76709375 0.4596354171875 0.76709375 0.42707291718749996
0 0.8393515624999999 0.6139270828125001 0.8139609374999999 0.6139270828125001 0.8139609374999999 0.6458229171875 0.8393515624999999 0.6458229171875 0.8393515624999999 0.6139270828125001
0 0.4171875 0.29375 0.4265625 0.29375 0.4328125 0.2854166671875 0.4328125 0.27291666718749996 0.4265625 0.2625 0.41875 0.2604166671875 0.4140625 0.2625 0.4109375 0.2666666671875 0.409375 0.2708333328125 0.409375 0.2833333328125 0.4125 0.28958333281250004 0.4171875 0.29375
0 0.709375 0.3166666671875 0.71875 0.3166666671875 0.721875 0.3145833328125 0.728125 0.30416666718749996 0.728125 0.2916666671875 0.721875 0.2833333328125 0.7125 0.2833333328125 0.7046875 0.2916666671875 0.703125 0.2979166671875 0.703125 0.30625 0.7046875 0.3125 0.709375 0.3166666671875
0 0.75625 0.4604166671875 0.7625 0.45625 0.7671875 0.4479166671875 0.765625 0.43541666718750005 0.7640625 0.43125 0.759375 0.4270833328125 0.7484375 0.4270833328125 0.7421875 0.43541666718750005 0.740625 0.4458333328125 0.74375 0.45416666718750004 0.746875 0.4583333328125 0.75625 0.4604166671875
0 0.6203125 0.47083333281249995 0.6265625 0.46666666718750005 0.6296875 0.4604166671875 0.6296875 0.4458333328125 0.6265625 0.43958333281249995 0.6203125 0.43541666718750005 0.6125 0.4375 0.60625 0.4458333328125 0.60625 0.4604166671875 0.6125 0.46875 0.6203125 0.47083333281249995
0 0.8296875 0.65 0.8375 0.6416666671875 0.8390625 0.6375 0.8390625 0.6270833328125 0.8328125 0.6166666671875001 0.8296875 0.6145833328125 0.8203125 0.6145833328125 0.8140625 0.6208333328125 0.8125 0.6291666671875 0.8140625 0.6395833328125 0.821875 0.65 0.8296875 0.65
2 0.609375 0.2770833328125 0.61875 0.2770833328125 0.625 0.26875 0.6265625 0.25833333281250004 0.625 0.25 0.621875 0.24375 0.61875 0.2416666671875 0.609375 0.2416666671875 0.60625 0.24375 0.6015625 0.2520833328125 0.6 0.2604166671875 0.6015625 0.2708333328125 0.6046875 0.275 0.609375 0.2770833328125
2 0.5859375 0.3083333328125 0.5953125 0.3104166671875 0.5984375 0.3083333328125 0.6046875 0.2958333328125 0.6046875 0.2833333328125 0.603125 0.2791666671875 0.596875 0.27291666718749996 0.5875 0.27291666718749996 0.584375 0.275 0.5796875 0.2833333328125 0.578125 0.28958333281250004 0.5796875 0.3 0.58125 0.30416666718749996 0.5859375 0.3083333328125
2 0.65625 0.3708333328125 0.66875 0.3708333328125 0.675 0.3645833328125 0.675 0.3458333328125 0.671875 0.3395833328125 0.66875 0.3375 0.6578125 0.3375 0.6515625 0.34375 0.65 0.3479166671875 0.65 0.3625 0.653125 0.36875 0.65625 0.3708333328125
2 0.778125 0.40208333281249997 0.7859375 0.4 0.790625 0.39375 0.7921875 0.3875 0.7921875 0.3791666671875 0.7890625 0.3708333328125 0.7828125 0.36666666718749996 0.775 0.36666666718749996 0.7671875 0.375 0.765625 0.38125 0.765625 0.3895833328125 0.771875 0.4 0.778125 0.40208333281249997
2 0.8796875 0.275 0.884375 0.26875 0.8859375 0.2645833328125 0.8859375 0.2520833328125 0.88125 0.2416666671875 0.875 0.2375 0.871875 0.2375 0.865625 0.2416666671875 0.8609375 0.25 0.859375 0.25833333281250004 0.8609375 0.2666666671875 0.865625 0.275 0.8796875 0.275
2 0.671875 0.5083333328124999 0.675 0.5104166671875 0.6875 0.5104166671875 0.690625 0.5083333328124999 0.69375 0.49791666718750005 0.69375 0.49375 0.6921875 0.48541666718750004 0.6875 0.4791666671875 0.678125 0.4770833328125 0.6734375 0.4791666671875 0.66875 0.48541666718750004 0.6671875 0.4895833328125 0.6671875 0.49791666718750005 0.66875 0.5041666671875 0.671875 0.5083333328124999
2 0.6875 0.6125 0.69375 0.6145833328125 0.703125 0.6125 0.70625 0.60625 0.70625 0.5916666671875 0.7046875 0.5875 0.696875 0.58125 0.690625 0.58125 0.684375 0.5854166671875001 0.68125 0.59375 0.68125 0.6020833328124999 0.6828125 0.6083333328125 0.6875 0.6125
2 0.7546875 0.64375 0.759375 0.6458333328125 0.7671875 0.64375 0.7734375 0.6333333328124999 0.7734375 0.61875 0.7671875 0.6104166671875 0.7546875 0.6104166671875 0.75 0.6145833328125 0.7484375 0.61875 0.7484375 0.63125 0.7515625 0.6395833328125 0.7546875 0.64375
2 0.5421875 0.625 0.5484375 0.61875 0.55 0.6125 0.55 0.6020833328124999 0.54375 0.5916666671875 0.540625 0.5895833328125 0.534375 0.5895833328125 0.5265625 0.5979166671875 0.525 0.6125 0.5296875 0.6208333328125 0.5359375 0.625 0.5421875 0.625
2 0.4625 0.4916666671875 0.4734375 0.4916666671875 0.478125 0.4875 0.4796875 0.48125 0.4796875 0.47291666718750003 0.478125 0.46666666718750005 0.4734375 0.4604166671875 0.46875 0.4583333328125 0.4625 0.4583333328125 0.45625 0.46458333281249997 0.4546875 0.46875 0.4546875 0.48333333281249996 0.459375 0.4895833328125 0.4625 0.4916666671875