1 0.73261838125 0.2445784921875 0.7470173109375 0.25768054375 0.7528627671875 0.2606576953125 0.7590649093749999 0.2620859515625 0.7680478046875 0.260892503125 0.7756766921875 0.25612517968750004 0.7778168078125 0.24683180937500002 0.7768194859374999 0.24170904062499998 0.7699767078125 0.23360911718750002 0.7572884734375 0.222532046875 0.7514430171875001 0.2195548953125 0.7369713499999999 0.21622229843750002 0.7321232156249999 0.2183679171875 0.7237809562499999 0.22623303125 0.7230675843750001 0.22933082031250002 0.73261838125 0.2445784921875
1 0.718984575 0.3605043296875 0.73481025 0.36741080312499996 0.7451471546875 0.3697912296875 0.7537733656250001 0.3701466765625 0.76382631875 0.36430654375 0.764896378125 0.3596598578125 0.7604776640625001 0.350487128125 0.74743274375 0.3409589515625 0.7415872859375 0.3379818 0.727115621875 0.334649203125 0.7160653453125 0.3353665671875 0.70879314375 0.3385849953125 0.7070097125 0.34632946875 0.708363721875 0.34990334375 0.718984575 0.3605043296875
1 0.6857540140625 0.4197242515625 0.6977288781250001 0.4338991140625 0.7059984015625 0.43580345625000005 0.7104898484375 0.43520673125 0.715337984375 0.4330611140625 0.7184754234375 0.4288905140625 0.7213289125 0.416499353125 0.719690953125 0.4047049171875 0.7111374796875001 0.3945800171875 0.7073594046875 0.3920789515625 0.69495511875 0.389222440625 0.6904636703125 0.3898191640625 0.6849021640624999 0.395062571875 0.682048675 0.40745373125000006 0.6857540140625 0.4197242515625
1 0.6825298515625 0.5282610625 0.6880186203124999 0.532787109375 0.6983555265625 0.535167534375 0.7056277265625 0.53194910625 0.708765165625 0.52777850625 0.7134020875 0.5076428734375 0.707629365625 0.49489626875 0.7042079765625 0.4908463078125 0.7004298999999999 0.4883452421875 0.694227759375 0.4869169859375 0.6852448625 0.48811043437499996 0.6800400421874999 0.49180494843749994 0.675759809375 0.5103916859375001 0.67675713125 0.51551445625 0.6825298515625 0.5282610625
1 0.5859308484375 0.5223261703125 0.5897089265625 0.5248272375 0.6000458296875 0.5272076640625001 0.604537278125 0.5266109390625 0.610098784375 0.5213675296875 0.615092390625 0.4996830015625 0.6140950671875001 0.49456023125000004 0.6113870515625 0.48741248125 0.6038308984375 0.48241035 0.5934939953125 0.4800299234375 0.5862217953125 0.4832483515625 0.5799469140625 0.49158955000000004 0.5785201703125 0.49778512968750005 0.57980144375 0.5111284609375 0.5859308484375 0.5223261703125
1 0.564491915625 0.388537425 0.572404753125 0.3919906625 0.585165725 0.39329827968750003 0.601064134375 0.3904352984375 0.6107604046875 0.38614405937499996 0.6163219093750001 0.3809006515625 0.618105340625 0.3731561765625 0.6167513328124999 0.3695823015625 0.61297325625 0.36708123593750003 0.598501590625 0.36374863749999997 0.5805357984375 0.3661355359375 0.563567328125 0.373645203125 0.55971651875 0.3809135921875 0.564491915625 0.388537425
1 0.4497298984375 0.2724026625 0.46249086874999995 0.273710278125 0.48288072812499994 0.270250571875 0.4880855484375 0.2665560578125 0.4926497328125 0.256189878125 0.483739571875 0.24761387343750002 0.4713352875 0.2447573609375 0.45615024843749996 0.24452255312500001 0.43818445781250004 0.24690945000000003 0.435403703125 0.24953115312500002 0.43119620468750003 0.25834843749999997 0.43561491874999997 0.26752116875 0.4497298984375 0.2724026625
1 0.48830375625 0.2372476953125 0.4896577640625 0.24082156875 0.49478985 0.24689650937500002 0.5030593734375 0.24880085156249998 0.5096182015624999 0.2486802125 0.518601096875 0.24748676406249998 0.5234492328125 0.24534114375 0.5286540515625 0.24164663125 0.537709684375 0.2306837296875 0.5402064859375 0.2198414640625 0.5354310875 0.21221762812499997 0.525094184375 0.20983720312499998 0.5161112875 0.21103065000000001 0.5012101999999999 0.21901640156250002 0.493224625 0.22533262031249998 0.48830375625 0.2372476953125
1 0.44812970312499995 0.48733066249999996 0.46466874999999996 0.491139346875 0.47122757968749995 0.49101870625000005 0.48263454218749996 0.4887524484375 0.4975356296875 0.48076669687500007 0.5013864406249999 0.47349830624999995 0.5003891203124999 0.4683755359375 0.49661104375000004 0.46587447031250007 0.482139378125 0.4625418734375 0.4645302734375 0.4633798765625 0.45034255625 0.4682678375 0.4447810484375 0.4735112484375 0.44335430468750003 0.47970682656249997 0.44812970312499995 0.48733066249999996
1 0.46729004218750003 0.6026533078125 0.46999805781250004 0.6098010578124999 0.48446972656250004 0.6131336546874999 0.489317859375 0.6109880359375001 0.503221625 0.5978795125 0.5067157515625 0.59216001875 0.50885586875 0.5828666499999999 0.5078585453125 0.5777438796875 0.5065045375 0.574170003125 0.5027264625 0.5716689374999999 0.49859169999999997 0.5707167671875 0.4871847359375 0.572983025 0.47677509687499997 0.5803720546875 0.4701435328125 0.5902621484374999 0.46729004218750003 0.6026533078125
1 0.7076874281250001 0.5385561109375 0.7183880125 0.49208926562500005 0.6800794453125001 0.48326740468749996 0.6693788609375 0.52973425 0.7076874281250001 0.5385561109375
1 0.7190955890625 0.4390071 0.72927184375 0.3948171296875 0.6848851765624999 0.384595578125 0.67470891875 0.42878554687500003 0.7190955890625 0.4390071
1 0.7622225953124999 0.374106728125 0.7694597562500001 0.3426796515625 0.709257625 0.328816046875 0.7020204640625 0.360243121875 0.7622225953124999 0.374106728125
1 0.7734801140625 0.2639620796875 0.7826077140625001 0.22432586250000003 0.7272846015625001 0.21158581875000002 0.7181570015625 0.25122203593750003 0.7734801140625 0.2639620796875
1 0.53286325 0.2550851984375 0.5427256218750001 0.21225825468749998 0.4983389546875 0.20203670312500002 0.48847658125000004 0.2448636453125 0.53286325 0.2550851984375
1 0.4866879671875 0.2804242140625 0.49340080156250005 0.2512740140625 0.436857934375 0.238253078125 0.4301451015625 0.26740328125 0.4866879671875 0.2804242140625
1 0.6143947140625 0.40146456875 0.6222632109374999 0.3672959453125 0.5669400984374999 0.3545559015625 0.5590716015625 0.388724525 0.6143947140625 0.40146456875
1 0.6096985734375 0.5303846921875001 0.620188715625 0.4848316953125 0.5824796875 0.47614789843749994 0.5719895484374999 0.5217008953125 0.6096985734375 0.5303846921875001
1 0.497735709375 0.49932500781250005 0.505290321875 0.466519415625 0.44874745625 0.45349848125000003 0.44119284375 0.48630407499999995 0.497735709375 0.49932500781250005
1 0.5016340921875 0.6187173734375 0.5123346765625 0.5722505265625 0.4740261109375 0.5634286656249999 0.463325525 0.6098955125 0.5016340921875 0.6187173734375
2 0.5764429671875 0.6191613406250001 0.582528034375 0.5927371953125 0.5527370765625 0.5858768046875 0.546652009375 0.6123009515625 0.5764429671875 0.6191613406250001
2 0.7073647953125 0.5677507203125 0.713239415625 0.542240421875 0.6816291624999999 0.534961078125 0.6757545421875 0.5604713765625 0.7073647953125 0.5677507203125
2 0.6052843046875 0.4550174671875 0.6110554875 0.42995634843749997 0.5776052640625 0.42225328749999996 0.57183408125 0.44731440625 0.6052843046875 0.4550174671875
2 0.6892423796875 0.31557052343750003 0.6950135609375 0.2905094046875 0.6591445031250001 0.282249325 0.6533733203125001 0.30731044218750003 0.6892423796875 0.31557052343750003
2 0.6540311828125 0.3156089546875 0.6602196874999999 0.28873562656249996 0.6279892203124999 0.28131345625000004 0.621800715625 0.3081867828125 0.6540311828125 0.3156089546875
2 0.6305593671875 0.33131749843749997 0.6362235421875 0.3067210484375 0.600354484375 0.2984609671875 0.594690309375 0.32305741875 0.6305593671875 0.33131749843749997
2 0.6021814171875 0.309907471875 0.6081594781249999 0.28394799375 0.5741097140625 0.2761068671875 0.568131653125 0.302066346875 0.6021814171875 0.309907471875
2 0.4858431515625 0.4203191859375 0.4916143328125 0.3952580671875 0.461203159375 0.3882548515625 0.45543197968750004 0.41331596875 0.4858431515625 0.4203191859375
2 0.46481622343750006 0.3809317109375 0.470794284375 0.3549722328125 0.4397835703125 0.347830953125 0.4338055109375 0.37379043125 0.46481622343750006 0.3809317109375
2 0.414856 0.411645975 0.42030973125 0.387963371875 0.38929901875 0.38082209218749996 0.3838452859375 0.40450469375000003 0.414856 0.411645975
0 0.5372848171875 0.4666943859375 0.543262878125 0.44073490625 0.50981265625 0.4330318453125 0.503834596875 0.45899132343750004 0.5372848171875 0.4666943859375
0 0.4391167875 0.5203712953124999 0.44446708125 0.49713787031249995 0.407977809375 0.48873496406249994 0.40262751718749995 0.5119683875 0.4391167875 0.5203712953124999
0 0.42788672187500004 0.5412965421875 0.433133575 0.5185122984375 0.3978640578125 0.5103902828125 0.3926172046875 0.5331745265625 0.42788672187500004 0.5412965421875
0 0.5275863562499999 0.33637587343750003 0.5335644171875 0.3104163953125 0.49829489843749997 0.3022943796875 0.49231683750000005 0.3282538578125 0.5275863562499999 0.33637587343750003
0 0.5450696078124999 0.318831565625 0.5513651171875 0.2914935703125 0.5173153562499999 0.28365244375 0.51101984375 0.31099044062500003 0.5450696078124999 0.318831565625
2 0.7095442796875 0.5622096421875 0.7130384046875 0.5564901484375 0.7123977703125 0.5498184828125 0.7055549890624999 0.5417185625000001 0.6910833249999999 0.5383859640625 0.6817437421875 0.5411283078125 0.678606303125 0.5452989078125 0.6771795578125 0.5514944859375001 0.6785335671875 0.5550683624999999 0.685376346875 0.5631682828125 0.6998480125000001 0.5665008796875 0.7095442796875 0.5622096421875
2 0.5783607109375 0.611920796875 0.5808575140625 0.60107853125 0.571947353125 0.592502525 0.55540830625 0.5886938421875 0.54742273125 0.5950100625 0.5459959875 0.601205640625 0.5500580140625 0.611927265625 0.5538360875 0.61442833125 0.5641729921875 0.616808759375 0.5731558890625 0.6156153093750001 0.5783607109375 0.611920796875
2 0.5850859953125 0.45036611249999997 0.5974902796875 0.453222625 0.6019817265625 0.45262590156250004 0.6068298624999999 0.4504802828125 0.6099673 0.4463096828125 0.61175073125 0.4385652078125 0.610396721875 0.434991334375 0.6031972578125 0.4284403078125 0.5887255921875 0.42510770937500003 0.58423414375 0.42570443437499994 0.5766052578124999 0.43047175937500004 0.5748218265625 0.4382162328125 0.5758191484374999 0.443339003125 0.5850859953125 0.45036611249999997
2 0.48870520156249997 0.4151228578125 0.49048863281250005 0.407378384375 0.487780615625 0.4002306328125 0.4802244640625 0.3952285015625 0.47231162656250003 0.391775265625 0.46332872968750005 0.392968715625 0.458480596875 0.3951143328125 0.45427309843749997 0.4039316171875 0.45562710781250004 0.4075054921875 0.46418058125000006 0.41763039375 0.476584865625 0.42048690468750005 0.48870520156249997 0.4151228578125
2 0.45584531562499997 0.3781971296875 0.46033676406249996 0.3776004046875 0.46867902343749995 0.36973528906249997 0.46839507343750003 0.3615147296875 0.45948491249999995 0.352938725 0.45157207499999996 0.3494854890625 0.445013246875 0.3496061265625 0.4353169796875 0.353897365625 0.43253622500000005 0.35651907031249996 0.4314661671875 0.3611657546875 0.435884878125 0.37033848593749996 0.44137364999999995 0.37486453124999997 0.45584531562499997 0.3781971296875
2 0.40486717031249997 0.4104955828125 0.41385006874999997 0.40930213593750003 0.4204816328125 0.3994120421875 0.41948430937500003 0.394289271875 0.4160629203125 0.39023931093750003 0.40643938906250004 0.38476109531249997 0.4002372453125 0.38333283906250004 0.39125435 0.3845262859375 0.386406215625 0.38667190625000003 0.3839094125 0.39751416875 0.388684809375 0.4051380046875 0.3945302671875 0.40811515624999994 0.40486717031249997 0.4104955828125
2 0.6194663421875 0.32943167500000003 0.6291626109374999 0.32514043593749997 0.6319433640625001 0.3225187328125 0.6337267953125 0.3147742578125 0.6285947125 0.3086993171875 0.621038559375 0.3036971859375 0.6127690375 0.30179284375000004 0.6037861390625 0.30298629374999997 0.598224634375 0.3082297015625 0.5975112625000001 0.3113274921875 0.5995059078125 0.32157303125 0.602927296875 0.325622990625 0.6194663421875 0.32943167500000003
2 0.5920224921874999 0.3068014453125 0.596513940625 0.30620472187500003 0.6048561984374999 0.2983396078125 0.6059262578125 0.293692921875 0.6045722484375 0.29011904843749997 0.5956620906250001 0.281543040625 0.5791230421875 0.2777343578125 0.5718508421874999 0.2809527875 0.5689973515625 0.293343946875 0.57170536875 0.300491696875 0.5813289015625001 0.30596991406249996 0.5920224921874999 0.3068014453125
2 0.6527626453125001 0.307740675 0.6542621265624999 0.2917756421875 0.64499528125 0.2847485296875 0.64086051875 0.28379635937500003 0.629810240625 0.284513721875 0.6221813546875 0.2892810453125 0.6189711796874999 0.30322110156250004 0.6323727875 0.31120038125 0.6385749296875 0.3126286390625 0.6430663765625 0.312031915625 0.6527626453125001 0.307740675
2 0.6710123875 0.3135743375 0.6799952828125 0.3123808890625 0.6876241703125 0.307613565625 0.6901209734375 0.2967713015625 0.6853455765625001 0.2891474671875 0.673297975 0.2847420609375 0.6667391484375 0.2848626984375 0.6622477 0.28545942343749997 0.6525514328125 0.2897506609375 0.651838059375 0.29284845000000004 0.6551867125 0.3066678640625 0.6627428640625 0.31166999687499997 0.6710123875 0.3135743375
0 0.5055421875 0.33255534375 0.5138117125 0.334459684375 0.518303159375 0.3338629609375 0.5279994265625 0.3295717234375 0.53049623125 0.31872945937499997 0.5253641453125 0.31265451718750004 0.51780799375 0.3076523875 0.5136732328125 0.306700215625 0.5091817859375001 0.307296940625 0.499485515625 0.311588178125 0.4967047640625 0.31420988437499997 0.49563470625 0.3188565671875 0.498342721875 0.3260043171875 0.5055421875 0.33255534375
0 0.527431525 0.3131306046875 0.53570105 0.3150349453125 0.5446839453125001 0.31384149687499996 0.5474646984375 0.3112197921875 0.5499615015625 0.30037752812499996 0.5468968000000001 0.2947786734375 0.539340646875 0.289776540625 0.5310711234375 0.28787220156250004 0.519307475 0.291687353125 0.516526721875 0.29430905625000003 0.5154566625 0.2989557421875 0.516453984375 0.3040785109375 0.5198753765624999 0.3081284734375 0.527431525 0.3131306046875
0 0.5297618734375 0.4637223828125 0.539814828125 0.45788225000000005 0.5412415734375 0.45168667031250004 0.5398875640624999 0.44811279531250003 0.5309774046875 0.4395367890625 0.5227078828125 0.4376324484375 0.5161490515625 0.43775308593749995 0.5088768515625001 0.4409715140625 0.5060233625 0.4533626734375 0.514933521875 0.46193868125000004 0.525270425 0.46431910624999995 0.5297618734375 0.4637223828125
0 0.428235009375 0.5170009421875 0.43272645625 0.51640421875 0.43999865937499993 0.5131857906249999 0.4421387765625 0.503892421875 0.440784765625 0.5003185453125 0.4335853015625 0.4937675203125 0.4211810140625 0.49091100781249997 0.41668956718750005 0.49150773125 0.4090606796875 0.4962750546875 0.40727725000000004 0.5040195296875 0.410341953125 0.5096183859375001 0.4158307234375 0.51414443125 0.428235009375 0.5170009421875
0 0.420817334375 0.5397582796875 0.428446221875 0.5349909562499999 0.4298729671875 0.528795378125 0.42509756875000004 0.5211715421875 0.40891520937500003 0.5158139640625 0.3999323140625 0.5170074140625001 0.39508417812499996 0.51915303125 0.3936574328125 0.5253486109375001 0.39465475781250003 0.53047138125 0.3997868390625 0.5365463218750001 0.41632588750000005 0.5403550046875 0.420817334375 0.5397582796875