1 0.478125 0.46458333281249997 0.4921875 0.47291666718750003 0.4953125 0.47291666718750003 0.5046875 0.4625 0.5046875 0.45 0.496875 0.43541666718750005 0.484375 0.425 0.4703125 0.425 0.465625 0.43125 0.465625 0.44375 0.46875 0.45208333281249996 0.478125 0.46458333281249997
1 0.4265625 0.3416666671875 0.440625 0.33125 0.4453125 0.325 0.446875 0.32083333281250004 0.446875 0.3083333328125 0.440625 0.3020833328125 0.425 0.3020833328125 0.41875 0.30416666718749996 0.40625 0.3166666671875 0.403125 0.325 0.40625 0.33541666718749996 0.4109375 0.3395833328125 0.4265625 0.3416666671875
1 0.4390625 0.3916666671875 0.44375 0.3854166671875 0.45 0.36666666718749996 0.45 0.35 0.4484375 0.3416666671875 0.4421875 0.33125 0.4375 0.3333333328125 0.4296875 0.3416666671875 0.4234375 0.35208333281250004 0.421875 0.3583333328125 0.421875 0.38333333281250004 0.428125 0.3916666671875 0.4390625 0.3916666671875
1 0.4078125 0.475 0.4171875 0.475 0.421875 0.47083333281249995 0.428125 0.4583333328125 0.4296875 0.45 0.4296875 0.425 0.4265625 0.41875 0.4203125 0.4166666671875 0.4125 0.41875 0.40625 0.4270833328125 0.403125 0.4375 0.4015625 0.44375 0.4015625 0.46458333281249997 0.4046875 0.47291666718750003 0.4078125 0.475
1 0.5328125 0.3291666671875 0.54375 0.3395833328125 0.55 0.3375 0.5546875 0.3291666671875 0.5546875 0.3104166671875 0.546875 0.2854166671875 0.540625 0.2791666671875 0.5328125 0.2791666671875 0.5265625 0.28958333281250004 0.525 0.2958333328125 0.525 0.30625 0.528125 0.31875 0.5328125 0.3291666671875
1 0.696875 0.34375 0.70625 0.34375 0.709375 0.3416666671875 0.7140625 0.3333333328125 0.7125 0.3166666671875 0.709375 0.3104166671875 0.7 0.2979166671875 0.69375 0.29375 0.6828125 0.29375 0.6796875 0.2979166671875 0.678125 0.3020833328125 0.678125 0.3166666671875 0.684375 0.3333333328125 0.696875 0.34375
1 0.721875 0.27291666718749996 0.740625 0.27291666718749996 0.746875 0.2708333328125 0.7546875 0.2645833328125 0.759375 0.25625 0.759375 0.2479166671875 0.7578125 0.24375 0.7515625 0.2375 0.7296875 0.2375 0.71875 0.24583333281250003 0.7125 0.2541666671875 0.7125 0.2645833328125 0.7171875 0.2708333328125 0.721875 0.27291666718749996
1 0.709375 0.45208333281249996 0.7203125 0.44166666718750003 0.7265625 0.4291666671875 0.7296875 0.4125 0.728125 0.40416666718750005 0.725 0.4 0.7125 0.4 0.7078125 0.40416666718750005 0.6953125 0.42291666718750004 0.6921875 0.43125 0.69375 0.4479166671875 0.7 0.45416666718750004 0.709375 0.45208333281249996
1 0.615625 0.5958333328125 0.6296875 0.5958333328125 0.634375 0.59375 0.6421875 0.5875 0.64375 0.5791666671875 0.64375 0.575 0.640625 0.5666666671875 0.63125 0.5604166671875 0.6171875 0.5604166671875 0.60625 0.5645833328125 0.6 0.5708333328124999 0.5984375 0.5791666671875 0.6015625 0.5875 0.609375 0.59375 0.615625 0.5958333328125
1 0.490625 0.5958333328125 0.5015625 0.5895833328125 0.5125 0.575 0.5171875 0.5625 0.515625 0.55625 0.5109375 0.55 0.4984375 0.55 0.4890625 0.55625 0.478125 0.5708333328124999 0.4765625 0.5770833328125 0.4765625 0.5895833328125 0.4796875 0.59375 0.490625 0.5958333328125
1 0.44825781249999996 0.3005520828125 0.4028359375 0.3005520828125 0.4028359375 0.3411145828125 0.44825781249999996 0.3411145828125 0.44825781249999996 0.3005520828125
1 0.4486875 0.33084375 0.4216875 0.33084375 0.4216875 0.3919895828125 0.4486875 0.3919895828125 0.4486875 0.33084375
1 0.42982812499999995 0.41596875000000005 0.399828125 0.41596875000000005 0.399828125 0.4771145828125 0.42982812499999995 0.4771145828125 0.42982812499999995 0.41596875000000005
1 0.5056875 0.42455208281249995 0.464125 0.42455208281249995 0.464125 0.47369791718750004 0.5056875 0.47369791718750004 0.5056875 0.42455208281249995
1 0.5566796875 0.2782708328125 0.5228203125 0.2782708328125 0.5228203125 0.3405625 0.5566796875 0.3405625 0.5566796875 0.2782708328125
1 0.518546875 0.5479791671875 0.47654687500000004 0.5479791671875 0.47654687500000004 0.5976874999999999 0.518546875 0.5976874999999999 0.518546875 0.5479791671875
1 0.64496875 0.55940625 0.59825 0.55940625 0.59825 0.59596875 0.64496875 0.59596875 0.64496875 0.55940625
1 0.7306796875 0.39827083281250003 0.6925390625000001 0.39827083281250003 0.6925390625000001 0.4542708328125 0.7306796875 0.4542708328125 0.7306796875 0.39827083281250003
1 0.7156796875 0.2925520828125 0.6762578125 0.2925520828125 0.6762578125 0.3451145828125 0.7156796875 0.3451145828125 0.7156796875 0.2925520828125
1 0.761109375 0.23484375000000002 0.7131093749999999 0.23484375000000002 0.7131093749999999 0.27540624999999996 0.761109375 0.27540624999999996 0.761109375 0.23484375000000002
0 0.7032421875 0.25597916718749997 0.6788203125 0.25597916718749997 0.6788203125 0.2896875 0.7032421875 0.2896875 0.7032421875 0.25597916718749997
0 0.64025 0.47083333281249995 0.61496875 0.47083333281249995 0.61496875 0.5005416671875 0.64025 0.5005416671875 0.64025 0.47083333281249995
0 0.6831015625 0.48283333281249996 0.6569609375 0.48283333281249996 0.6569609375 0.5131249999999999 0.6831015625 0.5131249999999999 0.6831015625 0.48283333281249996
0 0.5896796875 0.5593958328124999 0.5648203125 0.5593958328124999 0.5648203125 0.5936874999999999 0.5896796875 0.5936874999999999 0.5896796875 0.5593958328124999
0 0.49196875 0.5982395828125 0.46968750000000004 0.5982395828125 0.46968750000000004 0.6256770828125 0.49196875 0.6256770828125 0.49196875 0.5982395828125
2 0.5232578125 0.37084375 0.4988359375 0.37084375 0.4988359375 0.4039895828125 0.5232578125 0.4039895828125 0.5232578125 0.37084375
2 0.4735390625 0.38226041718750003 0.4491171875 0.38226041718750003 0.4491171875 0.41711458281249997 0.4735390625 0.41711458281249997 0.4735390625 0.38226041718750003
2 0.5506796875 0.47368750000000004 0.5245390624999999 0.47368750000000004 0.5245390624999999 0.5051041671875 0.5506796875 0.5051041671875 0.5506796875 0.47368750000000004
2 0.49283593750000004 0.4685416671875 0.46797656249999997 0.4685416671875 0.46797656249999997 0.49824999999999997 0.49283593750000004 0.49824999999999997 0.49283593750000004 0.4685416671875
2 0.69296875 0.357125 0.66725 0.357125 0.66725 0.389125 0.69296875 0.389125 0.69296875 0.357125
2 0.740953125 0.3639895828125 0.7126718750000001 0.3639895828125 0.7126718750000001 0.39884375 0.740953125 0.39884375 0.740953125 0.3639895828125
2 0.8039609375 0.31883333281250004 0.7795390624999999 0.31883333281250004 0.7795390624999999 0.3468333328125 0.8039609375 0.3468333328125 0.8039609375 0.31883333281250004
2 0.8802421875 0.3742604171875 0.8558203125 0.3742604171875 0.8558203125 0.4108229171875 0.8802421875 0.4108229171875 0.8802421875 0.3742604171875
2 0.8228125000000001 0.5331145828125 0.79625 0.5331145828125 0.79625 0.5656770828125001 0.8228125000000001 0.5656770828125001 0.8228125000000001 0.5331145828125
2 0.6942421875 0.45140624999999995 0.6681015625 0.45140624999999995 0.6681015625 0.48226041718749996 0.6942421875 0.48226041718749996 0.6942421875 0.45140624999999995
0 0.6953125 0.28958333281250004 0.7 0.2854166671875 0.703125 0.2770833328125 0.7015625 0.2645833328125 0.6984375 0.25833333281250004 0.69375 0.25625 0.684375 0.25833333281250004 0.678125 0.2666666671875 0.678125 0.2833333328125 0.6828125 0.28958333281250004 0.6953125 0.28958333281250004
0 0.6734375 0.5145833328125 0.6765625 0.5125 0.6828125 0.5020833328125 0.6828125 0.49375 0.68125 0.4895833328125 0.6734375 0.48125 0.6640625 0.48125 0.6578125 0.4895833328125 0.65625 0.5020833328125 0.6609375 0.5104166671875 0.6671875 0.5145833328125 0.6734375 0.5145833328125
0 0.63125 0.5020833328125 0.6375 0.49583333281249997 0.6390625 0.4916666671875 0.6390625 0.48125 0.6328125 0.47083333281249995 0.6296875 0.46875 0.6234375 0.46875 0.615625 0.4770833328125 0.6140625 0.4875 0.61875 0.5 0.6234375 0.5020833328125 0.63125 0.5020833328125
0 0.575 0.59375 0.5796875 0.59375 0.5828125 0.5916666671875 0.5875 0.5854166671875001 0.590625 0.575 0.5875 0.5645833328125 0.5828125 0.5583333328125 0.571875 0.5583333328125 0.5671875 0.5625 0.565625 0.5666666671875 0.565625 0.5833333328125 0.5671875 0.5875 0.575 0.59375
0 0.48125 0.6291666671875 0.490625 0.6229166671875 0.4921875 0.61875 0.4921875 0.6041666671875 0.4890625 0.5979166671875 0.4859375 0.5958333328125 0.4765625 0.5958333328125 0.471875 0.6020833328124999 0.4703125 0.60625 0.4703125 0.61875 0.475 0.6270833328125 0.48125 0.6291666671875
2 0.50625 0.40416666718750005 0.515625 0.40416666718750005 0.5203125 0.39791666718749996 0.521875 0.39375 0.521875 0.38125 0.515625 0.3708333328125 0.503125 0.3708333328125 0.4984375 0.3770833328125 0.496875 0.38125 0.496875 0.3916666671875 0.503125 0.40208333281249997 0.50625 0.40416666718750005
2 0.4578125 0.4166666671875 0.465625 0.4166666671875 0.471875 0.41041666718750003 0.4734375 0.40625 0.4734375 0.39375 0.4671875 0.38333333281250004 0.4578125 0.38125 0.45 0.3895833328125 0.4484375 0.3958333328125 0.4484375 0.40416666718750005 0.453125 0.4125 0.4578125 0.4166666671875
2 0.4765625 0.49791666718750005 0.4859375 0.49791666718750005 0.4921875 0.4895833328125 0.4921875 0.4770833328125 0.4875 0.47083333281249995 0.48125 0.46666666718750005 0.4734375 0.46666666718750005 0.4703125 0.47083333281249995 0.46875 0.475 0.46875 0.4875 0.4734375 0.49583333281249997 0.4765625 0.49791666718750005
2 0.5359375 0.50625 0.540625 0.50625 0.546875 0.5020833328125 0.55 0.4916666671875 0.5484375 0.4791666671875 0.546875 0.4770833328125 0.5421875 0.47291666718750003 0.5328125 0.47291666718750003 0.5265625 0.4791666671875 0.525 0.48333333281249996 0.525 0.49375 0.5296875 0.5020833328125 0.5359375 0.50625
2 0.7234375 0.39791666718749996 0.7328125 0.39791666718749996 0.7390625 0.3875 0.7390625 0.3770833328125 0.7375 0.3708333328125 0.73125 0.3645833328125 0.721875 0.3645833328125 0.715625 0.36875 0.7125 0.3770833328125 0.7125 0.3895833328125 0.7171875 0.3958333328125 0.7234375 0.39791666718749996
2 0.6765625 0.3895833328125 0.684375 0.3895833328125 0.690625 0.3854166671875 0.6921875 0.3791666671875 0.6921875 0.36666666718749996 0.6859375 0.35625 0.675 0.35625 0.6671875 0.3645833328125 0.665625 0.375 0.6671875 0.38125 0.6703125 0.3854166671875 0.6765625 0.3895833328125
2 0.6796875 0.48333333281249996 0.684375 0.48333333281249996 0.690625 0.475 0.6921875 0.47083333281249995 0.6921875 0.4583333328125 0.6890625 0.45 0.684375 0.4479166671875 0.6765625 0.4479166671875 0.66875 0.45416666718750004 0.6671875 0.4583333328125 0.665625 0.46458333281249997 0.6671875 0.47291666718750003 0.6703125 0.4770833328125 0.6796875 0.48333333281249996
2 0.7859375 0.35208333281250004 0.790625 0.35208333281250004 0.8 0.3479166671875 0.803125 0.3395833328125 0.803125 0.3270833328125 0.7984375 0.31875 0.790625 0.3166666671875 0.7828125 0.32083333281250004 0.7796875 0.325 0.778125 0.3291666671875 0.778125 0.3416666671875 0.7828125 0.35 0.7859375 0.35208333281250004
2 0.859375 0.40833333281249995 0.8734375 0.40833333281249995 0.8796875 0.39791666718749996 0.8796875 0.3854166671875 0.878125 0.38125 0.871875 0.375 0.8640625 0.375 0.85625 0.3791666671875 0.853125 0.3875 0.853125 0.3958333328125 0.85625 0.40416666718750005 0.859375 0.40833333281249995
2 0.80625 0.5666666671875 0.8125 0.5666666671875 0.815625 0.5645833328125 0.821875 0.5541666671875001 0.821875 0.5458333328125 0.8203125 0.5395833328124999 0.815625 0.5333333328125 0.8078125 0.53125 0.7984375 0.5354166671875 0.7953125 0.5416666671875 0.7953125 0.55625 0.8015625 0.5645833328125 0.80625 0.5666666671875