1 0.6578125 0.3166666671875 0.671875 0.3229166671875 0.6765625 0.3229166671875 0.6859375 0.3166666671875 0.6875 0.3125 0.6875 0.30416666718749996 0.684375 0.2958333328125 0.6765625 0.2854166671875 0.66875 0.28125 0.653125 0.28125 0.6484375 0.2854166671875 0.6453125 0.2916666671875 0.6453125 0.2979166671875 0.6484375 0.30625 0.6578125 0.3166666671875
1 0.5234375 0.35208333281250004 0.5296875 0.35625 0.540625 0.3604166671875 0.5515625 0.3604166671875 0.55625 0.3541666671875 0.5578125 0.3479166671875 0.55625 0.3375 0.546875 0.325 0.5359375 0.31875 0.5234375 0.31875 0.5171875 0.325 0.515625 0.33125 0.515625 0.3395833328125 0.5171875 0.34375 0.5234375 0.35208333281250004
1 0.496875 0.41041666718750003 0.5 0.40833333281249995 0.509375 0.3958333328125 0.5140625 0.38333333281250004 0.515625 0.3729166671875 0.5140625 0.3625 0.509375 0.3583333328125 0.5 0.3583333328125 0.4890625 0.36875 0.48125 0.3875 0.4796875 0.3958333328125 0.48125 0.40416666718750005 0.4859375 0.41041666718750003 0.496875 0.41041666718750003
1 0.4171875 0.43125 0.428125 0.43541666718750005 0.44375 0.43333333281249997 0.45 0.4291666671875 0.4546875 0.42083333281249996 0.4546875 0.41041666718750003 0.4515625 0.40625 0.44375 0.40208333281249997 0.4359375 0.4 0.425 0.4 0.41875 0.40208333281249997 0.4109375 0.40833333281249995 0.409375 0.4125 0.409375 0.42083333281249996 0.4109375 0.425 0.4171875 0.43125
1 0.53125 0.4479166671875 0.5421875 0.4479166671875 0.55 0.4458333328125 0.55625 0.44166666718750003 0.5640625 0.4291666671875 0.5640625 0.41875 0.559375 0.41041666718750003 0.5390625 0.41041666718750003 0.525 0.41875 0.521875 0.425 0.5203125 0.4291666671875 0.5203125 0.4375 0.5234375 0.44375 0.53125 0.4479166671875
1 0.58125 0.4375 0.5875 0.4270833328125 0.590625 0.4166666671875 0.590625 0.3916666671875 0.584375 0.38125 0.5796875 0.3791666671875 0.5703125 0.3875 0.5671875 0.3958333328125 0.565625 0.40208333281249997 0.565625 0.43125 0.571875 0.4375 0.58125 0.4375
1 0.621875 0.53125 0.634375 0.5291666671875 0.6421875 0.5208333328125 0.6421875 0.5104166671875 0.6390625 0.5041666671875 0.6265625 0.49375 0.6078125 0.49375 0.603125 0.5 0.6 0.5083333328124999 0.6015625 0.5145833328125 0.60625 0.5208333328125 0.621875 0.53125
1 0.6578125 0.5479166671875 0.6703125 0.5541666671875001 0.68125 0.5541666671875001 0.6875 0.5479166671875 0.6875 0.5354166671875 0.6828125 0.5270833328125 0.675 0.51875 0.66875 0.5145833328125 0.6609375 0.5125 0.6515625 0.5145833328125 0.6453125 0.5229166671875001 0.6453125 0.5291666671875 0.653125 0.54375 0.6578125 0.5479166671875
1 0.7171875 0.48125 0.7234375 0.4791666671875 0.73125 0.47291666718750003 0.7390625 0.4625 0.74375 0.45208333281249996 0.7453125 0.4458333328125 0.7453125 0.4375 0.740625 0.4291666671875 0.734375 0.4291666671875 0.725 0.43541666718750005 0.7125 0.45208333281249996 0.709375 0.4583333328125 0.70625 0.46666666718750005 0.70625 0.47083333281249995 0.709375 0.4770833328125 0.7171875 0.48125
1 0.49375 0.59375 0.5125 0.5791666671875 0.5171875 0.5708333328124999 0.5171875 0.5625 0.5125 0.5541666671875001 0.50625 0.5520833328125 0.4953125 0.5541666671875001 0.478125 0.56875 0.4765625 0.5729166671875 0.475 0.58125 0.4765625 0.5895833328125 0.478125 0.5916666671875 0.49375 0.59375
1 0.6898046875 0.27941666718749997 0.6452265625 0.27941666718749997 0.6452265625 0.32475 0.6898046875 0.32475 0.6898046875 0.27941666718749997
1 0.5602031249999999 0.3168020828125 0.514703125 0.3168020828125 0.514703125 0.3633645828125 0.5602031249999999 0.3633645828125 0.5602031249999999 0.3168020828125
1 0.517 0.35784375 0.4793125 0.35784375 0.4793125 0.4129895828125 0.517 0.4129895828125 0.517 0.35784375
1 0.59190625 0.3792916671875 0.56525 0.3792916671875 0.56525 0.438125 0.59190625 0.438125 0.59190625 0.3792916671875
1 0.5652578125 0.41053125 0.5193046875 0.41053125 0.5193046875 0.4491354171875 0.5652578125 0.4491354171875 0.5652578125 0.41053125
1 0.4549609375 0.39828125000000003 0.40900781249999996 0.39828125000000003 0.40900781249999996 0.4368854171875 0.4549609375 0.4368854171875 0.4549609375 0.39828125000000003
1 0.51884375 0.5514583328125 0.47471874999999997 0.5514583328125 0.47471874999999997 0.5955833328125 0.51884375 0.5955833328125 0.51884375 0.5514583328125
1 0.64384375 0.49142708281249997 0.5988125 0.49142708281249997 0.5988125 0.5318645828124999 0.64384375 0.5318645828124999 0.64384375 0.49142708281249997
1 0.688875 0.5104270828125 0.64521875 0.5104270828125 0.64521875 0.55515625 0.688875 0.55515625 0.688875 0.5104270828125
1 0.74678125 0.42769791718750005 0.705875 0.42769791718750005 0.705875 0.48101041718750004 0.74678125 0.48101041718750004 0.74678125 0.42769791718750005
2 0.5992656249999999 0.31434375000000003 0.5758281249999999 0.31434375000000003 0.5758281249999999 0.3468229171875 0.5992656249999999 0.3468229171875 0.5992656249999999 0.31434375000000003
2 0.4623203125 0.32353125 0.4365859375 0.32353125 0.4365859375 0.3560104171875 0.4623203125 0.3560104171875 0.4623203125 0.32353125
2 0.5399765624999999 0.37009375 0.5160859375 0.37009375 0.5160859375 0.40073958281250005 0.5399765624999999 0.40073958281250005 0.5399765624999999 0.37009375
2 0.6185703124999999 0.3970625 0.5946796875 0.3970625 0.5946796875 0.43197916718749996 0.6185703124999999 0.43197916718749996 0.6185703124999999 0.3970625
2 0.7472421875 0.3290520828125 0.7196640624999999 0.3290520828125 0.7196640624999999 0.36090625 0.7472421875 0.36090625 0.7472421875 0.3290520828125
2 0.8895 0.2388333328125 0.86271875 0.2388333328125 0.86271875 0.2708333328125 0.8895 0.2708333328125 0.8895 0.2388333328125
2 0.5329296875 0.46948958281250003 0.5078203125 0.46948958281250003 0.5078203125 0.50371875 0.5329296875 0.50371875 0.5329296875 0.46948958281250003
2 0.6205390625 0.52678125 0.5943046875 0.52678125 0.5943046875 0.5565520828125 0.6205390625 0.5565520828125 0.6205390625 0.52678125
2 0.6540234375 0.5662291671874999 0.6283515625 0.5662291671874999 0.6283515625 0.5967291671875 0.6540234375 0.5967291671875 0.6540234375 0.5662291671874999
2 0.7689765625 0.6056666671875 0.7444296875 0.6056666671875 0.7444296875 0.6361666671874999 0.7689765625 0.6361666671874999 0.7689765625 0.6056666671875
0 0.6110546875 0.3489583328125 0.5853828125 0.3489583328125 0.5853828125 0.3809583328125 0.6110546875 0.3809583328125 0.6110546875 0.3489583328125
0 0.6088125 0.45237499999999997 0.58090625 0.45237499999999997 0.58090625 0.4888333328125 0.6088125 0.4888333328125 0.6088125 0.45237499999999997
0 0.49329687499999997 0.5922604171875 0.46985937499999997 0.5922604171875 0.46985937499999997 0.6257395828125001 0.49329687499999997 0.6257395828125001 0.49329687499999997 0.5922604171875
0 0.6551328125 0.5305104171874999 0.6288984375 0.5305104171874999 0.6288984375 0.5647395828125 0.6551328125 0.5647395828125 0.6551328125 0.5305104171874999
0 0.8365 0.6101145828125001 0.80915625 0.6101145828125001 0.80915625 0.64359375 0.8365 0.64359375 0.8365 0.6101145828125001
2 0.86875 0.27291666718749996 0.871875 0.275 0.8796875 0.27291666718749996 0.8859375 0.2666666671875 0.8890625 0.25833333281250004 0.8890625 0.2520833328125 0.8859375 0.2416666671875 0.8828125 0.2375 0.875 0.23333333281250002 0.871875 0.23541666718749998 0.8640625 0.24583333281250003 0.8625 0.25 0.8625 0.25833333281250004 0.8640625 0.2666666671875 0.86875 0.27291666718749996
2 0.728125 0.3625 0.7375 0.3625 0.7421875 0.3604166671875 0.7453125 0.35625 0.746875 0.3479166671875 0.7453125 0.3375 0.74375 0.3333333328125 0.7375 0.3270833328125 0.7265625 0.3291666671875 0.7203125 0.3375 0.71875 0.3458333328125 0.7203125 0.3541666671875 0.725 0.3604166671875 0.728125 0.3625
2 0.5828125 0.3479166671875 0.5890625 0.3479166671875 0.596875 0.34375 0.5984375 0.3395833328125 0.5984375 0.32083333281250004 0.596875 0.3166666671875 0.590625 0.3125 0.5828125 0.3125 0.5796875 0.3145833328125 0.575 0.32083333281250004 0.575 0.3375 0.5765625 0.3416666671875 0.5828125 0.3479166671875
2 0.6015625 0.43125 0.6125 0.43125 0.6171875 0.425 0.61875 0.42083333281249996 0.61875 0.41041666718750003 0.6171875 0.40416666718750005 0.6125 0.39791666718749996 0.60625 0.3958333328125 0.5984375 0.4 0.5953125 0.40416666718750005 0.59375 0.40833333281249995 0.59375 0.42291666718750004 0.5984375 0.4291666671875 0.6015625 0.43125
2 0.60625 0.5583333328125 0.6109375 0.5583333328125 0.615625 0.55625 0.61875 0.5520833328125 0.6203125 0.5479166671875 0.6203125 0.5354166671875 0.6171875 0.5291666671875 0.6078125 0.5229166671875001 0.6 0.525 0.596875 0.5291666671875 0.5953125 0.5354166671875 0.5953125 0.5458333328125 0.6 0.5541666671875001 0.60625 0.5583333328125
2 0.64375 0.5979166671875 0.6484375 0.5958333328125 0.6515625 0.5916666671875 0.653125 0.5875 0.653125 0.575 0.65 0.5666666671875 0.6453125 0.5645833328125 0.634375 0.5645833328125 0.628125 0.5708333328124999 0.6265625 0.58125 0.63125 0.59375 0.6375 0.5979166671875 0.64375 0.5979166671875
2 0.7546875 0.6395833328125 0.7609375 0.6395833328125 0.7671875 0.6333333328124999 0.76875 0.6291666671875 0.76875 0.6145833328125 0.7640625 0.60625 0.759375 0.6041666671875 0.753125 0.6041666671875 0.7484375 0.60625 0.7453125 0.6104166671875 0.74375 0.6145833328125 0.74375 0.6291666671875 0.7484375 0.6354166671875 0.7546875 0.6395833328125
0 0.6015625 0.38125 0.60625 0.3770833328125 0.609375 0.36666666718749996 0.609375 0.3625 0.6046875 0.35 0.5984375 0.3458333328125 0.5921875 0.3479166671875 0.5859375 0.3541666671875 0.584375 0.3604166671875 0.584375 0.3708333328125 0.590625 0.38125 0.6015625 0.38125
0 0.5859375 0.48541666718750004 0.590625 0.4875 0.5984375 0.4875 0.6046875 0.4791666671875 0.60625 0.47291666718750003 0.6046875 0.4625 0.5984375 0.45416666718750004 0.5953125 0.45208333281249996 0.590625 0.45208333281249996 0.5828125 0.4583333328125 0.58125 0.4625 0.58125 0.4770833328125 0.5828125 0.48125 0.5859375 0.48541666718750004
0 0.65 0.5625 0.653125 0.5541666671875001 0.653125 0.54375 0.6484375 0.5333333328125 0.640625 0.5291666671875 0.6328125 0.5333333328125 0.6296875 0.5375 0.628125 0.5416666671875 0.628125 0.5520833328125 0.634375 0.5625 0.65 0.5625
0 0.8234375 0.6479166671875001 0.8265625 0.6479166671875001 0.8328125 0.6333333328124999 0.8328125 0.6208333328125 0.83125 0.6166666671875001 0.825 0.6104166671875 0.815625 0.6104166671875 0.809375 0.61875 0.809375 0.6333333328124999 0.815625 0.64375 0.8234375 0.6479166671875001
0 0.484375 0.625 0.4890625 0.6229166671875 0.4921875 0.6125 0.4921875 0.6041666671875 0.490625 0.5979166671875 0.4859375 0.59375 0.4796875 0.5916666671875 0.4765625 0.5916666671875 0.471875 0.5979166671875 0.4703125 0.6020833328124999 0.4703125 0.61875 0.4765625 0.625 0.484375 0.625
2 0.5234375 0.40208333281249997 0.53125 0.40208333281249997 0.5359375 0.39791666718749996 0.5390625 0.3895833328125 0.5390625 0.38125 0.5359375 0.3708333328125 0.5296875 0.36666666718749996 0.521875 0.36666666718749996 0.51875 0.36875 0.515625 0.375 0.5140625 0.38333333281250004 0.5140625 0.39375 0.515625 0.3958333328125 0.5234375 0.40208333281249997
2 0.4453125 0.35625 0.4546875 0.35625 0.459375 0.35208333281250004 0.4609375 0.3479166671875 0.4609375 0.33541666718749996 0.45625 0.325 0.4515625 0.3229166671875 0.44375 0.3229166671875 0.440625 0.325 0.4359375 0.3333333328125 0.434375 0.3395833328125 0.4375 0.35 0.440625 0.3541666671875 0.4453125 0.35625
2 0.5171875 0.5020833328125 0.525 0.5020833328125 0.53125 0.49583333281249997 0.53125 0.4791666671875 0.525 0.46875 0.515625 0.46875 0.5078125 0.4770833328125 0.50625 0.4875 0.5078125 0.49375 0.5109375 0.49791666718750005 0.5171875 0.5020833328125