2 0.2521114375 0.5774287390625 0.244361528125 0.6084699 0.2840129375 0.6170045843749999 0.291762846875 0.5859634234375 0.2521114375 0.5774287390625
1 0.2362570984375 0.6349063328125 0.223163896875 0.6873492875 0.26847979375 0.6971032140625 0.281572996875 0.6446602593749999 0.2362570984375 0.6349063328125
1 0.27766995781250003 0.6483395578125 0.2717274984375 0.64345218125 0.2649301140625 0.64198909375 0.2599710625 0.6427258453125 0.24650477187500003 0.648848078125 0.23628767812499998 0.6610821375 0.23145710468749997 0.670867303125 0.23158558281250002 0.6799157171875 0.23299645156249998 0.6838276999999999 0.23710057812500002 0.6865152375 0.2484295515625 0.6889537171875 0.2618958421875 0.68283148125 0.2748061921875 0.669372975 0.279080825 0.652251540625 0.27766995781250003 0.6483395578125
1 0.3052493921875 0.440952909375 0.29357964375 0.487694428125 0.339507303125 0.49758003124999994 0.35117705312499997 0.4508385125 0.3052493921875 0.440952909375
1 0.3495340671875 0.524599434375 0.336940996875 0.5750391796875001 0.372468659375 0.5826862578124999 0.38506172968749997 0.5322465109375 0.3495340671875 0.524599434375
1 0.40564285624999996 0.3747899 0.3984785703125 0.40348542343749993 0.46461712187500004 0.41772127656249997 0.47178140625 0.389025753125 0.40564285624999996 0.3747899
1 0.390838896875 0.5091068921875 0.3803275734375 0.5512085 0.43665523281249996 0.5633326296875001 0.44716655781250003 0.521231021875 0.390838896875 0.5091068921875
1 0.3735994265625 0.5318721484375 0.36227045156250004 0.5294336671875 0.3514974203125 0.53433145625 0.3448285140625 0.54191678125 0.3405538796875 0.559038215625 0.341537284375 0.5646623421875 0.3484631453125 0.57517384375 0.3593646578125 0.57932446875 0.36971022656249997 0.5761388234375 0.3728309484375 0.57320223125 0.377234059375 0.5651292125 0.3823636203125 0.544583490625 0.3809527515625 0.54067150625 0.3735994265625 0.5318721484375
1 0.3172091203125 0.4421560015625 0.307291015625 0.44362950312500005 0.30019464375 0.45292697187500003 0.2984847921875 0.4597755453125 0.3037008015625 0.477135621875 0.3106266640625 0.48764712499999996 0.3147307890625 0.4903346609375 0.3328571484375 0.49423623125000005 0.3382436640625 0.4917873359375 0.34307424062499997 0.48200217187499994 0.3387131578125 0.461217809375 0.3258448359375 0.44581893125 0.3172091203125 0.4421560015625
1 0.42198923125 0.3763057328125 0.412498590625 0.376067090625 0.403991353125 0.381452575 0.40185403593749996 0.39001329375 0.40877989843750007 0.400524796875 0.4192539453125 0.40638756562499995 0.45097507343750004 0.41321531250000004 0.4581999203125 0.4129662578125 0.466707159375 0.407580771875 0.46700614375000005 0.3968202140625 0.4573870234375 0.387533159375 0.44464718124999997 0.38118269531250004 0.42198923125 0.3763057328125
1 0.43665624531249997 0.5183824015625 0.4275930671875 0.5164316171875 0.41540916718750004 0.5174174218750001 0.39429056406249996 0.5255008578125 0.3849284 0.5343106296875 0.383218546875 0.541159203125 0.388306078125 0.549470865625 0.404166640625 0.5528847406249999 0.41635054218749995 0.551898934375 0.43520335 0.5433278031250001 0.44144479218750005 0.537454621875 0.444009571875 0.5271817609375 0.44076037343749996 0.5210699390625 0.43665624531249997 0.5183824015625
1 0.34624177343749996 0.6414493296875 0.3371785921875 0.6394985453124999 0.32640555937500004 0.644396334375 0.3166159328125 0.6549182499999999 0.3131962265625 0.6686154 0.313324703125 0.6776638125 0.31883969843750004 0.68426333125 0.329741209375 0.68841395625 0.3347002609375 0.6876772046874999 0.34547329375 0.6827794171875 0.356972775 0.665408928125 0.357271759375 0.65464836875 0.35034589843749997 0.6441368656249999 0.34624177343749996 0.6414493296875
1 0.41690887343750005 0.654855771875 0.399209978125 0.6492420578125 0.3874535421875 0.6485157187499999 0.3676173296875 0.6514627234375 0.3618033515625 0.6556237609375 0.3605209609375 0.6607601921875 0.365608490625 0.6690718546875 0.37381674375 0.674446928125 0.405537871875 0.6812746749999999 0.410496925 0.680537925 0.42396321718749996 0.6744156875 0.4261005328125 0.6658549703125 0.42468966406249997 0.6619429890624999 0.41690887343750005 0.654855771875
1 0.46064339531250004 0.680506684375 0.45200768125 0.67684375625 0.44251703593749997 0.6766051140625 0.4236642296875 0.6851762453125 0.41118134375000004 0.6969226078124999 0.4086165640625 0.70719546875 0.4137040953125 0.71550713125 0.417808221875 0.7181946671875 0.4268714 0.7201454515625 0.44486928125 0.714998609375 0.456924703125 0.7049643890625 0.46444853750000004 0.693954778125 0.46432005781249996 0.6849063656250001 0.46064339531250004 0.680506684375
1 0.274766553125 0.7938509265625 0.2706624265625 0.791163390625 0.2638650421875 0.7897003015624999 0.25664019531250004 0.78994935625 0.2450122359375 0.7982714328125 0.23748840312500002 0.8092810453125001 0.231931378125 0.831538909375 0.237018909375 0.8398505734375 0.2456546265625 0.8435135015625 0.2528794734375 0.843264446875 0.26677322812500004 0.8354300671875 0.273869596875 0.8261326 0.2791276359375 0.814635290625 0.279426621875 0.803874734375 0.274766553125 0.7938509265625
1 0.4302934984375 0.8020688734375 0.4270442984375 0.7959570484375 0.422940171875 0.7932695125 0.409345403125 0.7903433343749999 0.397161503125 0.791329140625 0.3742045703125 0.7972127359375001 0.36796312656249996 0.8030859171875001 0.364414940625 0.8077346515625001 0.365398346875 0.8133587765625 0.36907500937500004 0.817758459375 0.3754449296875 0.820933690625 0.384508109375 0.8228844750000001 0.393998753125 0.8231231171875001 0.4138349640625 0.8201761125000001 0.42772871874999996 0.8123417328125001 0.4302934984375 0.8020688734375
1 0.31925765 0.635587065625 0.306895409375 0.6851022546875 0.3479289546875 0.6939344359375 0.36029119375 0.6444192453124999 0.31925765 0.635587065625
1 0.36375433125 0.6407805718749999 0.3558975546875 0.67224976875 0.4208125765625 0.6862222671875 0.428669353125 0.6547530703125 0.36375433125 0.6407805718749999
1 0.41642055625 0.667713496875 0.40417373124999995 0.71676640625 0.4556072734375 0.7278371124999999 0.46785409843750003 0.6787842015625001 0.41642055625 0.667713496875
1 0.37136616093749997 0.7808966453124999 0.3615473296875 0.82022458125 0.425238821875 0.8339337234374999 0.43505765468749996 0.7946057875 0.37136616093749997 0.7808966453124999
1 0.24223201562500002 0.7838261421875 0.2276768890625 0.8421246312499999 0.271157490625 0.8514835218749999 0.2857126171875 0.793185034375 0.24223201562500002 0.7838261421875
2 0.26902150156250004 0.4258302578125 0.2625497046875 0.451752109375 0.296853840625 0.45913583124999996 0.3033256359375 0.43321397968750003 0.26902150156250004 0.4258302578125
2 0.3152686390625 0.3982402234375 0.30879684531249996 0.424162075 0.34371274375 0.43167747500000003 0.3501845390625 0.40575562343750005 0.3152686390625 0.3982402234375
2 0.35681201875 0.3998663046875 0.3497631484375 0.42809955312500003 0.38712610625 0.4361416625 0.3941749765625 0.40790841718750004 0.35681201875 0.3998663046875
2 0.39864427812500003 0.4054515328125 0.391941653125 0.43229794374999997 0.4262457859375 0.43968166562500005 0.4329484109375 0.4128352546875 0.39864427812500003 0.4054515328125
2 0.4901724203125 0.436861265625 0.4837006265625 0.4627831171875 0.5173703374999999 0.47003028281250003 0.5238421328125 0.44410843125 0.4901724203125 0.436861265625
2 0.48940590312500004 0.7190280140625 0.48247244843750003 0.74679898125 0.517388346875 0.75431438125 0.524321803125 0.7265434140625 0.48940590312500004 0.7190280140625
2 0.423717646875 0.7185284703125 0.417015021875 0.74537488125 0.452542684375 0.7530219578125 0.4592453109375 0.7261755484375 0.423717646875 0.7185284703125
2 0.2828077328125 0.7169838546875 0.2757588609375 0.7452171015625 0.3094285734375 0.7524642671875 0.31647744375000003 0.7242310203125 0.2828077328125 0.7169838546875
2 0.44885477968750004 0.8375555296874999 0.441805909375 0.8657887734375 0.4779453359375 0.8735675281249999 0.48499420625 0.845334284375 0.44885477968750004 0.8375555296874999
0 0.1592377203125 0.6742932515625 0.151727190625 0.7043756109375 0.189701909375 0.7125494015625 0.197212440625 0.6824670390625001 0.1592377203125 0.6742932515625
0 0.4463720015625 0.5882466171875 0.43942572343749997 0.6160689484375 0.4783747359375 0.6244524484375 0.485321015625 0.596630115625 0.4463720015625 0.5882466171875
0 0.49230434218749997 0.6313927687499999 0.48549057656250005 0.6586843375 0.522309740625 0.6666094 0.5291235078125001 0.639317834375 0.49230434218749997 0.6313927687499999
0 0.5176100109374999 0.5150684 0.51066373125 0.54289073125 0.5481852953125 0.55096698125 0.555131575 0.52314465 0.5176100109374999 0.5150684
0 0.5957495765624999 0.48902975625 0.5885339968750001 0.517930740625 0.62394836875 0.5255534328125 0.63116395 0.49665245 0.5957495765624999 0.48902975625
2 0.26091004687499997 0.5815867875 0.2497095515625 0.5881967203125 0.24757223437500003 0.5967574375 0.2489831015625 0.6006694203125 0.2567638921875 0.6077566359375 0.27262445468749996 0.6111705093750001 0.2775835078125 0.6104337578125001 0.2860907453125 0.6050482749999999 0.28681719375000003 0.5925755734375 0.2771980734375 0.5832885171875 0.2681348953125 0.5813377328125 0.26091004687499997 0.5815867875
2 0.29088168125 0.719741059375 0.2796811859375 0.72635099375 0.27711640625 0.73662385625 0.28446973125 0.7454232125 0.2908396546875 0.7485984453125 0.3098209375 0.7490757296874999 0.31606238124999997 0.743202546875 0.31777223593750004 0.736353975 0.3153779609375 0.7268178625 0.309435503125 0.7219304890625 0.29584073593750004 0.7190043109375 0.29088168125 0.719741059375
2 0.4340962484375 0.7198963984375 0.42375067812499995 0.7230820437500001 0.420330971875 0.7367791921875 0.427684296875 0.7455785500000001 0.43858580781249995 0.7497291749999999 0.44807645156250003 0.749967815625 0.4534629671875 0.7475189234374999 0.46013187499999997 0.739933596875 0.458165065625 0.7286853421874999 0.45038427499999995 0.721598128125 0.43905530156249994 0.719159646875 0.4340962484375 0.7198963984375
2 0.512287184375 0.7222932265625001 0.5009582109374999 0.7198547453125 0.4959991578125 0.720591496875 0.48791938281249997 0.7242648390624999 0.484371196875 0.7289135734375 0.4840722125 0.7396741296875 0.487748875 0.7440738078125 0.49822292343749996 0.7499365765625 0.5050203078125 0.7513996671875 0.509979359375 0.750662915625 0.5211798562500001 0.7440529828125 0.5224622453125 0.7389165515625 0.5200679734375 0.7293804421875001 0.512287184375 0.7222932265625001
2 0.471035775 0.8397047890625 0.461545134375 0.8394661484375 0.451627028125 0.8409396499999999 0.4485063046875 0.8438762390625 0.44410319375 0.8519492625 0.444659134375 0.85928553125 0.45017413125 0.865885053125 0.470566284375 0.8702743187499999 0.47552533593749996 0.8695375671875001 0.4817667796875 0.863664384375 0.48347663281250003 0.8568158125 0.4810823609375 0.8472797015625 0.471035775 0.8397047890625
2 0.4859033703125 0.4550122671875 0.495522490625 0.4642993234375 0.5113830562499999 0.467713196875 0.5221560890625 0.46281540625 0.52472086875 0.452542546875 0.51779500625 0.44203104375 0.5136908796874999 0.439343509375 0.4974028515625 0.437641778125 0.4884681515625 0.44473940624999997 0.4859033703125 0.4550122671875
2 0.39330476875 0.4242561625 0.4029238890625 0.43354321875 0.416518659375 0.436469396875 0.4277191546875 0.42985946249999996 0.4334046546875 0.4166500125 0.4319937875 0.41273802968749995 0.412029096875 0.40663661875 0.4021109921875 0.4081101203125 0.393603753125 0.41349560625 0.39330476875 0.4242561625
2 0.356923575 0.407404609375 0.3529479265625 0.4137654875 0.35576966250000003 0.421589453125 0.36128465468750004 0.42818897343750006 0.3794110140625 0.4320905421875 0.39244984375 0.42768045 0.393603753125 0.41349560625 0.3790255796875 0.40494530156249997 0.3699624 0.402994515625 0.36231009062499997 0.404955715625 0.356923575 0.407404609375
2 0.317977596875 0.40082591718750005 0.31173615625 0.40669909843749996 0.3095988390625 0.415259815625 0.3128480390625 0.42137163749999995 0.3233220859375 0.4272344078125 0.33238526562500004 0.429185190625 0.3454240921875 0.4247750984375 0.349399740625 0.418414221875 0.3484163359375 0.41279009375 0.3392246796875 0.40179089687499997 0.325629909375 0.39886471874999996 0.317977596875 0.40082591718750005
2 0.2777072046875 0.42824103750000003 0.26650670625 0.4348509703125 0.264369390625 0.4434116875 0.26578025781250003 0.447323671875 0.2694569234375 0.45172334999999997 0.27582684375 0.45489858281249995 0.2916874078125 0.4583124578125 0.30104957187500003 0.44950268437499996 0.3036143515625 0.43922982343749994 0.2980993578125 0.4326303046875 0.2917294359375 0.429455071875 0.2777072046875 0.42824103750000003
0 0.445892325 0.5961447843750001 0.4437550078125 0.6047055015625 0.445165875 0.6086174859375 0.45294666406250006 0.6157047 0.46880722812500003 0.6191185734375 0.48000772343750003 0.6125086421875 0.482145040625 0.6039479234375 0.475219178125 0.5934364203125 0.46431766718749995 0.5892857968749999 0.45709281874999996 0.5895348499999999 0.445892325 0.5961447843750001
0 0.5319901359375 0.5190566750000001 0.5220720296875 0.520530178125 0.5162580515624999 0.524691215625 0.5145481984375 0.5315397890625 0.521474059375 0.5420512890625 0.5255781859375 0.5447388265625001 0.5369071609375 0.5471773078125 0.5499459890625 0.542767215625 0.5534941734375 0.5381184828125 0.55293823125 0.5307822125 0.5515273609375 0.5268702281250001 0.5455849046875 0.521982853125 0.5319901359375 0.5190566750000001
0 0.5033500921875 0.6337702890625 0.4983910390625 0.6345070390625 0.493004521875 0.6369559328125 0.4886014109375 0.6450289546875 0.49142314843749996 0.652852921875 0.495099809375 0.6572526 0.508267115625 0.661890921875 0.5181852203124999 0.66041741875 0.5235717390625 0.6579685265624999 0.5275473875000001 0.651607646875 0.5265639828124999 0.6459835203125001 0.5192106546875 0.6371841625 0.5033500921875 0.6337702890625
0 0.60752984375 0.4938205671875 0.5971842734374999 0.4970062109375 0.5923536984375 0.5067913765625 0.593764565625 0.510703359375 0.5992795609375 0.5173028796875 0.6151401234375 0.520716753125 0.6200991765625 0.51998 0.631299675 0.5133700703125 0.6325820640625001 0.5082336390625 0.631171196875 0.5043216562499999 0.621552075 0.4950346 0.60752984375 0.4938205671875
0 0.177334984375 0.6772594203125 0.16741687968750002 0.678732921875 0.1562163828125 0.6853428546875 0.1545065296875 0.692191428125 0.15591739843750002 0.6961034125000001 0.15959405937499999 0.700503090625 0.170068109375 0.706365859375 0.1845178046875 0.7058677515625 0.1930250421875 0.7004822640625 0.1960172859375 0.6884972625 0.190502290625 0.681897740625 0.18413236875 0.6787225078125 0.177334984375 0.6772594203125