1 0.6727251421875 0.7297857640625 0.6710311609375 0.7387630984375 0.672158746875 0.745233125 0.6764837609375001 0.7513525234375 0.682031625 0.755139928125 0.698018765625 0.7533867734374999 0.7052606109374999 0.7481968453125 0.7113748703125 0.7365368875 0.71306885 0.727559553125 0.711565403125 0.7189328500000001 0.709214965625 0.7147948140625 0.698495096875 0.7093766765625 0.69369895625 0.709902625 0.6804381171875 0.717950490625 0.6727251421875 0.7297857640625
1 0.5316676625000001 0.7056920953125 0.530820671875 0.7101807640625 0.5323241203125 0.7188074671875 0.53505041875 0.7251021796875 0.542572859375 0.7308709437500001 0.555362571875 0.7294684218749999 0.5654259828125 0.721771184375 0.5727630953125 0.7077792359374999 0.5724825 0.696820540625 0.5697561999999999 0.6905258296875 0.5638324734375 0.684581746875 0.5526414765625 0.68580895625 0.5422022015625 0.6913495171874999 0.5365590703125 0.6963641296875 0.5316676625000001 0.7056920953125
1 0.4839972484375 0.6471807484375 0.4839019828125 0.6559827671875 0.48700414375 0.66443415625 0.4983804703125 0.6829676609375 0.5114507765625 0.692523834375 0.5210430609375 0.6914719421875 0.525087478125 0.6866326421875 0.5248068828125 0.675673946875 0.521328859375 0.6650658843749999 0.514277546875 0.6526517734375 0.5024300921875 0.6407636109375 0.49885680312499997 0.6389575640625 0.4876658046875 0.640184771875 0.4839972484375 0.6471807484375
1 0.4135637765625 0.6263318953125 0.40829650468749995 0.6335031843750001 0.40744951562500004 0.6379918531250001 0.4089529625 0.64661855625 0.4113034 0.6507565921875 0.42042455624999997 0.6563500421875 0.42719527343749997 0.65780545625 0.4383862703125 0.6565782484375 0.446003978125 0.6535449953125 0.45324582343750003 0.648355065625 0.4556915265625 0.64369108125 0.4538122171875 0.6329077046875 0.447512628125 0.6248069453125 0.44036605 0.6211948546875 0.42400304999999994 0.620791334375 0.4135637765625 0.6263318953125
1 0.51795130625 0.6082910453125 0.519454753125 0.61691775 0.5218051921875 0.6210557859375 0.5261302046874999 0.6271751828125 0.542022078125 0.634224046875 0.5628053578125 0.631944946875 0.5660980515625 0.6227922968749999 0.5642187421875 0.6120089171875 0.5539700015625 0.5999454375 0.5468234234375 0.5963333484375 0.5384539921875 0.59505325 0.52726299375 0.5962804578124999 0.5200211484375 0.6014703859375 0.51795130625 0.6082910453125
1 0.5734299593750001 0.6461651015625 0.578130834375 0.654441175 0.5892265671875 0.6620159859375 0.593646846875 0.6593333625 0.5981623921875 0.6478487203125 0.59365205 0.621968609375 0.5885753125 0.6115358609375 0.5803011484375 0.6014537421874999 0.5707088640625 0.602505634375 0.5654415953124999 0.6096769265625 0.5707036609375 0.6398703890624999 0.5734299593750001 0.6461651015625
1 0.5914072859374999 0.5342990484375 0.5973310140625 0.540243128125 0.61651558125 0.5381393437499999 0.6274259828125001 0.5259534390625 0.629495825 0.51913278125 0.627616515625 0.5083494015625 0.6181194984375 0.500599275 0.6049539265625 0.49984512187499996 0.5908460953125 0.51238165625 0.5871775390625 0.5193776296875 0.5867064109375 0.5260229734374999 0.5914072859374999 0.5342990484375
1 0.6293104953124999 0.4993720671875 0.63043808125 0.50584209375 0.638336384375 0.5137675359375 0.6483045296875 0.51487231875 0.6559222375 0.5118390640625 0.66156536875 0.5068244515625 0.668055490625 0.4973211703125 0.671348184375 0.48816851874999995 0.6690930140625 0.475228465625 0.661570571875 0.4694596984375 0.6503795765625 0.4706869078125 0.63871745 0.478559459375 0.63467303125 0.48339875781249997 0.6293104953124999 0.4993720671875
1 0.71149615625 0.5409111 0.7042543109375 0.54610103125 0.70218446875 0.5529216890625 0.70293619375 0.557235040625 0.70763706875 0.565511115625 0.71196208125 0.5716305125 0.7277586875 0.5874813953125 0.73847855625 0.5928995296874999 0.7448734124999999 0.59219826875 0.74816610625 0.58304561875 0.746662659375 0.574418915625 0.7439363593749999 0.568124203125 0.737260909375 0.5578667687500001 0.7273880296875 0.5479599671875001 0.7182668750000001 0.542366515625 0.71149615625 0.5409111
1 0.4456541359375 0.4645645515625 0.44875629687499996 0.47301593906250006 0.451106734375 0.47715397812499993 0.47132362031249997 0.49032223906250005 0.48289047968750004 0.49125170625000003 0.4889094734375 0.48839377031250003 0.4922021671875 0.47924111875 0.49069872031250006 0.47061441562499995 0.48439913125 0.46251365624999996 0.46258353124999996 0.4495207109375 0.4469722546875 0.45343054218749995 0.4457494015625 0.4557625328125 0.4456541359375 0.4645645515625
1 0.6742808859375 0.7579240234375 0.71989219375 0.7529222734375 0.7117134390625 0.7059930046875 0.66610213125 0.7109947546875001 0.6742808859375 0.7579240234375
1 0.53398748125 0.7338674515625 0.580542028125 0.7287622640625 0.572141515625 0.68056055625 0.52558696875 0.68566574375 0.53398748125 0.7338674515625
1 0.49037213125 0.695351828125 0.5289331109375001 0.6911232203125001 0.5189840484375 0.63403600625 0.48042306874999996 0.6382646171874999 0.49037213125 0.695351828125
1 0.5744318984375 0.6635064984375 0.6017059578125 0.6605156171875 0.5910916187499999 0.5996110875 0.563817559375 0.6026019703125 0.5744318984375 0.6635064984375
1 0.5217856671875001 0.6363222953125 0.5688038421875 0.6311662671875 0.5618391218750001 0.5912030625 0.514820946875 0.5963590890625 0.5217856671875001 0.6363222953125
1 0.4111425234375 0.66137906875 0.4581606984375 0.656223040625 0.451195978125 0.6162598328125 0.40417780312499996 0.6214158624999999 0.4111425234375 0.66137906875
1 0.4507411921875 0.4954365765625 0.49588887187499997 0.4904856671875 0.48792811875000003 0.44480726875 0.4427804375 0.449758178125 0.4507411921875 0.4954365765625
1 0.5885415078125 0.5436576390625001 0.6346164421875 0.538605046875 0.6273209640624999 0.496743965625 0.5812460296874999 0.501796559375 0.5885415078125 0.5436576390625001
1 0.6325954515625 0.5187818859375 0.677263515625 0.513883571875 0.6691937625 0.46757973750000004 0.6245256968749999 0.47247805156249995 0.6325954515625 0.5187818859375
1 0.709582996875 0.597617740625 0.7514373265625001 0.5930279828125 0.741819021875 0.5378386453124999 0.6999646921875 0.542428403125 0.709582996875 0.597617740625
2 0.5969726843750001 0.7295539890625 0.6209533921875 0.7269242546875 0.6150937062499999 0.6933016765625 0.5911129984375 0.695931409375 0.5969726843750001 0.7295539890625
2 0.452845746875 0.7356662859374999 0.4791765640625 0.7327788390625 0.4733168765625 0.699156259375 0.446986059375 0.70204370625 0.452845746875 0.7356662859374999
2 0.525787796875 0.6785445265625001 0.55023213125 0.6758639515625 0.544703203125 0.6441392484375 0.5202588687499999 0.6468198234375 0.525787796875 0.6785445265625001
2 0.6013375734374999 0.6418079875 0.6257819078125 0.6391274124999999 0.6194824624999999 0.602981525 0.595038128125 0.605662096875 0.6013375734374999 0.6418079875
2 0.74148870625 0.6981891890624999 0.7697060078125 0.6950948718750001 0.7639590796875 0.6621192953125 0.735741778125 0.6652136140625 0.74148870625 0.6981891890624999
2 0.9041356531250001 0.7755330359375 0.9315376093750001 0.772528128125 0.9257643718749999 0.739401584375 0.8983624156250001 0.7424064921875 0.9041356531250001 0.7755330359375
2 0.49939823125 0.576576934375 0.5250895625 0.5737596140625 0.518914153125 0.5383254281250001 0.4932228203125 0.5411427484375 0.49939823125 0.576576934375
2 0.5775508421875 0.5075646328125 0.6043932484375001 0.5046210859375 0.5990221828125 0.4738021875 0.5721797765625001 0.476745734375 0.5775508421875 0.5075646328125
2 0.6052698734375 0.46290785 0.63153674375 0.4600274171875 0.626034125 0.4284536796875 0.59976725625 0.4313341140625 0.6052698734375 0.46290785
2 0.7169232640625001 0.4090577875 0.7420390593749999 0.40630358125 0.7365364421875 0.374729846875 0.711420646875 0.377484053125 0.7169232640625001 0.4090577875
0 0.6005038765624999 0.6926487625 0.6267707437500001 0.689768328125 0.6209975062499999 0.6566417859375 0.5947306375 0.65952221875 0.6005038765624999 0.6926487625
0 0.5772657765625 0.5860936437500001 0.6058188062500001 0.5829625109375 0.599241225 0.5452206828125 0.5706881953125 0.548351815625 0.5772657765625 0.5860936437500001
0 0.43840793749999996 0.4537433078125 0.4623886453125 0.4511135765625 0.45634854531249996 0.41645579218749995 0.4323678375 0.419085525 0.43840793749999996 0.4537433078125
0 0.6122735765625 0.4998227 0.63911598125 0.496879153125 0.6329405703125001 0.461444965625 0.606098165625 0.46438851249999996 0.6122735765625 0.4998227
0 0.782347521875 0.397190840625 0.8103250140625 0.3941228203125 0.8042849140625 0.3594650359375 0.776307421875 0.3625330578125 0.782347521875 0.397190840625
2 0.900489034375 0.746569071875 0.9003937671875001 0.75537109375 0.9018972156249999 0.7639977953125 0.9042476531249999 0.7681358328125001 0.91412053125 0.7780426359375 0.9176938203124999 0.7798486796875 0.9249356656250001 0.7746587500000001 0.9273813703125 0.76999476875 0.9286994875 0.75886075625 0.927571903125 0.7523907296875 0.9228710281250001 0.7441146562500001 0.9153485859374999 0.738345890625 0.90697915625 0.7370657921875 0.9041575906249999 0.7395731 0.900489034375 0.746569071875
2 0.7376211578125 0.6721177046875 0.7375258921875 0.6809197234375 0.740628053125 0.6893711125 0.74852635625 0.69729655625 0.760093215625 0.6982260234375001 0.7653604859375001 0.6910547328125001 0.7662074750000001 0.686566065625 0.7659268796875 0.6756073703125 0.76282471875 0.6671559828125 0.7588755671875 0.6631932609375 0.7537035640624999 0.66156253125 0.7441112796875 0.6626144234375 0.7412897140625 0.66512173125 0.7376211578125 0.6721177046875
2 0.59495455625 0.722928859375 0.600878284375 0.7288729390625 0.6044515734375 0.7306789859375 0.61244514375 0.729802409375 0.6180882750000001 0.72478779375 0.6189352640625 0.720299128125 0.6155525078124999 0.7008890437499999 0.6132020703125 0.69675100625 0.604456778125 0.6933142328125 0.5980619218750001 0.69401549375 0.592794653125 0.7011867828125 0.5919476609375 0.7056754515625 0.59495455625 0.722928859375
2 0.5957218921874999 0.61514795 0.598352925 0.6302446828125 0.6007033625 0.63438271875 0.6046525140625 0.6383454390625001 0.61339780625 0.6417822140625 0.6194168 0.6389242765625001 0.6230853578125 0.631928303125 0.6235564859375 0.625282959375 0.6216771765625 0.6144995796875 0.6193267390625 0.6103615437500001 0.6134030109374999 0.6044174625000001 0.6022120140625 0.6056446703125 0.5993904484375 0.608151975 0.5957218921874999 0.61514795
2 0.57514475625 0.487728753125 0.5770240656250001 0.49851213124999993 0.579750365625 0.504806846875 0.5836995171875 0.508769565625 0.5920689484375 0.5100496640625 0.600533646875 0.5025277453125 0.6026034890624999 0.49570708437500005 0.6003483171874999 0.48276702968749996 0.5979978796875 0.47862899218750005 0.5940487265625001 0.47466627343749995 0.5888767234375 0.4730355421875 0.5840805828125 0.47356148906250006 0.57843745 0.478576103125 0.57514475625 0.487728753125
2 0.6007293828125 0.4475589515625 0.60420740625 0.4581670171875 0.611729846875 0.46393578125 0.62292084375 0.462708575 0.6273411234374999 0.460025953125 0.629035103125 0.4510486171875 0.6267799328125 0.4381085609375 0.6244294953125 0.433970525 0.6204803437499999 0.430007803125 0.6153083406250001 0.42837707500000005 0.608913484375 0.4290783375 0.603270353125 0.43409295 0.6007293828125 0.4475589515625
2 0.7119881015625 0.38480674531250003 0.714619134375 0.39990347656249997 0.716969571875 0.4040415140625 0.7209187234375001 0.408004234375 0.7260907265625 0.4096349640625 0.7324855828125 0.40893370156250003 0.7369058625 0.4062510796875 0.74019855625 0.39709842968750003 0.7375675234375 0.3820016984375 0.7352170859375 0.377863659375 0.7276946453125 0.3720948953125 0.7212997890625 0.3727961578125 0.7156566578125 0.3778107703125 0.7119881015625 0.38480674531250003
0 0.6001317640625 0.6871948359375 0.6076542046875 0.6929636 0.614424921875 0.6944190140625001 0.6200680546874999 0.6894044015625 0.622609025 0.6759383984375 0.6218573000000001 0.6716250484375 0.6167805640624999 0.6611923 0.6112326984374999 0.65740489375 0.6000417015624999 0.6586321015625 0.5955261562499999 0.67011674375 0.597405465625 0.6809001234375 0.6001317640625 0.6871948359375
0 0.5731597734375 0.5604768984375 0.57579080625 0.5755736312499999 0.57814124375 0.57971166875 0.5872623984375 0.58530511875 0.592058540625 0.584779171875 0.59488010625 0.5822718640625 0.5997715140625 0.5729438984375 0.59949091875 0.561985203125 0.59676461875 0.5556904921875 0.588866315625 0.5477650484375001 0.580872746875 0.5486416265625 0.5764524671875 0.5513242484374999 0.5740067640625 0.55598823125 0.5731597734375 0.5604768984375
0 0.6157690609375 0.4964612375 0.6245143546875 0.4998980140625 0.6317562 0.4947080828125 0.63467303125 0.48339875781249997 0.6327937218749999 0.472615378125 0.628092846875 0.46433930312499994 0.612105709375 0.46609245781249997 0.6075901625 0.4775771 0.609469471875 0.48836047968749996 0.6118199093750001 0.4924985171875 0.6157690609375 0.4964612375
0 0.79850398125 0.395100425 0.8037712499999999 0.387929134375 0.8046182406250001 0.38344046718749997 0.8023630687500001 0.37050041093749997 0.79333718125 0.3561049421875 0.790139753125 0.356455571875 0.78289790625 0.3616455015625 0.7783823609375 0.37313014375 0.78101339375 0.388226875 0.788911696875 0.3961523171875 0.79850398125 0.395100425
0 0.43709937656250003 0.4435237390625 0.4394498140625 0.4476617765625 0.445373540625 0.45360585625 0.44857096875 0.4532552265625 0.4545899609375 0.4503972890625 0.4586343796875 0.44555799062499996 0.4591055078125 0.4389126484375 0.457602059375 0.43028594375000007 0.45252532343749996 0.41985319375 0.4473533203125 0.41822246406249997 0.4393597515625 0.4190990421875 0.43409248125 0.42627033125 0.43709937656250003 0.4435237390625
2 0.51944955 0.6542825046875 0.521328859375 0.6650658843749999 0.5244310203125 0.673517271875 0.528756034375 0.6796366671875 0.5323293234375 0.6814427140625 0.5403228921875 0.6805661375 0.545966025 0.675551521875 0.54728414375 0.6644175109375 0.545780696875 0.65579080625 0.541079821875 0.647514734375 0.5355319546875 0.643727328125 0.5275383859375 0.64460390625 0.5206724015625 0.6519505109375 0.51944955 0.6542825046875
2 0.44900566875000003 0.70816315625 0.44768755000000005 0.7192971671875 0.45041385 0.72559188125 0.4567134390625 0.7336926359375 0.460286728125 0.73549868125 0.468280296875 0.7346221046875 0.472700578125 0.73193948125 0.47561741093750004 0.72063015625 0.4733622390625 0.7076901 0.47101180156250005 0.7035520640625 0.4654639359375 0.699764659375 0.4558716515625 0.7008165515625 0.451451371875 0.7034991734375 0.44900566875000003 0.70816315625
2 0.5075172375 0.576466853125 0.5171095203125 0.5754149609375 0.521625065625 0.56393031875 0.518618171875 0.5466769109375 0.51109573125 0.5409081453125 0.5031021609375 0.541784721875 0.4974590296875 0.5467993359375 0.49501332500000006 0.55146331875 0.494542196875 0.5581086609375 0.4980202203125 0.5687167265624999 0.5075172375 0.576466853125