2 0.670190471875 0.534828184375 0.675474925 0.56384735 0.712917775 0.5559477015625001 0.7076333203125 0.526928534375 0.670190471875 0.534828184375
1 0.676026740625 0.5896931046875 0.6849546390625 0.6387199703124999 0.7277464640625 0.6296917984375 0.718818565625 0.580664934375 0.676026740625 0.5896931046875
1 0.714824428125 0.6288860875 0.7188121359374999 0.62638265625 0.720368778125 0.622730015625 0.7210509890625 0.6142755265625001 0.7171625453125 0.605123240625 0.7084119640625001 0.5936725390625 0.6962566296875 0.5879265015625 0.6916859718749999 0.5872287046875 0.685267196875 0.5885829296875 0.679431375 0.5931383875 0.677874734375 0.5967910265625 0.6807894921875 0.6127971875 0.6919711375 0.62539709375 0.704126471875 0.63114313125 0.714824428125 0.6288860875
1 0.6232825359375 0.408456590625 0.6312398203125 0.45215340312499996 0.6746093390625 0.44300335156250004 0.6666520546875 0.3993065390625 0.6232825359375 0.408456590625
1 0.5866769328125 0.48445912187499995 0.59526380625 0.531613265625 0.6288125984375 0.5245351796875 0.6202257265625 0.47738103593750003 0.5866769328125 0.48445912187499995
1 0.5148532484375 0.35047117499999997 0.5197383796875 0.37729749687499997 0.58219305 0.36412088125 0.57730791875 0.33729455937499997 0.5148532484375 0.35047117499999997
1 0.5295474 0.47404881562499995 0.5367147859375 0.5134079593750001 0.5899050265625 0.5021859421875 0.582737640625 0.46282680000000004 0.5295474 0.47404881562499995
1 0.6180780593749999 0.524639196875 0.625179046875 0.514830484375 0.6264442109374999 0.5095772281250001 0.623529453125 0.49357106718750005 0.6177928921875 0.48647080625 0.608068625 0.4818739765625 0.5973706671875 0.48413102031250005 0.5899782046875 0.4923391171875 0.5884215640625 0.49599175781250004 0.5919192718749999 0.5151991484375 0.59551624375 0.52275081875 0.5982387859375 0.5255006421874999 0.6076715796875 0.52849685625 0.6180780593749999 0.524639196875
1 0.6717789859375001 0.41690699374999995 0.670613084375 0.41050453124999997 0.664585046875 0.4018036515625 0.65544373125 0.40040805468749996 0.6471768390625 0.40381430468749996 0.6342400296874999 0.4181784765625 0.628887896875 0.43759088437500004 0.6327763421875 0.44674317031250005 0.6376384765625 0.4490415859375 0.65475520625 0.4454303171875 0.6587429140625 0.44292688281250003 0.6658439015625001 0.4331181703125 0.6717789859375001 0.41690699374999995
1 0.5798884390625 0.35152629062499996 0.5784310609375 0.3435232125 0.570846384375 0.3384749734375 0.5619965437500001 0.338679990625 0.5406006296875 0.3431940765625 0.5283460328125 0.349103759375 0.5188139796875 0.357763265625 0.518423240625 0.36781837031250003 0.52600791875 0.372866609375 0.53271816875 0.3731129984375 0.562672446875 0.366793278125 0.5727874515625 0.3613350046875 0.5798884390625 0.35152629062499996
1 0.5825857421875 0.5005472156249999 0.5878386140625 0.49279052500000003 0.5866727093749999 0.4863880625 0.5785050828125 0.4781385921875 0.559348025 0.47054555000000003 0.548067115625 0.469601359375 0.5395087515625 0.47140699531249997 0.53552104375 0.47391042812500006 0.5321162859374999 0.47961509375 0.533865140625 0.48921878750000003 0.5393102265625 0.494718434375 0.5563276953125 0.5027628859375 0.5676086031249999 0.503707075 0.5825857421875 0.5005472156249999
1 0.6388720921875 0.6266272046875 0.6444164390625 0.6204711328125 0.6450986515625 0.61201664375 0.6427668468750001 0.599211715625 0.63430774375 0.5893616328125 0.624583475 0.5847648015625 0.616025109375 0.5865704359375 0.612037403125 0.58907386875 0.6049364140625 0.5988825828125 0.604545678125 0.6089376859375 0.614170684375 0.6251902359375 0.6238949515625001 0.629787065625 0.628465609375 0.6304848640625 0.6388720921875 0.6266272046875
1 0.5962787875 0.6123439375 0.601531659375 0.604587246875 0.60065723125 0.5997854 0.5955036234375 0.59588636875 0.577220990625 0.593095175 0.56623155625 0.5937516015625001 0.5494063015624999 0.5989634859375 0.5417223640625 0.6055709671875 0.5401657234374999 0.6092236078125 0.5416231015624999 0.6172266875 0.5537784359375 0.6229727234375 0.5583490953125 0.623670521875 0.5883033734375 0.617350803125 0.5962787875 0.6123439375
1 0.54861851875 0.6556414671875 0.5538713890625 0.6478847796875 0.5521225359375 0.638281084375 0.5412323640625 0.627281790625 0.5242148953125 0.6192373390625 0.5153650546875 0.6194423578125 0.5070981640625 0.6228486078125 0.5034019328125 0.6269526578125 0.5027197203125 0.6354071453125 0.50903923125 0.6457086390625 0.519637928125 0.655107315625 0.5360724453125 0.6599505359375 0.5446308109375 0.6581449015625 0.54861851875 0.6556414671875
1 0.6903892578125 0.7753208359375 0.697099509375 0.7755672265625 0.7053663968749999 0.7721609765624999 0.71061926875 0.7644042875 0.7068300859375001 0.74359628125 0.7005105734375 0.7332947859375001 0.6902033546874999 0.725496725 0.6834931046875 0.725250334375 0.6770743312499999 0.7266045609375 0.6730866234375 0.7291079921875 0.668125228125 0.7384652984375 0.667734490625 0.748520403125 0.6719144109374999 0.75927330625 0.6779424484375001 0.767974184375 0.6903892578125 0.7753208359375
1 0.5602712328125 0.7562338796875 0.569121075 0.7560288609375 0.5776794390625 0.7542232249999999 0.5838067375 0.751268384375 0.5875029703125 0.7471643343750001 0.588768134375 0.741911078125 0.585754115625 0.7375606421875001 0.5803090296875 0.7320609953125 0.5593038531250001 0.7265199765625 0.548022946875 0.7255757859374999 0.5351854 0.7282842375 0.5311976921875 0.730787671875 0.5277929343750001 0.7364923343750001 0.5295417890625 0.74609603125 0.5419886 0.7534426828125 0.5602712328125 0.7562338796875
1 0.602761596875 0.58931889375 0.611191071875 0.6356087046875001 0.649939071875 0.6274336968750001 0.641509596875 0.5811438859375 0.602761596875 0.58931889375
1 0.5384646562500001 0.5988452578125 0.5438219796875 0.628264578125 0.6051212703125 0.6153317234375 0.5997639484375 0.5859124046875 0.5384646562500001 0.5988452578125
1 0.5004926968750001 0.621225490625 0.508843475 0.6670831359375 0.557412196875 0.6568361625 0.5490614203125 0.6109785171875 0.5004926968750001 0.621225490625
1 0.5238219390625 0.7295098999999999 0.5305171343749999 0.7662760468750001 0.5906610484375 0.7535869515625 0.5839658515624999 0.7168208046875 0.5238219390625 0.7295098999999999
1 0.662938146875 0.7284650703125 0.6728628921875 0.7829660421875 0.71392165 0.7743035125 0.703996903125 0.719802540625 0.662938146875 0.7284650703125
2 0.6689241015625 0.3920790125 0.6733370437499999 0.4163123390625 0.7057304578125 0.4094780125 0.701317515625 0.3852446875 0.6689241015625 0.3920790125
2 0.6270096421875 0.366333546875 0.6314225812500001 0.390566871875 0.664393684375 0.383610665625 0.65998074375 0.359377340625 0.6270096421875 0.366333546875
2 0.5859243281250001 0.36826181875 0.5907307625 0.394655975 0.626012621875 0.3872122484375 0.6212061890625 0.3608180921875 0.5859243281250001 0.36826181875
2 0.5495231281249999 0.37279200156250003 0.5540934656250001 0.397889659375 0.5864868796875 0.391055334375 0.5819165421875 0.3659576765625 0.5495231281249999 0.37279200156250003
2 0.4629641015625 0.40184122968749997 0.467377040625 0.42607455312500003 0.4991713671875 0.41936662187499996 0.49475842812500004 0.3951332984375 0.4629641015625 0.40184122968749997
2 0.444956375 0.6657442437500001 0.44968411093749994 0.69170623125 0.4826552125 0.6847500265625001 0.47792747812499997 0.6587880375 0.444956375 0.6657442437500001
2 0.5055600765625 0.6655237015625 0.510130415625 0.690621359375 0.54367920625 0.6835432734375 0.53910886875 0.658445615625 0.5055600765625 0.6655237015625
2 0.63858605 0.663977015625 0.643392484375 0.6903711718750001 0.6751868109375 0.683663240625 0.6703803765624999 0.657269084375 0.63858605 0.663977015625
2 0.474180953125 0.7768154796875 0.4789873875 0.8032096359375 0.5131138703125 0.7960096703125 0.5083074359374999 0.7696155140625 0.474180953125 0.7768154796875
0 0.7522086906250001 0.625179009375 0.7573299171875 0.6533018312500001 0.79318946875 0.6457362234375 0.788068240625 0.617613403125 0.7522086906250001 0.625179009375
0 0.48934060625000003 0.5444286140625 0.4940770859375 0.5704386234375 0.5308566609375001 0.562678909375 0.52612018125 0.5366689015625 0.48934060625000003 0.5444286140625
0 0.44590988125 0.5842326 0.450556003125 0.609746415625 0.4853243625 0.6024110281249999 0.480678240625 0.5768972109375 0.44590988125 0.5842326
0 0.42892191874999996 0.47563251093750003 0.4336584 0.5016425203125 0.46909003125000004 0.49416719374999996 0.4643535515625 0.468157184375 0.42892191874999996 0.47563251093750003
0 0.359789296875 0.45073458437499997 0.36470940625 0.47775298125 0.39815121875 0.470697465625 0.3932311109375 0.44367906875 0.359789296875 0.45073458437499997
2 0.69918400625 0.5307971109375 0.6924737578125 0.5305507203125 0.683915390625 0.5323563546875001 0.6743833375 0.5410158625 0.674284075 0.5526715828125 0.6818687515625 0.5577198203125 0.6864394093749999 0.5584176171874999 0.70141655 0.5552577578125 0.7091004890625 0.548650275 0.7106571265625 0.5449976359375001 0.7091997484375 0.53699455625 0.69918400625 0.5307971109375
2 0.6626927609375 0.659830103125 0.658122103125 0.659132303125 0.64528455625 0.661840753125 0.6394487343749999 0.6663962125 0.636626928125 0.6753021078125 0.63779283125 0.681704571875 0.643237915625 0.68720421875 0.6609375984375 0.6867941828124999 0.6670648953125 0.6838393421875 0.6744573609375 0.67563124375 0.67270850625 0.666027546875 0.6626927609375 0.659830103125
2 0.5293621953125001 0.6597041453125 0.5247915375 0.6590063484375001 0.5140935796874999 0.6612633890625 0.5064096421875 0.667870871875 0.5038793125 0.678377384375 0.5096158749999999 0.685477646875 0.51447800625 0.6877760609375 0.52332785 0.687571040625 0.53373433125 0.6837133843750001 0.5411267921875 0.6755052859374999 0.5387949875 0.6627003578124999 0.5293621953125001 0.6597041453125
2 0.47791274218749996 0.6821936703125 0.4816089734375 0.6780896203125 0.481999709375 0.6680345187500001 0.4789856921875 0.663684078125 0.4716924921875 0.66023645625 0.46712183281249997 0.6595386578125 0.45642387500000003 0.6617957 0.44873993749999996 0.6684031828125 0.44591813281250003 0.677309078125 0.44679255937500006 0.6821109265625 0.456808303125 0.688308371875 0.46137896093749997 0.6890061703125 0.46779773437500005 0.6876519453125 0.47791274218749996 0.6821936703125
2 0.508238828125 0.7755221734375 0.5055162859375 0.7727723484375 0.49637496875 0.7713767515625001 0.48752512656249997 0.7715817703125001 0.47770159687499997 0.7786406593749999 0.4748797921875 0.7875465562499999 0.47604569531249996 0.7939490203124999 0.48149078125000006 0.7994486671875001 0.4860614390625 0.800146465625 0.5053177625 0.7960837890625 0.5108621078125 0.789927715625 0.511835796875 0.7830738421875 0.508238828125 0.7755221734375
2 0.4633705078125 0.41932400000000003 0.47309477656250004 0.4239208296875 0.48807191562499996 0.4207609703125 0.49760397031250003 0.4121014609375 0.49585511562500006 0.40249776718749997 0.48797896406249996 0.3958489140625 0.47271034843750004 0.3974081578125 0.46872264062499996 0.39991159062500004 0.4616216546875 0.409720303125 0.4633705078125 0.41932400000000003
2 0.5533326062499999 0.3887091203125 0.5633483499999999 0.39490656562500004 0.5761858984375 0.3921981140625 0.5857179515625 0.3835386078125 0.5861086890625 0.37348350468749997 0.5785240140625 0.368435265625 0.569382696875 0.36703966875 0.55041785 0.3727029609375 0.5488612109375001 0.376355603125 0.5533326062499999 0.3887091203125
2 0.600211403125 0.365521796875 0.5861086890625 0.37348350468749997 0.5863009031249999 0.386739840625 0.5981647625 0.3908852609375 0.61528149375 0.3872739921875 0.620825840625 0.38111791875 0.623939121875 0.3738126390625 0.6206336265625 0.3678615828125 0.6157714921874999 0.3655631703125 0.6087697671875001 0.3637161625 0.600211403125 0.365521796875
2 0.65729815625 0.36178825468750003 0.6502964296875 0.3599412484375 0.6374588828125 0.3626497 0.6282183031249999 0.372909821875 0.6269531390624999 0.378163078125 0.63025863125 0.3841141328125 0.64212249375 0.388259553125 0.6506808578125 0.38645391875 0.6607958625 0.38099564531249996 0.6642006203124999 0.3752909796875 0.6627432421874999 0.3672879 0.65729815625 0.36178825468750003
2 0.693081946875 0.38748085312499997 0.6799529234375 0.38858868750000003 0.6738256265625 0.3915435296875 0.668281278125 0.397699603125 0.6700301328125 0.407303296875 0.6781977593749999 0.4155527671875 0.6931749 0.41239290625 0.699302196875 0.409438065625 0.702998428125 0.405334015625 0.70455506875 0.40168137656249997 0.703097690625 0.393678296875 0.693081946875 0.38748085312499997
0 0.49894315625 0.5414635890625 0.49184216875000003 0.5512723015625001 0.493299546875 0.5592753796875 0.503315290625 0.5654728265625 0.51829243125 0.562312965625 0.52597636875 0.555705484375 0.5275330078125 0.5520528437500001 0.5260756296875 0.544049765625 0.5160598875 0.53785231875 0.5093496375 0.5376059296875 0.49894315625 0.5414635890625
0 0.46617969375 0.483553653125 0.46501379062500003 0.4771511890625 0.45986018125 0.473252159375 0.450718865625 0.4718565609375 0.437881315625 0.4745650125 0.4320454921875 0.47912047187500006 0.43048885312499996 0.48277311093749997 0.4295151640625 0.4896269828125 0.43252918281249997 0.49397742187500004 0.4443930421875 0.49812284375000004 0.455091 0.49586579999999997 0.45907870624999997 0.4933623671875 0.46617969375 0.483553653125
0 0.48327749375 0.5896457109375 0.479680525 0.582094040625 0.47481839062500003 0.5797956234375 0.4702477328125 0.5790978265625 0.45527059375 0.5822576875000001 0.44787812968749996 0.590465784375 0.44661296406249995 0.5957190406249999 0.44991845937499997 0.6016700953125 0.4547805921875 0.6039685109375 0.4639219109375 0.6053641078124999 0.47646798281249997 0.601055040625 0.4801642140625 0.596950990625 0.48327749375 0.5896457109375
0 0.3819667765625 0.4481332453125 0.3688377515625 0.44924107968750004 0.3593056984375 0.4579005875 0.35774905625 0.46155322656250003 0.35862348437499997 0.46635507499999995 0.368639228125 0.47255252031249995 0.37320988593750004 0.47325031875 0.3881870265625 0.470090459375 0.393731371875 0.46393438593749997 0.3952880125 0.46028174374999997 0.39139956875 0.451129459375 0.3819667765625 0.4481332453125
0 0.79135971875 0.63434620625 0.7901938140625 0.6279437406249999 0.7801780734375 0.6217462968749999 0.77103675625 0.6203507 0.7646179796875 0.621704925 0.7584906828125 0.6246597640625 0.752946334375 0.6308158374999999 0.7549866640625 0.6420201515625 0.7625713421875 0.6470683875 0.7759918421875 0.64756116875 0.786106846875 0.64210289375 0.7898030781250001 0.6379988453125 0.79135971875 0.63434620625