1 0.24381588281250002 0.72034533125 0.23577347187500003 0.7165035203125 0.22723567500000003 0.7158794046875 0.22058463593750002 0.71702016875 0.2160680484375 0.7183169578124999 0.210808384375 0.7244402937500001 0.2093222359375 0.7340933828125 0.21096130156249998 0.7374671078125 0.2203950890625 0.74629149375 0.236479915625 0.7539751140625001 0.2514210578125 0.7550673156250001 0.261197309375 0.7476471890624999 0.2626834578125 0.7379940984375 0.2497238484375 0.7240311125 0.24381588281250002 0.72034533125
1 0.325325553125 0.7376923859375 0.313261934375 0.7319296703125 0.2897829953125 0.7302133546875 0.2809975078125 0.7311980874999999 0.2672000484375 0.7366973078125 0.2657139 0.7463503984375001 0.271374171875 0.751645028125 0.2794165859375 0.7554868390625 0.28984113749999996 0.75787583125 0.311185628125 0.7594361187499999 0.31997111562499997 0.758451384375 0.324735396875 0.755545746875 0.327365228125 0.752484078125 0.32885137656249996 0.7428309875 0.325325553125 0.7376923859375
1 0.396141465625 0.6842986828125001 0.3866129046875 0.690109959375 0.376093578125 0.7023566328124999 0.3728735890625 0.7232716578125 0.3745126546875 0.726645384375 0.3785338609375 0.7285662890625 0.3913405546875 0.7295024609375 0.4034989484375 0.720629515625 0.414018275 0.70838284375 0.41411305 0.69374718125 0.41083491875 0.68699973125 0.40681371093749996 0.685078825 0.396141465625 0.6842986828125001
1 0.473113034375 0.6329819125 0.461450025 0.6386371625 0.4519214625 0.6444484390625 0.4506830046875 0.6524926796875 0.45634327656250007 0.6577873109375 0.46249893281250004 0.659864246875 0.4817089734375 0.6612685046875 0.4904944609375 0.6602837703125 0.508808509375 0.6534877578125 0.5114383421875 0.650426090625 0.5107900421875 0.6406169734375 0.50299531875 0.6351663140625 0.473113034375 0.6329819125
1 0.5017353531250001 0.5732499375 0.49557969843749994 0.571173003125 0.48490745156250004 0.5703928609375 0.47612196406249996 0.5713775937500001 0.4604377484375 0.5751119375 0.4485270453125 0.5823760359375 0.44704089687500004 0.592029125 0.4505667203125 0.5971677265625 0.4676423109375 0.59841595625 0.4828311453125 0.5978993078125 0.4963809140625 0.5940089359375 0.5035273359375 0.5896504765625 0.5061571671875 0.586588809375 0.5071479328125 0.5801534171875 0.5017353531250001 0.5732499375
1 0.34774919375 0.5359622453124999 0.337076946875 0.5351821015625 0.33256036093749997 0.5364788921875 0.3227841046875 0.5438990171875 0.319658890625 0.5501783828125 0.31668659374999997 0.5694845609375 0.319717034375 0.577840859375 0.3237382390625 0.579761765625 0.3365449328125 0.5806979375 0.3487033265625 0.5718249906249999 0.35158085 0.5671544749999999 0.35480083906250004 0.5462394484375 0.3515227078125 0.5394919984375 0.34774919375 0.5359622453124999
1 0.239155109375 0.414137178125 0.215676171875 0.4124208625 0.2085297484375 0.416779321875 0.205404534375 0.4230586859375 0.208434975 0.4314149828125 0.2202509015625 0.43878655 0.247255665625 0.44564146562499996 0.25579345937500003 0.44626558125000004 0.2631875734375 0.44029827499999996 0.26442603125 0.43225403125 0.2627869640625 0.42888030781250003 0.2514664203125 0.418291046875 0.2474452125 0.41637014062500005 0.239155109375 0.414137178125
1 0.40895689218750003 0.3907567234375 0.3966455796875 0.38660285625 0.3774355390625 0.38519859843750004 0.37291894999999997 0.38649538906249997 0.363142696875 0.393915515625 0.36289500625 0.3955243625 0.3661731390625 0.4022718140625 0.37962813125 0.41301710468749997 0.38980499375 0.41701494375000003 0.41541837968750006 0.41888728750000004 0.4199349703125 0.41759049687500005 0.4225648015625 0.414528828125 0.42405095 0.404875740625 0.4167516125 0.39620738437499997 0.40895689218750003 0.3907567234375
1 0.4972338828125 0.4622879734375 0.48402658125000003 0.449933834375 0.47384971875000004 0.44593599531250006 0.4546396796875 0.4445317359375 0.44798864062500005 0.44567249843749995 0.4427289765625 0.4517958328125 0.4417382109375 0.458231228125 0.443377278125 0.4616049515625 0.45092430625 0.46866445937499995 0.46487468437499996 0.476192053125 0.47529923749999997 0.47858104375000005 0.48597148125 0.4793611875 0.4926225203125 0.4782204265625 0.49788218281249996 0.4720970890625 0.49887294843749996 0.4656616984375 0.4972338828125 0.4622879734375
1 0.5798872359375 0.4862264484375 0.5763614125000001 0.4810878484375 0.5723402078125 0.47916694218749994 0.5661845515625 0.4770900078125 0.5448400609374999 0.4755297203125 0.5339201234375001 0.47635842500000003 0.522257115625 0.482013675 0.517245140625 0.48652816249999997 0.516749759375 0.489745859375 0.5200278921875 0.496493309375 0.524049096875 0.49841421406249997 0.5366080984375 0.500959234375 0.553683690625 0.5022074640625 0.5667380750000001 0.5015347875 0.576018946875 0.497332359375 0.578648778125 0.49427069062499995 0.5798872359375 0.4862264484375
1 0.20818408281249998 0.40970120468750004 0.20281660937499998 0.4445649453125 0.2640112609375 0.44903828749999997 0.269378734375 0.414174546875 0.20818408281249998 0.40970120468750004
1 0.320953415625 0.5323765125000001 0.313522671875 0.5806419593750001 0.3498083046875 0.583294446875 0.3572390484375 0.535029 0.320953415625 0.5323765125000001
1 0.20944504375 0.71457890625 0.20350044843749998 0.7531912640625 0.26183493750000003 0.7574555265625 0.267779534375 0.7188431703125 0.20944504375 0.71457890625
1 0.26623175312499997 0.7290367828125001 0.26185504375 0.75746513125 0.3265928796875 0.7621974796875 0.3309695890625 0.73376913125 0.26623175312499997 0.7290367828125001
1 0.3784338125 0.6824592171874999 0.3711690203125 0.7296467375 0.40888473437500006 0.7324037624999999 0.41614952499999996 0.6852162453124999 0.3784338125 0.6824592171874999
1 0.44736836562500004 0.5665586859375 0.44266222656250004 0.5971268015625 0.5052656140625 0.601703121875 0.5099717515625 0.57113500625 0.44736836562500004 0.5665586859375
1 0.4517779796875 0.6314304500000001 0.4472377953125 0.6609206375000001 0.51197563125 0.6656529859375 0.516515815625 0.6361627999999999 0.4517779796875 0.6314304500000001
1 0.4441333875 0.4426736640625 0.43893186562500003 0.47645947812499995 0.49869643750000003 0.48082828125 0.5038979593749999 0.44704246718749996 0.4441333875 0.4426736640625
1 0.519486275 0.47204126406249997 0.514861875 0.5020784625 0.5774652640625 0.50665478125 0.5820896640625 0.47661758593750003 0.519486275 0.47204126406249997
1 0.36739659687500004 0.38500164375 0.3624427671875 0.4171786078125 0.421502971875 0.42149592187499996 0.42645679999999997 0.3893189578125 0.36739659687500004 0.38500164375
2 0.24563159531249998 0.45149366874999997 0.2419162234375 0.4756263921875 0.2774974875 0.478227390625 0.28121286093750003 0.4540946671875 0.24563159531249998 0.45149366874999997
2 0.3359451875 0.39300929687499997 0.332311553125 0.4166111 0.36076375625 0.41869096250000004 0.364397390625 0.395089159375 0.3359451875 0.39300929687499997
2 0.4616277859375 0.48788841562499996 0.457830675 0.512552059375 0.49411630625 0.515204546875 0.4979134171875 0.490540903125 0.4616277859375 0.48788841562499996
2 0.375282646875 0.595463384375 0.3712378453125 0.6217358749999999 0.405389028125 0.624232334375 0.40943382812499995 0.5979598421875 0.375282646875 0.595463384375
2 0.3539271953125 0.645427946875 0.3496347015625 0.6733092843749999 0.38378588593749996 0.67580574375 0.3880783796875 0.6479244046875 0.3539271953125 0.645427946875
2 0.3224512296875 0.7656855296875 0.318569903125 0.79089618125 0.35415116874999997 0.7934971796875 0.35803249375 0.7682865265625 0.3224512296875 0.7656855296875
2 0.14443692187499999 0.84703600625 0.14030790625 0.8738555078125 0.1737547203125 0.8763004765625 0.1778837375 0.849480975 0.14443692187499999 0.84703600625
2 0.485483325 0.7022264078125 0.48119083125 0.730107746875 0.5196109109375 0.7329162640625 0.5239034046875 0.7050349234375 0.485483325 0.7022264078125
2 0.47622437812499996 0.603379140625 0.4720953609375 0.630198640625 0.5041120953125 0.6325390718749999 0.5082411125 0.6057195703125 0.47622437812499996 0.603379140625
2 0.5406678796875 0.7550609109375 0.5367048140625 0.7808024812500001 0.5694259171875 0.7831944 0.5733889796875 0.7574528296875 0.5406678796875 0.7550609109375
0 0.2523171703125 0.6417829015625001 0.2483541078125 0.6675244734375 0.2874785578125 0.670384478125 0.291441621875 0.64464290625 0.2523171703125 0.6417829015625001
0 0.40757274375 0.6054216734375 0.40377563125 0.6300853171874999 0.437926815625 0.6325817765624999 0.44172392812499994 0.6079181328125001 0.40757274375 0.6054216734375
0 0.4505128921875 0.7143045171875 0.44654982812500005 0.7400460890625 0.4785665625 0.74238651875 0.4825296265625 0.716644946875 0.4505128921875 0.7143045171875
0 0.5357777546875 0.82411745625 0.531896428125 0.84932810625 0.56534324375 0.8517730765625 0.5692245703125 0.826562425 0.5357777546875 0.82411745625
0 0.576877190625 0.42635412656250005 0.5728323890625 0.45262661875 0.607687940625 0.45517456718749993 0.61173274375 0.428902075 0.576877190625 0.42635412656250005
2 0.2571848359375 0.45124815468749996 0.2526682453125 0.45254494375 0.2428919921875 0.45996507031249995 0.24190122656250002 0.46640046562500004 0.24329260000000003 0.4713830375 0.253221771875 0.476989725 0.266028465625 0.477925896875 0.2705450546875 0.47662910781249995 0.277691475 0.4722706484375 0.279425315625 0.46100871093749995 0.27376504375 0.45571408125 0.26572263125 0.45187226875000003 0.2571848359375 0.45124815468749996
2 0.3413028265625 0.3955729265625 0.33415640468749996 0.399931384375 0.33267025625 0.40958447343750004 0.336196078125 0.41472307500000005 0.342104040625 0.41840885781250003 0.359179634375 0.4196570859375 0.36607836250000003 0.4169074765625 0.3687081953125 0.413845809375 0.3696989609375 0.40741041562499997 0.35862610781250004 0.3952123046875 0.3458194140625 0.3942761328125 0.3413028265625 0.3955729265625
2 0.46740974218750003 0.48776604843750004 0.46026332031250006 0.49212450781249995 0.45664272187500005 0.501621565625 0.4582817875 0.5049952921875 0.466076509375 0.5104459515624999 0.48315210000000003 0.51169418125 0.48766869062499996 0.510397390625 0.4953104953125 0.502821234375 0.49466219375 0.49301211718750004 0.48686747343750003 0.487561459375 0.47406077968749993 0.4866252859375 0.46740974218750003 0.48776604843750004
2 0.38390341875 0.595548534375 0.37938683125 0.5968453234375 0.371497334375 0.6060303296875 0.3742800828125 0.615995475 0.384209253125 0.6216021625 0.3948815 0.62238230625 0.39939808593750004 0.621085515625 0.40178022812499997 0.619632696875 0.40753527500000003 0.6102916640625 0.4082783484375 0.6054651203125 0.406639284375 0.6020913953125 0.3988445625 0.596640734375 0.38390341875 0.595548534375
2 0.36505735625 0.64786038125 0.36054076562500004 0.649157175 0.35076451406250003 0.6565773 0.349278365625 0.6662303890625 0.35682539375 0.6732898953124999 0.36298105 0.6753668312500001 0.376035434375 0.674694153125 0.3834295484375 0.6687268468750001 0.384915696875 0.6590737578125 0.383524321875 0.654091184375 0.37975080625 0.65056143125 0.3735951515625 0.6484844953125 0.36505735625 0.64786038125
2 0.4986682796875 0.607191778125 0.49037817656250005 0.604958815625 0.48372713906250003 0.6060995765625 0.47206412656249996 0.611754828125 0.4691866015625 0.61642534375 0.4719693515625 0.6263904890624999 0.47574286718750003 0.62992024375 0.4818985234375 0.6319971765625 0.49922180625 0.631636559375 0.5039860859374999 0.6287309203125 0.5068636093750001 0.6240604046875 0.507606684375 0.6192338609375 0.5043285515625 0.612486409375 0.4986682796875 0.607191778125
2 0.33843808124999997 0.7646821874999999 0.3317870421875 0.76582295 0.32225848125 0.7716342265625 0.32027695 0.7845050140625001 0.321916015625 0.7878787375 0.32782397812499997 0.7915645203125 0.3361140828125 0.7937974828125001 0.34703401875 0.792968778125 0.354180440625 0.7886103203125 0.356161971875 0.7757395359375 0.3545229078125 0.7723658078125 0.348862634375 0.7670711781249999 0.33843808124999997 0.7646821874999999
2 0.155202815625 0.8472779671874999 0.1506862265625 0.848574759375 0.1385278328125 0.857447703125 0.13942382343749998 0.8656479750000001 0.14697085468749999 0.87270748125 0.15312650781249998 0.874784415625 0.16166430625 0.8754085296874999 0.16831534374999998 0.87426776875 0.178091596875 0.8668476406250001 0.17957774531249998 0.8571945515625 0.172030715625 0.8501350453125 0.16587506093749999 0.848058109375 0.155202815625 0.8472779671874999
2 0.4992433171875 0.7015971765625 0.4902101375 0.7041907562499999 0.4823206421875 0.7133757625 0.481825259375 0.7165934578125001 0.4910113546875 0.7270266890625 0.4950325609375 0.7289475953125 0.5057048046875 0.7297277390625 0.5173678171875 0.7240724890625 0.519997646875 0.721010821875 0.520740721875 0.7161842765624999 0.5193493484375 0.7112017046875 0.5118023171875 0.704142196875 0.4992433171875 0.7015971765625
2 0.56627059375 0.7569324749999999 0.5622493875 0.75501156875 0.5537115906250001 0.7543874546875 0.547060553125 0.7555282156249999 0.53991413125 0.759886675 0.536293534375 0.7693837359375 0.5376849078125 0.7743663093750001 0.5433451796875 0.7796609390625 0.5495008359375 0.7817378734375 0.55803863125 0.7823619875000001 0.5692062578125 0.779924434375 0.5742182328125 0.7754099484375 0.5754566890625 0.76736570625 0.5738176234375 0.76399198125 0.56627059375 0.7569324749999999
0 0.2642428703125 0.6437447328125 0.2573441421875 0.6464943421875 0.2523321703125 0.6510088281249999 0.2508460203125 0.6606619171875 0.25839305156250003 0.6677214265625 0.2709520515625 0.670266446875 0.27998523125 0.6676728625 0.28524489375 0.661549528125 0.28673104375 0.6518964390625 0.2813184640625 0.6449929609375 0.27729725625 0.6430720562500001 0.2642428703125 0.6437447328125
0 0.407039890625 0.613509359375 0.4055537421875 0.6231624499999999 0.41310077187500005 0.6302219578125 0.419256428125 0.632298890625 0.43017636562500006 0.6314701875 0.43970492656250004 0.6256589078125 0.44143876562499995 0.6143969703125001 0.43389173750000004 0.6073374640625 0.41895059375 0.6062452640625 0.41443400312499995 0.6075420546875 0.407039890625 0.613509359375
0 0.47140070468750006 0.7142044656250001 0.4628629109375 0.7135803515625 0.4562118703125 0.7147211140625 0.44906545 0.7190795718749999 0.44708391875000003 0.7319503593750001 0.45463094687499994 0.739009865625 0.460786603125 0.7410867999999999 0.46718995 0.7415548859375 0.4762231296875 0.7389613046875 0.48361724375000004 0.732993996875 0.48485569999999995 0.72494975625 0.4832166328125 0.7215760312499999 0.47755636093750004 0.7162814015625 0.47140070468750006 0.7142044656250001
0 0.547577446875 0.8222711359374999 0.53854426875 0.82486471875 0.5335322953125 0.8293792046874999 0.532046146875 0.8390322953125 0.539345484375 0.8477006515625 0.5519044875 0.850245671875 0.5654542546875 0.8463552999999999 0.570466228125 0.8418408109375 0.5712093015625 0.8370142671874999 0.569817928125 0.8320316921875 0.5641576546875 0.8267370625 0.5561152421875 0.82289525 0.547577446875 0.8222711359374999
0 0.57918079375 0.4487548546875 0.583202 0.450675759375 0.5981431421875001 0.45176796093749993 0.6076717031250001 0.445956684375 0.6091578515625 0.43630359218750003 0.603745271875 0.4294001140625 0.58666968125 0.42815188437499996 0.5821530921875 0.429448675 0.5742635953125 0.4386336796875 0.57918079375 0.4487548546875