1 0.7533083578124999 0.8252265703124999 0.76114591875 0.8137954234375 0.7621196046875001 0.8037382046875001 0.756878540625 0.788350096875 0.7506637921875 0.78301920625 0.7420528953125001 0.7792637625000001 0.7353513015625001 0.778961484375 0.7281628671875 0.78368781875 0.7228837343750001 0.7918673140625 0.7206117984375 0.8153341624999999 0.72235881875 0.82046353125 0.7327167359375 0.8293483453125001 0.73925605 0.831326828125 0.7461199234375 0.8299529015625 0.7533083578124999 0.8252265703124999
1 0.6660153671875 0.7303789328125 0.668736075 0.7254510828125 0.6657288765625 0.7101637328125 0.6577671031250001 0.699703475 0.6451753234375001 0.690717903125 0.6408698765625 0.688840178125 0.6297005546875 0.6883363828125 0.6273044078125001 0.6899118265624999 0.6247459828124999 0.693163475 0.623447734375 0.7065731015625001 0.6291756421875 0.7169326 0.6414428609375 0.7292705796875001 0.6500537546875 0.7330260234375 0.6612230765625 0.7335298203125 0.6660153671875 0.7303789328125
1 0.7455269359375001 0.60433405625 0.7487344874999999 0.594377596875 0.7425197390625 0.58904670625 0.7339088406250001 0.5852912625 0.718271790625 0.584585946875 0.7045440453125 0.587333796875 0.699914034375 0.5888084828125 0.6831410171875001 0.5998365890625 0.680420309375 0.604764440625 0.686472778125 0.61177153125 0.6995514 0.6157284953125 0.7289162 0.6136859609374999 0.73817621875 0.6107365921875 0.7455269359375001 0.60433405625
1 0.5809081703125 0.5666054390624999 0.5746934203125 0.56127455 0.561290234375 0.56066999375 0.5491472265625 0.5702234171875 0.5437058125 0.58007911875 0.5420830015625 0.5968411515625001 0.5502070531250001 0.6056252078125001 0.556746365625 0.6076036890625 0.5680779671875 0.6064312828125 0.57782483125 0.598453303125 0.5834285265625 0.5869213984375 0.5844022125 0.576864178125 0.5809081703125 0.5666054390624999
1 0.58572853125 0.44729272187499997 0.597060134375 0.44612031406249997 0.6131840265624999 0.441797021875 0.6181385984375 0.436969928125 0.621183865625 0.42868967343750003 0.6192745656249999 0.42523650625 0.61082595 0.41980485781250004 0.6042866390625 0.4178263765625 0.5819479953125 0.4168187828125 0.568220246875 0.4195666328125 0.556239521875 0.42744385156250003 0.5536810937500001 0.4306955 0.5551035546875001 0.43917727656250005 0.5592467203125 0.44273120156249995 0.567857615625 0.44648664687500006 0.58572853125 0.44729272187499997
1 0.4558879078125 0.5138277 0.45669931249999995 0.50544668125 0.45080912343749996 0.4967633875 0.44426981249999997 0.49478490468749997 0.43533435468750004 0.49438186718750005 0.40978816250000005 0.5033307328125 0.4049958703125 0.506481621875 0.39987901875 0.5129849171875 0.39699603125 0.5195889703125001 0.39858076875 0.52639454375 0.4071916671875 0.5301499875 0.4252248609375 0.5292798609375 0.4461410453125 0.521805678125 0.4558879078125 0.5138277
1 0.557633909375 0.552087459375 0.5601923375 0.5488358109375 0.5611660234375 0.538778590625 0.5592567203125001 0.5353254265625 0.5528796890625001 0.531670740625 0.5441065125 0.5295914984375 0.5284694640625001 0.5288861828125 0.51250785 0.5315332734375 0.497968696875 0.5426621421875 0.49731957187500003 0.5493669546875 0.499228875 0.552820121875 0.5143790828125 0.5585540453125 0.5322499984375 0.559360121875 0.5506077546875 0.5551375875 0.557633909375 0.552087459375
1 0.41853326874999996 0.6215718046875 0.41422782187499996 0.6196940828125 0.40082463593749995 0.6190895265624999 0.3910777734375 0.6270675046874999 0.38563635937499996 0.63692320625 0.3833644234375 0.660390053125 0.385273725 0.6638432187500001 0.389579171875 0.6657209421875 0.40521622500000004 0.6664262578125 0.41224237812500003 0.6633761296875 0.4197553765625 0.655297390625 0.42617047656249996 0.63538446875 0.41853326874999996 0.6215718046875
1 0.5821402796874999 0.6929252484374999 0.5644316453125 0.6904429703125 0.5551716265625 0.6933923390625 0.5433531796875 0.6995933562500001 0.533119475 0.71259994375 0.5323080703125 0.7209809609375 0.5383605375 0.7279880515625 0.5562314546875 0.7287941265625 0.5795437828125001 0.719744503125 0.58705678125 0.7116657640625 0.5899397703125 0.705061709375 0.5883550296875 0.6982561375 0.5821402796874999 0.6929252484374999
1 0.5184761109375 0.887025853125 0.5149820703125 0.8767671140625 0.511001184375 0.8715369859375001 0.5089296 0.8697600234375 0.497760278125 0.8692562265625 0.4881756984375 0.8755580015625 0.4777797125 0.8902407953125 0.47631918281249996 0.905326625 0.47997550625 0.9139091625000001 0.48619025625 0.91924005 0.4995934421875 0.9198446046875001 0.506781878125 0.915118275 0.5171778640625 0.9004354812500001 0.5184761109375 0.887025853125
1 0.7462347375 0.620081671875 0.7497513687499999 0.5837583421875 0.6819982625 0.580702309375 0.6784816328125001 0.6170256375000001 0.7462347375 0.620081671875
1 0.7598389734375 0.8350582953125001 0.7653029765625 0.7786205265625 0.7221223796875 0.776672846875 0.7166583765625 0.833110615625 0.7598389734375 0.8350582953125001
1 0.6677191953125 0.7360703359375 0.6723717921875 0.6880135828125 0.6217300859375 0.6857293671875 0.6170774890625 0.7337861203125 0.6677191953125 0.7360703359375
1 0.5819593015625 0.609860471875 0.5866118984375001 0.5618037203124999 0.5434313000000001 0.5598560406249999 0.538778703125 0.6079127921875 0.5819593015625 0.609860471875
1 0.5611703359375 0.5617925453125 0.564253675 0.529944684375 0.4987344359375 0.5269894093749999 0.4956510953125 0.558837271875 0.5611703359375 0.5617925453125
1 0.618954315625 0.45160286875000005 0.6221999359375 0.4180788 0.55444683125 0.41502276718750003 0.5512012109375 0.4485468359375 0.618954315625 0.45160286875000005
1 0.4569771078125 0.533515125 0.46081830156250003 0.4938393890625 0.3990072734375 0.491051378125 0.39516608125 0.5307271109375 0.4569771078125 0.533515125
1 0.42285932343750005 0.6694695609375 0.42778130625 0.6186303125 0.384600709375 0.6166826328125 0.3796787265625 0.66752188125 0.42285932343750005 0.6694695609375
1 0.51788895 0.9240284609374999 0.5232977765625 0.868160603125 0.4793576640625 0.8661786656249999 0.47394883906249996 0.9220465234375 0.51788895 0.9240284609374999
0 0.6808477984375 0.77033296875 0.683660128125 0.7412843640625 0.646421609375 0.73960470625 0.6436092796875 0.768653309375 0.6808477984375 0.77033296875
0 0.46634634999999997 0.629898546875 0.4686718359375 0.6058785515625 0.4306961421875 0.604165640625 0.4283706546875 0.6281856375 0.46634634999999997 0.629898546875
0 0.47326020468749996 0.658830290625 0.475910253125 0.631457890625 0.43793455937500003 0.62974498125 0.4352845109375 0.65711738125 0.47326020468749996 0.658830290625
0 0.4291804 0.611942490625 0.4318304484375 0.584570090625 0.3983224828125 0.5830587 0.395672434375 0.6104311 0.4291804 0.611942490625
0 0.40498551406249994 0.5064727375 0.40747328125 0.48077653906249995 0.373228140625 0.479231896875 0.37074037187500003 0.5049280953124999 0.40498551406249994 0.5064727375
2 0.6578338734375 0.853471071875 0.660214534375 0.8288811687500001 0.6274437453124999 0.8274030281250001 0.6250630828125 0.8519929312500001 0.6578338734375 0.853471071875
2 0.5878114171875 0.642111375 0.5906237484375 0.61306276875 0.556378609375 0.611518128125 0.553566278125 0.6405667328125 0.5878114171875 0.642111375
2 0.5726671859375 0.66725353125 0.5752101296875 0.6409874249999999 0.5394683 0.6393752734375 0.53692535625 0.6656413796875 0.5726671859375 0.66725353125
2 0.5577637390625 0.6974402828125 0.5606312453125 0.6678217703125 0.524889415625 0.6662096203125001 0.5220219109374999 0.69582813125 0.5577637390625 0.6974402828125
2 0.5169063609375 0.80277889375 0.5196651375 0.7742834375000001 0.4824266203125 0.7726037765625 0.47966784375 0.8010992328125001 0.5169063609375 0.80277889375
2 0.48482332968749997 0.8176030265625001 0.4875285546875 0.7896607140625 0.45029003437500004 0.78798105625 0.447584809375 0.815923365625 0.48482332968749997 0.8176030265625001
2 0.4280970609375 0.8627554078124999 0.430802284375 0.8348130984375001 0.39506045625 0.833200946875 0.39235523125 0.8611432578124999 0.4280970609375 0.8627554078124999
2 0.553332846875 0.5193425359375 0.555875790625 0.49307643125 0.522367825 0.49156503906250004 0.51982488125 0.5178311453125 0.553332846875 0.5193425359375
2 0.499248740625 0.54496738125 0.5019539671875 0.5170250703125 0.46844600156249994 0.515513678125 0.465740778125 0.5434559906249999 0.499248740625 0.54496738125
2 0.4640246828125 0.5764766484375 0.46667473125000003 0.5491042484374999 0.43316676718749997 0.5475928578125 0.43051671718750006 0.5749652578125 0.4640246828125 0.5764766484375
0 0.6811275046875 0.7596804671874999 0.681938909375 0.7512994484375 0.6738148578125001 0.74251539375 0.6695094109374999 0.740637671875 0.6561062234375 0.7400331140625 0.651476215625 0.7415078 0.64652164375 0.746334890625 0.645385675 0.758068315625 0.65143814375 0.76507540625 0.6557435921875 0.7669531296875001 0.6669129140625001 0.7674569265625 0.6737767875 0.766083 0.678569078125 0.7629321124999999 0.6811275046875 0.7596804671874999
0 0.44213209062500003 0.6327373781250001 0.4370152375 0.6392406734375 0.4362038328125 0.6476216906250001 0.44018471875 0.65285181875 0.4487956140625 0.6566072625 0.4577310703125 0.6570103015625001 0.4695495171875 0.650809284375 0.4721079421875 0.6475576375000001 0.473081628125 0.6375004171875001 0.4647952953125 0.630392565625 0.45602211875 0.6283133249999999 0.44213209062500003 0.6327373781250001
0 0.4428192859375 0.6024649578125 0.433559265625 0.6054143265625 0.42860469375 0.61024141875 0.4277932875 0.6186224359375 0.429702590625 0.6220756015625 0.435917340625 0.627406490625 0.4537882546875 0.6282125656249999 0.46337283593749995 0.621910790625 0.46434652187500003 0.6118535703125 0.4603656375 0.6066234406250001 0.4517547421875 0.6028679968749999 0.4428192859375 0.6024649578125
0 0.40646639999999995 0.583990015625 0.39688181875 0.5902917890625 0.3959081328125 0.600349009375 0.3978174359375 0.6038021765625 0.40626605 0.609233825 0.41966923593749994 0.60983838125 0.424299246875 0.6083636968749999 0.43148768281249994 0.603637365625 0.4343706703125 0.5970333109375 0.4286427640625 0.5866738125000001 0.424337315625 0.5847960890625 0.40646639999999995 0.583990015625
0 0.3712014140625 0.4847550296875 0.3683184265625 0.4913590859375 0.37213703124999997 0.49826541718749995 0.376280196875 0.50181934375 0.38058564375000004 0.503697065625 0.39622269375 0.50440238125 0.405807275 0.49810060468749995 0.4066186796875 0.4897195890625 0.404709378125 0.486266421875 0.396260765625 0.48083477343750003 0.383019859375 0.4785540140625 0.3712014140625 0.4847550296875
2 0.658350090625 0.8327280984375 0.65006375625 0.825620246875 0.63442670625 0.8249149296875 0.6274005500000001 0.8279650593750001 0.6250044046875 0.8295405046875001 0.623543875 0.8446263343749999 0.625453178125 0.8480795000000001 0.6340640734375 0.8518349437499999 0.6474672609375001 0.8524395 0.65209726875 0.8509648171875 0.6594479859375 0.84456228125 0.6602593921875 0.8361812640625 0.658350090625 0.8327280984375
2 0.565357259375 0.6113591328125 0.553538815625 0.6175601484375 0.551753725 0.6359983859375 0.5648323484375 0.6399553499999999 0.5760016703125 0.6404591468749999 0.5854239703124999 0.635833575 0.588144678125 0.6309057234375001 0.5887938015625 0.6242009109375 0.5870467796875001 0.619071540625 0.58083203125 0.613740653125 0.57652658125 0.6118629296875 0.565357259375 0.6113591328125
2 0.5670662125 0.640056109375 0.5605269015625 0.6380776265625 0.5493575796875 0.63757383125 0.539772996875 0.6438756046874999 0.5370522890625 0.64880345625 0.536240884375 0.6571844734375001 0.5445272171875 0.6642923234375 0.5533003937500001 0.666371565625 0.564794278125 0.66352295625 0.56958656875 0.6603720703125 0.5721449953125 0.657120421875 0.5734432421875 0.6437107953125001 0.5670662125 0.640056109375
2 0.5552096953125 0.6698247328125 0.5509042484375 0.667947009375 0.533033334375 0.667140934375 0.52824104375 0.670291821875 0.523124190625 0.6767951171875 0.522475065625 0.6834999296875 0.5262936703125 0.6904062625 0.53937229375 0.694363225 0.5484700328125001 0.6930900609374999 0.55565846875 0.688363728125 0.5582168953125 0.68511208125 0.5590283 0.6767310640625 0.5552096953125 0.6698247328125
2 0.48913938437500004 0.7729065609375 0.48434709375 0.7760574484375 0.479230240625 0.7825607421874999 0.47858111562500005 0.7892655562499999 0.4865428875 0.7997258125 0.5021799375 0.8004311296875001 0.5139983828125 0.7942301125 0.5172059328125 0.784273653125 0.513387328125 0.7773673203125 0.507010296875 0.773712634375 0.498237121875 0.77163339375 0.48913938437500004 0.7729065609375
2 0.47634725156249996 0.789164796875 0.4720418046875 0.7872870734374999 0.45847633749999994 0.7883587203125 0.4511256203125 0.7947612562499999 0.44791806875000006 0.8047177171875 0.449827371875 0.8081708828125 0.4603475671875 0.8153794937500001 0.4692830265625 0.8157825328125 0.47854304531249997 0.8128331624999999 0.48589376250000005 0.8064306265625 0.4865428875 0.7997258125 0.48463358437500004 0.7962726484375 0.47634725156249996 0.789164796875
2 0.4070213171875 0.8331764671874999 0.39776129843749997 0.8361258359375 0.3950405890625 0.8410536859375 0.393904621875 0.8527871109375 0.39995709218750003 0.859794203125 0.41782800625 0.860600278125 0.4272503078125 0.8559747046874999 0.43045785781249996 0.84601824375 0.4287108359375 0.8408888749999999 0.4224960859375 0.8355579859375 0.4181906390625 0.8336802656250001 0.4070213171875 0.8331764671874999
2 0.5518198625 0.49626895 0.54320896875 0.4925135046875 0.534273509375 0.49211046875 0.5274096359375 0.4934843921875 0.52005891875 0.49988692968750004 0.5189229515625 0.5116203515625 0.5208322546875 0.51507351875 0.525137703125 0.516951240625 0.543008615625 0.5177573171875001 0.5476386265625 0.51628263125 0.5549893421875 0.5098800953125 0.5558007484374999 0.50149908125 0.5518198625 0.49626895
2 0.501987653125 0.5243246640625 0.50007835 0.520871496875 0.49577290312500005 0.518993775 0.48923359062499994 0.51701529375 0.47583040624999995 0.5164107359375001 0.4712003953125 0.517885421875 0.46624582343750004 0.5227125125 0.46494757656249996 0.5361221390625001 0.4690907421875 0.5396760656249999 0.47770163749999994 0.5434315093750001 0.48663709375 0.543834546875 0.49126710625000003 0.5423598625 0.5008516859375 0.5360580875000001 0.501987653125 0.5243246640625
2 0.443706828125 0.5469487281250001 0.436680675 0.5499988578125 0.4290053953125 0.5597537984375001 0.43042785468750006 0.568235575 0.44111033125 0.5737679828125 0.4522796546875 0.5742717796875 0.4639358203125 0.569746965625 0.46649424531249994 0.56649531875 0.46746793281250004 0.5564380984375 0.463487046875 0.5512079703125 0.45487615000000003 0.5474525265625 0.443706828125 0.5469487281250001