1 0.4703125 0.28958333281250004 0.4765625 0.2854166671875 0.4875 0.2708333328125 0.490625 0.2625 0.490625 0.2541666671875 0.4828125 0.24583333281250003 0.4734375 0.24583333281250003 0.4609375 0.2541666671875 0.453125 0.2645833328125 0.45 0.2708333328125 0.45 0.2854166671875 0.4546875 0.28958333281250004 0.4703125 0.28958333281250004
1 0.5171875 0.3229166671875 0.5234375 0.3270833328125 0.53125 0.3270833328125 0.534375 0.3229166671875 0.5359375 0.3166666671875 0.5359375 0.2875 0.5328125 0.2770833328125 0.528125 0.26875 0.525 0.2666666671875 0.5171875 0.2666666671875 0.5109375 0.2791666671875 0.509375 0.2875 0.5109375 0.3083333328125 0.5125 0.3145833328125 0.5171875 0.3229166671875
1 0.425 0.39375 0.43125 0.3958333328125 0.440625 0.3958333328125 0.4484375 0.3916666671875 0.45 0.3875 0.45 0.375 0.4484375 0.3708333328125 0.4359375 0.3604166671875 0.43125 0.3583333328125 0.4140625 0.3583333328125 0.4078125 0.3625 0.40625 0.36875 0.4078125 0.3770833328125 0.415625 0.3875 0.425 0.39375
1 0.4765625 0.425 0.4859375 0.4270833328125 0.4890625 0.425 0.4953125 0.4145833328125 0.496875 0.40625 0.496875 0.3854166671875 0.4953125 0.3770833328125 0.490625 0.36875 0.4796875 0.36875 0.4765625 0.3708333328125 0.471875 0.38333333281250004 0.4703125 0.3895833328125 0.4703125 0.4125 0.4734375 0.42083333281249996 0.4765625 0.425
1 0.5125 0.4 0.521875 0.40416666718750005 0.5328125 0.40416666718750005 0.534375 0.40208333281249997 0.5375 0.39375 0.5375 0.3854166671875 0.534375 0.3770833328125 0.525 0.36666666718749996 0.515625 0.3604166671875 0.503125 0.3604166671875 0.4984375 0.36666666718749996 0.496875 0.3729166671875 0.5 0.38333333281250004 0.50625 0.39375 0.5125 0.4
1 0.5515625 0.44375 0.559375 0.45625 0.5671875 0.4604166671875 0.571875 0.4583333328125 0.575 0.45416666718750004 0.5765625 0.4375 0.575 0.425 0.56875 0.40833333281249995 0.559375 0.4 0.553125 0.40208333281249997 0.55 0.40625 0.546875 0.4145833328125 0.546875 0.425 0.5484375 0.43541666718750005 0.5515625 0.44375
1 0.4109375 0.46458333281249997 0.421875 0.46458333281249997 0.4265625 0.4583333328125 0.4296875 0.44375 0.4296875 0.425 0.4265625 0.4125 0.421875 0.40625 0.4109375 0.40625 0.403125 0.41875 0.4015625 0.4291666671875 0.4015625 0.44166666718750003 0.4046875 0.45625 0.4109375 0.46458333281249997
1 0.496875 0.6395833328125 0.5015625 0.6416666671875 0.509375 0.6416666671875 0.5140625 0.63125 0.5140625 0.6270833328125 0.5125 0.61875 0.5078125 0.60625 0.496875 0.59375 0.4921875 0.5916666671875 0.4859375 0.5916666671875 0.48125 0.59375 0.478125 0.5979166671875 0.478125 0.6145833328125 0.4859375 0.6291666671875 0.496875 0.6395833328125
1 0.5859375 0.6333333328124999 0.6015625 0.6333333328124999 0.6078125 0.63125 0.615625 0.625 0.621875 0.6166666671875001 0.6234375 0.6125 0.6234375 0.6083333328125 0.6203125 0.6 0.6171875 0.5979166671875 0.60625 0.5958333328125 0.5875 0.6041666671875 0.5796875 0.6145833328125 0.5796875 0.625 0.58125 0.6291666671875 0.5859375 0.6333333328124999
1 0.6203125 0.31875 0.628125 0.31875 0.634375 0.3145833328125 0.65 0.29375 0.6515625 0.2875 0.6515625 0.27291666718749996 0.6453125 0.2666666671875 0.6359375 0.26875 0.6296875 0.27291666718749996 0.6203125 0.2875 0.6140625 0.30416666718749996 0.6140625 0.3083333328125 0.615625 0.3145833328125 0.6203125 0.31875
0 0.43385937500000005 0.2558645828125 0.408359375 0.2558645828125 0.408359375 0.29046875 0.43385937500000005 0.29046875 0.43385937500000005 0.2558645828125
0 0.691109375 0.397375 0.666546875 0.397375 0.666546875 0.43137499999999995 0.691109375 0.43137499999999995 0.691109375 0.397375
0 0.68415625 0.25895833281249997 0.65634375 0.25895833281249997 0.65634375 0.288625 0.68415625 0.288625 0.68415625 0.25895833281249997
0 0.7249375 0.38440625 0.7031562499999999 0.38440625 0.7031562499999999 0.41221874999999997 0.7249375 0.41221874999999997 0.7249375 0.38440625
0 0.840828125 0.6124583328125001 0.813015625 0.6124583328125001 0.813015625 0.6458333328125 0.840828125 0.6458333328125 0.840828125 0.6124583328125001
2 0.6294609375 0.24164583281250002 0.6007265625 0.24164583281250002 0.6007265625 0.27131249999999996 0.6294609375 0.27131249999999996 0.6294609375 0.24164583281250002
2 0.7898359375 0.27131249999999996 0.7638828125 0.27131249999999996 0.7638828125 0.3077708328125 0.7898359375 0.3077708328125 0.7898359375 0.27131249999999996
2 0.8867109375 0.24103124999999997 0.8598203124999999 0.24103124999999997 0.8598203124999999 0.2719270828125 0.8867109375 0.2719270828125 0.8867109375 0.24103124999999997
2 0.8681640625 0.3263229171875 0.8422109375 0.3263229171875 0.8422109375 0.35784375 0.8681640625 0.35784375 0.8681640625 0.3263229171875
2 0.8093046875000001 0.3701979171875 0.7824140625 0.3701979171875 0.7824140625 0.4060520828125 0.8093046875000001 0.4060520828125 0.8093046875000001 0.3701979171875
2 0.6790468749999999 0.30159375 0.651234375 0.30159375 0.651234375 0.3331145828125 0.6790468749999999 0.3331145828125 0.6790468749999999 0.30159375
2 0.6595859374999999 0.39615625 0.6354765625 0.39615625 0.6354765625 0.42830208281250004 0.6595859374999999 0.42830208281250004 0.6595859374999999 0.39615625
2 0.4718671875 0.4301458328125 0.45053906250000003 0.4301458328125 0.45053906250000003 0.4628958328125 0.4718671875 0.4628958328125 0.4718671875 0.4301458328125
2 0.7068671875 0.57909375 0.6827578125 0.57909375 0.6827578125 0.6106145828125 0.7068671875 0.6106145828125 0.7068671875 0.57909375
2 0.7736171875 0.6093645828125 0.7476640625 0.6093645828125 0.7476640625 0.6402604171874999 0.7736171875 0.6402604171874999 0.7736171875 0.6093645828125
1 0.4927265625 0.24226041718750002 0.4496171875 0.24226041718750002 0.4496171875 0.2879895828125 0.4927265625 0.2879895828125 0.4927265625 0.24226041718750002
1 0.536296875 0.265125 0.508015625 0.265125 0.508015625 0.3287916671875 0.536296875 0.3287916671875 0.536296875 0.265125
1 0.6517109375000001 0.26575000000000004 0.6146328125 0.26575000000000004 0.6146328125 0.3182916671875 0.6517109375000001 0.3182916671875 0.6517109375000001 0.26575000000000004
1 0.538609375 0.3584583328125 0.496890625 0.3584583328125 0.496890625 0.40729166718750004 0.538609375 0.40729166718750004 0.538609375 0.3584583328125
1 0.49828124999999995 0.3671041671875 0.47046875000000005 0.3671041671875 0.47046875000000005 0.4270625 0.49828124999999995 0.4270625 0.49828124999999995 0.3671041671875
1 0.45053906250000003 0.35475 0.4041796875 0.35475 0.4041796875 0.39616666718750004 0.45053906250000003 0.39616666718750004 0.45053906250000003 0.35475
1 0.4296875 0.40480208281249996 0.401875 0.40480208281249996 0.401875 0.4659895828125 0.4296875 0.4659895828125 0.4296875 0.40480208281249996
1 0.5784687500000001 0.3998645828125 0.5455625000000001 0.3998645828125 0.5455625000000001 0.45796875000000004 0.5784687500000001 0.45796875000000004 0.5784687500000001 0.3998645828125
1 0.6234296875 0.59578125 0.5807890625 0.59578125 0.5807890625 0.63471875 0.6234296875 0.63471875 0.6234296875 0.59578125
1 0.515890625 0.5895937499999999 0.477421875 0.5895937499999999 0.477421875 0.6427395828125 0.515890625 0.6427395828125 0.515890625 0.5895937499999999
2 0.60625 0.27291666718749996 0.6109375 0.275 0.61875 0.275 0.621875 0.27291666718749996 0.6265625 0.2604166671875 0.6265625 0.2541666671875 0.6234375 0.24375 0.6203125 0.23958333281250002 0.609375 0.23958333281250002 0.603125 0.24583333281250003 0.6015625 0.2520833328125 0.6015625 0.2625 0.603125 0.26875 0.60625 0.27291666718749996
2 0.6609375 0.3333333328125 0.66875 0.3333333328125 0.6765625 0.325 0.678125 0.32083333281250004 0.678125 0.3083333328125 0.6734375 0.3 0.66875 0.2979166671875 0.659375 0.3 0.653125 0.3083333328125 0.653125 0.3229166671875 0.6578125 0.33125 0.6609375 0.3333333328125
2 0.771875 0.3083333328125 0.78125 0.3083333328125 0.784375 0.30625 0.790625 0.29375 0.790625 0.2854166671875 0.7875 0.2770833328125 0.7828125 0.27291666718749996 0.7765625 0.2708333328125 0.76875 0.275 0.765625 0.2791666671875 0.7625 0.2875 0.7625 0.2958333328125 0.765625 0.3020833328125 0.771875 0.3083333328125
2 0.86875 0.275 0.878125 0.275 0.8859375 0.2645833328125 0.8875 0.25833333281250004 0.8859375 0.2479166671875 0.8828125 0.2416666671875 0.878125 0.2375 0.8703125 0.2375 0.8640625 0.24375 0.8609375 0.2520833328125 0.8609375 0.2604166671875 0.8640625 0.2708333328125 0.86875 0.275
2 0.859375 0.3604166671875 0.865625 0.3541666671875 0.86875 0.3416666671875 0.8671875 0.3333333328125 0.8625 0.3270833328125 0.859375 0.325 0.853125 0.325 0.846875 0.3291666671875 0.84375 0.33541666718749996 0.8421875 0.3458333328125 0.8453125 0.3583333328125 0.8484375 0.3604166671875 0.859375 0.3604166671875
2 0.7890625 0.40625 0.7984375 0.40833333281249995 0.80625 0.40208333281249997 0.8078125 0.39791666718749996 0.8078125 0.38333333281250004 0.803125 0.375 0.7984375 0.3729166671875 0.7921875 0.3729166671875 0.7875 0.375 0.7828125 0.38125 0.78125 0.3854166671875 0.78125 0.39375 0.7828125 0.39791666718749996 0.7890625 0.40625
2 0.6890625 0.6125 0.7015625 0.6125 0.7046875 0.6083333328125 0.70625 0.6041666671875 0.70625 0.59375 0.703125 0.5833333328125 0.696875 0.5791666671875 0.6890625 0.5791666671875 0.6828125 0.5854166671875001 0.68125 0.5895833328125 0.68125 0.6041666671875 0.684375 0.6104166671875 0.6890625 0.6125
2 0.75625 0.64375 0.765625 0.64375 0.76875 0.6416666671875 0.7734375 0.6291666671875 0.7734375 0.6208333328125 0.7703125 0.6125 0.765625 0.6083333328125 0.7546875 0.6083333328125 0.75 0.6125 0.746875 0.6208333328125 0.746875 0.6291666671875 0.7515625 0.6395833328125 0.75625 0.64375
2 0.64375 0.43125 0.6546875 0.43125 0.6578125 0.4291666671875 0.6609375 0.42291666718750004 0.6609375 0.40833333281249995 0.6578125 0.4 0.6546875 0.39791666718749996 0.64375 0.39791666718749996 0.6390625 0.4 0.6359375 0.40416666718750005 0.634375 0.41041666718750003 0.634375 0.42083333281249996 0.6375 0.4270833328125 0.64375 0.43125
2 0.45625 0.4625 0.4671875 0.4625 0.471875 0.45625 0.4734375 0.45 0.4734375 0.44166666718750003 0.471875 0.43541666718750005 0.46875 0.43125 0.4640625 0.4291666671875 0.4578125 0.4291666671875 0.453125 0.43125 0.45 0.43541666718750005 0.4484375 0.43958333281249995 0.4484375 0.45416666718750004 0.45 0.4583333328125 0.45625 0.4625
0 0.4171875 0.28958333281250004 0.4265625 0.28958333281250004 0.43125 0.2854166671875 0.4328125 0.28125 0.4328125 0.26875 0.4296875 0.2604166671875 0.425 0.25625 0.415625 0.25625 0.409375 0.2625 0.4078125 0.27291666718749996 0.409375 0.28125 0.4140625 0.2875 0.4171875 0.28958333281250004
0 0.675 0.43125 0.6828125 0.43125 0.690625 0.42291666718750004 0.6921875 0.41875 0.6921875 0.4125 0.690625 0.40625 0.6859375 0.4 0.6765625 0.39791666718749996 0.671875 0.4 0.66875 0.40416666718750005 0.665625 0.41041666718750003 0.665625 0.42291666718750004 0.6703125 0.4291666671875 0.675 0.43125
0 0.71875 0.4145833328125 0.7234375 0.41041666718750003 0.725 0.40625 0.725 0.4 0.7203125 0.3916666671875 0.7078125 0.3854166671875 0.703125 0.3895833328125 0.7015625 0.4 0.70625 0.40833333281249995 0.715625 0.4145833328125 0.71875 0.4145833328125
0 0.821875 0.65 0.8296875 0.65 0.8375 0.6395833328125 0.8390625 0.6333333328124999 0.8375 0.6229166671875 0.83125 0.6145833328125 0.8265625 0.6125 0.821875 0.6125 0.8140625 0.61875 0.8125 0.625 0.8125 0.6375 0.8140625 0.6416666671875 0.821875 0.65
0 0.675 0.28958333281250004 0.68125 0.28125 0.6828125 0.2708333328125 0.6796875 0.2604166671875 0.675 0.2541666671875 0.6671875 0.2541666671875 0.6609375 0.25833333281250004 0.6578125 0.2645833328125 0.65625 0.2708333328125 0.65625 0.2791666671875 0.6625 0.28958333281250004 0.675 0.28958333281250004