1 0.55918458125 0.219542915625 0.5563619203125 0.21320652812500002 0.54897180625 0.2027582421875 0.536614090625 0.1946692765625 0.52694565 0.1950737703125 0.5183550828125 0.20403914374999998 0.5178215484375001 0.21266743593749998 0.520510825 0.2211608953125 0.5308569859375 0.235788496875 0.5370358421875 0.2398329796875 0.55314990625 0.2391588203125 0.5582508953125 0.234642428125 0.55918458125 0.219542915625
1 0.49192726249999996 0.26753808437500004 0.49393881874999995 0.26099945 0.4968840640625 0.23936130156250002 0.4958061921875 0.23080042656250002 0.49016087031250005 0.2181276515625 0.48210383749999997 0.21846473125000002 0.47874763906249995 0.22075663437499998 0.47337988593749997 0.22958717499999998 0.46949015312500003 0.24050737187500001 0.4676227796875 0.2707063953125 0.46883403437500004 0.2771101984375 0.4717900796875 0.2812895125 0.4798471125 0.280952434375 0.48655950625 0.27636862500000003 0.49192726249999996 0.26753808437500004
1 0.58716603125 0.3388558609375 0.59588998125 0.32773341562499997 0.5980349234375 0.3190377078125 0.59682366875 0.3126339046875 0.5906448109375 0.30858942031250003 0.5729193390625 0.30933099531249997 0.5679517359374999 0.311690315625 0.5543935656250001 0.3230150078125 0.5525153921875 0.3273965703125 0.5517150890625 0.34033900781250004 0.553059728125 0.3445857390625 0.5608499921875 0.3485628046875 0.57051843125 0.3481583109375 0.5770974421874999 0.3457315734375 0.58716603125 0.3388558609375
1 0.5254098515625001 0.3758634140625 0.5291661984375 0.367100290625 0.5306334203125 0.3433724875 0.5294221640625 0.336968684375 0.52538825 0.3242284921875 0.5222988187500001 0.322206253125 0.5110189734375 0.3226781640625 0.5056512203125 0.3315087015625 0.5035062781249999 0.3402044109375 0.502172440625 0.3617751421875 0.503250309375 0.3703360171875 0.5090290171875 0.38085172031250003 0.5121184453125001 0.3828739609375 0.5219202703125 0.38031239375000003 0.5254098515625001 0.3758634140625
1 0.49330430312500007 0.3492371984375 0.5004168484375 0.33818216875 0.5043065796875 0.327261971875 0.503095325 0.32085816875 0.49866125625 0.314589196875 0.48577000468750003 0.3151285234375 0.47570141406250005 0.32200423906250003 0.46536605625 0.3331941 0.4616097078125 0.3419572234375 0.461076171875 0.350585515625 0.4637654515625 0.3590789765625 0.46524347343750005 0.3611686328125 0.4765233203125 0.360696721875 0.48645852500000003 0.35597808125 0.49330430312500007 0.3492371984375
1 0.4471286515625 0.3941988890625 0.44940697656250006 0.38334610625 0.45007389687500005 0.372560740625 0.44738461875 0.36406728125 0.44442857187499996 0.359887965625 0.43811632968750003 0.3580005578125 0.4279143578125 0.36703334375 0.42040165937499996 0.3845595921875 0.41798995000000005 0.397569446875 0.4185342859375 0.414758615625 0.4214903328125 0.4189379296875 0.42619116718749994 0.42089275625000006 0.43451496875 0.41624152968750006 0.44337230156249996 0.4029620125 0.4471286515625 0.3941988890625
1 0.5990010140625001 0.3813905796875 0.5980565265625 0.3706726296875 0.5907997968750001 0.35806727031249996 0.5795199515625 0.35853918125 0.5742855812500001 0.365212646875 0.5702624640625 0.37828991875 0.569062009375 0.39770357500000003 0.5713511375 0.41266825625000003 0.5757852046874999 0.418937228125 0.58706505 0.41846531562499995 0.5940442125 0.4095673609375 0.5982007125 0.3943330171875 0.5990010140625001 0.3813905796875
1 0.49918021875 0.5921100515625 0.5081709375 0.576673459375 0.5092380078125001 0.5594168749999999 0.5062819625 0.5552375609375 0.5015811265625 0.553282734375 0.4951355015625 0.553552396875 0.49016789687499995 0.55591171875 0.4780877484375 0.5693260687499999 0.4724532265625 0.5824707546875 0.470308284375 0.5911664625 0.4700415171875 0.595480609375 0.4742088171875 0.6060637265625 0.4822658515625 0.6057266484375 0.4872334546875 0.6033673281249999 0.49918021875 0.5921100515625
1 0.40088442031250004 0.59622241875 0.40276259375 0.5918408562499999 0.4034295140625 0.5810554906250001 0.3960394 0.5706072046874999 0.37723605781249997 0.5627879015625 0.365822828125 0.565416884375 0.3624666328125 0.567708790625 0.3587102828125 0.5764719140625 0.358443515625 0.5807860609375 0.35978815625 0.585032790625 0.365700246875 0.5933914203125 0.373357128125 0.599525559375 0.37966936875 0.6014129703125 0.395783434375 0.6007388109375 0.40088442031250004 0.59622241875
1 0.387585990625 0.265448896875 0.3878527578125 0.26113474999999997 0.3824742015625 0.24414782812500002 0.37373945000000003 0.2294528125 0.367560590625 0.22540832968750002 0.3580255375 0.22365575 0.3511797578125 0.230396634375 0.350246071875 0.24549614531250002 0.3514573265625 0.2518999484375 0.36623755468749997 0.2727965203125 0.3724164109375 0.27684100312500004 0.3804734453125 0.276503925 0.38557443281250003 0.27198753125 0.387585990625 0.265448896875
0 0.6030869265625001 0.2022477140625 0.576788771875 0.203347940625 0.5745732671875 0.2391769234375 0.600871421875 0.23807669687500002 0.6030869265625001 0.2022477140625
0 0.3277580203125 0.3599066984375 0.30242671250000003 0.360966475 0.3002498890625 0.396169909375 0.325581196875 0.39511013125 0.3277580203125 0.3599066984375
0 0.3471425265625 0.2161505359375 0.318459490625 0.2173505375 0.3165601046875 0.2480672609375 0.3452431421875 0.24686725625 0.3471425265625 0.2161505359375
0 0.2908330828125 0.3480584703125 0.268370075 0.3489982484375 0.2665894015625 0.3777951734375 0.28905240781249997 0.376855396875 0.2908330828125 0.3480584703125
0 0.16293423437500001 0.588922484375 0.134251196875 0.5901224875 0.13211438749999999 0.6246787968749999 0.160797425 0.6234787953125001 0.16293423437500001 0.588922484375
2 0.405608959375 0.195825590625 0.3759751953125 0.1970653671875 0.37407580937499996 0.22778209062500002 0.40370957343749997 0.22654231249999998 0.405608959375 0.195825590625
2 0.23544650625000002 0.233581875 0.2086810453125 0.23470165468749998 0.206346828125 0.27245043125 0.233112290625 0.2713306546875 0.23544650625000002 0.233581875
2 0.13844488125 0.2063681515625 0.11071257500000001 0.207528378125 0.10873449375 0.23951777187499998 0.1364668 0.23835754374999998 0.13844488125 0.2063681515625
2 0.15114470156249998 0.293918946875 0.12437923749999999 0.2950387234375 0.122361140625 0.327675240625 0.1491266046875 0.3265554625 0.15114470156249998 0.293918946875
2 0.21000416562500002 0.3367669 0.1822718578125 0.337927128125 0.17997632187499998 0.37505035468750003 0.20770862812500002 0.373890128125 0.21000416562500002 0.3367669
2 0.3496821265625 0.2600745875 0.32099908906249996 0.2612745890625 0.3189809921875 0.2939111046875 0.3476640296875 0.292711103125 0.3496821265625 0.2600745875
2 0.35987886874999997 0.3573042453125 0.3350148671875 0.3583444734375 0.33295675625 0.3916281109375 0.3578207578125 0.3905878828125 0.35987886874999997 0.3573042453125
2 0.5484287875 0.38451755312499997 0.5264330875 0.38543777968750004 0.5243362953124999 0.41934696718750003 0.54633199375 0.418426740625 0.5484287875 0.38451755312499997
2 0.2994052765625 0.5487568390625001 0.274541275 0.5497970640625 0.27252317812500004 0.5824335796875 0.2973871796875 0.581393353125 0.2994052765625 0.5487568390625001
2 0.2305293859375 0.5828995640625 0.2037639234375 0.584019340625 0.2017858421875 0.616008734375 0.228551303125 0.6148889578125 0.2305293859375 0.5828995640625
1 0.5614087343749999 0.1899421421875 0.516950028125 0.1918021453125 0.5140222546875 0.2391498984375 0.5584809609375 0.2372898953125 0.5614087343749999 0.1899421421875
1 0.4997185296875 0.21613568593750002 0.470552071875 0.21735591250000003 0.4664758625 0.283276065625 0.49564232031250005 0.2820558390625 0.4997185296875 0.21613568593750002
1 0.389724190625 0.221382928125 0.3514855140625 0.22298270625 0.348121575 0.27738409062499997 0.3863602515625 0.2757843125 0.389724190625 0.221382928125
1 0.5052161500000001 0.3122925578125 0.4621915953125 0.3140925609375 0.4590650796875 0.36465435625 0.5020896328125 0.36285435312500003 0.5052161500000001 0.3122925578125
1 0.531911490625 0.320104409375 0.5032284546875 0.3213044125 0.49938966875 0.38338497656250003 0.5280727046875 0.3821849734375 0.531911490625 0.320104409375
1 0.6010663765625 0.30445285 0.553255946875 0.3064530765625 0.5506042765625 0.349335690625 0.5984147078125 0.34733546406250004 0.6010663765625 0.30445285
1 0.60023865625 0.3561770921875 0.5715556203125 0.3573770953125 0.5676381375 0.42073033125 0.5963211734375 0.41953032968750004 0.60023865625 0.3561770921875
1 0.4523698328125 0.35726439062500004 0.4184336125 0.35868416875000003 0.4147135390625 0.41884493593750005 0.448649759375 0.4174251578125 0.4523698328125 0.35726439062500004
1 0.4034972609375 0.5616354328125001 0.3595219796875 0.5634752109375001 0.3570290359375 0.603790909375 0.40100431875 0.60195113125 0.4034972609375 0.5616354328125001
1 0.510496009375 0.55076903125 0.47082318125 0.552428809375 0.4674205609375 0.6074557453125 0.5070933890625 0.6057959671875001 0.510496009375 0.55076903125
2 0.40341168437499997 0.2174539609375 0.40407860468749995 0.20666859531249998 0.40286735 0.20026479218749998 0.39682187343750003 0.1940632359375 0.3855420296875 0.194535146875 0.38205244843749997 0.1989841265625 0.378162715625 0.209904321875 0.37776256406250003 0.2163755421875 0.38179648125 0.22911573281250003 0.38488591250000004 0.2311379734375 0.39294294375 0.23080089531249998 0.3979105453125 0.228441575 0.40140012656249996 0.223992596875 0.40341168437499997 0.2174539609375
2 0.34138873593749997 0.2587756625 0.3318536828125 0.257023084375 0.3268860765625 0.2593824046875 0.321518321875 0.26821294687499997 0.3207180203125 0.281155384375 0.322062659375 0.2854021125 0.3295861578125 0.293693328125 0.3376431890625 0.29335624843749997 0.3409993859375 0.2910643421875 0.346367140625 0.282233803125 0.3473008265625 0.2671342921875 0.34138873593749997 0.2587756625
2 0.23530267500000002 0.2589109609375 0.235836209375 0.2502826703125 0.23314693281249999 0.24178920937499998 0.2301908859375 0.2376098953125 0.22240062031250002 0.23363282812500002 0.2158216125 0.23605956562500002 0.210720625 0.24057595781250002 0.2069642765625 0.249339084375 0.20643074218750002 0.257967375 0.21207606562499998 0.2706401484375 0.21516549375 0.2726623921875 0.22483393281250003 0.272257896875 0.2316797109375 0.2655170140625 0.23530267500000002 0.2589109609375
2 0.136585125 0.217859625 0.133895846875 0.20936616562500002 0.12785037187499998 0.2031646109375 0.1197933390625 0.203501690625 0.114692353125 0.2080180828125 0.1110693890625 0.214624134375 0.10879106406250001 0.225476915625 0.1100023171875 0.23188071875 0.11739243125000001 0.24232900468750002 0.1270608703125 0.24192451093749998 0.132161859375 0.237408115625 0.136051590625 0.22648791875000002 0.136585125 0.217859625
2 0.14991973125 0.3141189265625 0.14897524374999999 0.3034009765625 0.14615258125 0.29706458750000003 0.139973725 0.2930201046875 0.13352809999999998 0.2932897671875 0.130171903125 0.29558167343749997 0.1249375296875 0.302255140625 0.12279258906249998 0.3109508484375 0.1252150984375 0.32375845625 0.131260575 0.3299600109375 0.14254041875 0.3294881 0.145896615625 0.3271961953125 0.14991973125 0.3141189265625
2 0.20969675781250002 0.3611023890625 0.21023029218749997 0.35247409531249996 0.20888565468750003 0.348227365625 0.2044515875 0.34195839375000003 0.1997507515625 0.3400035671875 0.1933051234375 0.34027323125 0.188337521875 0.34263255312499996 0.182969765625 0.3514630921875 0.1820360796875 0.366562603125 0.1833807203125 0.37080933437499997 0.1910376 0.3769434734375 0.2008394234375 0.37438190625 0.207818584375 0.3654839484375 0.20969675781250002 0.3611023890625
2 0.300288696875 0.55955264375 0.2989440578125 0.5553059124999999 0.292898584375 0.54910435625 0.28484155 0.5494414359375 0.27812915625 0.5540252453125001 0.274239425 0.56494544375 0.27357250624999996 0.575730809375 0.2749171453125 0.5799775390625 0.277873190625 0.5841568546875 0.2907644421875 0.5836175265625 0.295732046875 0.58125820625 0.29935500937500004 0.57465215625 0.300288696875 0.55955264375
2 0.230608865625 0.5947402046875 0.2279195890625 0.5862467453125 0.2233521375 0.5821348468750001 0.21207229375 0.5826067562499999 0.2069713046875 0.5871231515625001 0.20321495625 0.595886275 0.202681421875 0.6045145671875 0.2067153375 0.617254759375 0.20980476874999998 0.6192770000000001 0.2194732078125 0.6188725046875 0.22457419218750002 0.614356109375 0.23007533125 0.6033684984375001 0.230608865625 0.5947402046875
2 0.3594349796875 0.382807246875 0.3601018984375 0.37202188281250004 0.3588906453125 0.36561807968750004 0.3559346 0.361438765625 0.3512337625 0.3594839390625 0.3399539171875 0.35995585 0.3365977203125 0.3622477546875 0.33284137187499996 0.371010878125 0.3319076859375 0.3861103921875 0.334730346875 0.392446778125 0.337819775 0.3944690203125 0.3490996234375 0.393997109375 0.3558120171875 0.3894132984375 0.3594349796875 0.382807246875
2 0.5471800390625 0.41367949375 0.5490582140625 0.40929793124999997 0.5499919015625 0.39419841875 0.5486472609375 0.389951690625 0.545691215625 0.385772375 0.5409903796875 0.38381755 0.5345447531249999 0.3840872125 0.5295771499999999 0.3864465328125 0.5260875703125001 0.39089551093749997 0.5240760125 0.397434146875 0.523542478125 0.40606243906249995 0.5247537328125 0.412466240625 0.5291878 0.4187352125 0.54046764375 0.418263303125 0.5471800390625 0.41367949375
0 0.6025591734375 0.2198797609375 0.601614684375 0.20916181093750003 0.5955692109374999 0.20296025625 0.585900771875 0.20336474999999998 0.5807997828125 0.20788114531250002 0.5770434359375 0.21664426875 0.5762431328125001 0.22958670625000002 0.577587771875 0.23383343750000002 0.5821552249999999 0.23794533593749997 0.5918236640625001 0.2375408390625 0.5951798609375001 0.2352489359375 0.60041423125 0.22857546874999998 0.6025591734375 0.2198797609375
0 0.3270734671875 0.3863126390625 0.3278737703125 0.3733701984375 0.3250511078125 0.3670338125 0.3220950609375 0.3628544984375 0.3173942265625 0.360899671875 0.307592403125 0.363461240625 0.3023580328125 0.3701347078125 0.300346475 0.37667334218750004 0.2999463234375 0.3831445609375 0.3012909640625 0.3873912921875 0.308814459375 0.3956825046875 0.316871490625 0.3953454265625 0.321839096875 0.3929861046875 0.3270734671875 0.3863126390625
0 0.2859663984375 0.3493055515625 0.2726749953125 0.3563160953125 0.267307240625 0.3651466375 0.2669070890625 0.37161785625 0.268251728125 0.3758645859375 0.27281918125 0.379976484375 0.27604199375 0.379841653125 0.286110584375 0.37296593906250003 0.29147833749999996 0.3641354 0.2905338515625 0.35341745 0.2859663984375 0.3493055515625
0 0.1626630265625 0.6018858171875 0.16145177187499998 0.5954820140625 0.153794890625 0.589347875 0.148960671875 0.589550121875 0.1439930671875 0.5919094421875 0.1370139078125 0.6008073984375 0.1347355828125 0.611660178125 0.1359468359375 0.61806398125 0.14333695 0.62851226875 0.15139398125 0.628175190625 0.15998455 0.61920981875 0.1618627234375 0.6148282546875 0.1626630265625 0.6018858171875
0 0.3452676671875 0.222038003125 0.34244500625 0.2157016171875 0.336266146875 0.211657134375 0.3282091140625 0.21199421406250002 0.32297474375 0.21866768125 0.31908501093749997 0.2295878765625 0.3200295 0.2403058265625 0.325941590625 0.2486644546875 0.3388328421875 0.248125128125 0.3459453859375 0.2370701 0.3464789234375 0.22844180625 0.3452676671875 0.222038003125