1 0.419368228125 0.22066343125 0.4083549796875 0.23884164375 0.4051211125 0.2510571078125 0.40454623125 0.25815974375 0.4071873703125 0.274071509375 0.41343968281250004 0.280040921875 0.423680475 0.2783410890625 0.42975305781250006 0.27266164531250003 0.4337415359375 0.2649924 0.438125165625 0.2385716671875 0.4358613328125 0.22493300781249997 0.42960901875 0.21896359687500003 0.419368228125 0.22066343125
1 0.4655066 0.371835215625 0.45963159062500003 0.36813891249999997 0.4476840015625 0.3701220515625 0.44369552343749996 0.3777912984375 0.4470912734375 0.39824928593750003 0.4523914015625 0.409048221875 0.46527332968749996 0.4232601546875 0.47835283906250003 0.42809634374999994 0.48537760937499996 0.4175873765625 0.4819818578125 0.3971293890625 0.479143140625 0.39059336718750004 0.474220321875 0.382067540625 0.4655066 0.371835215625
1 0.39479109375 0.35787993125 0.37772310625 0.3607129875 0.3733573234375 0.3661091234375 0.3724051359375 0.3709386484375 0.373914359375 0.38003108750000003 0.3885030890625 0.3939597125 0.399875796875 0.3990792078125 0.4186505796875 0.39596284531250003 0.4226390578125 0.3882936015625 0.420375225 0.3746549421875 0.41336830156250004 0.3641393125 0.401995590625 0.35901981875 0.39479109375 0.35787993125
1 0.40648756875 0.42834632812500006 0.4008101375 0.41527428281249995 0.3907669234375 0.4075983734375 0.382232928125 0.40901490156250003 0.3772922640625 0.421513671875 0.3767173828125 0.42861630625 0.38124505000000003 0.45589362031249997 0.386545175 0.4666925578125 0.3965883921875 0.47436846875 0.405122384375 0.47295194062499996 0.40815867499999997 0.47011221875000003 0.4104403546875 0.462726278125 0.41063793281249994 0.453350534375 0.40648756875 0.42834632812500006
1 0.5294127578125 0.3658991265625 0.5214536468750001 0.36021301875 0.51633325 0.3610629359375 0.5132969593750001 0.36390265624999996 0.5096857859374999 0.3738450109375 0.509488209375 0.38322075624999996 0.5142134546875 0.4011223265625 0.519890884375 0.41419437343750004 0.53031140625 0.42414339375 0.5388454 0.42272686562499995 0.5418816921875 0.41988714531250004 0.5441633718750001 0.41250120468749996 0.5392583984375 0.3829507796875 0.5294127578125 0.3658991265625
1 0.619387428125 0.2528635703125 0.6171235937499999 0.23922491250000003 0.6129553859375 0.2352453046875 0.607457684375 0.2338221109375 0.5886829 0.23693847343750002 0.5782445328125 0.248014053125 0.5729265609375 0.2582397140625 0.5723516796875 0.26534234687499997 0.573860903125 0.2744347859375 0.5763223125 0.2786977015625 0.5856109171874999 0.28182739218749997 0.6009721031249999 0.279277640625 0.608751484375 0.27331489375 0.6184352390625001 0.2576930953125 0.619387428125 0.2528635703125
1 0.7302949140624999 0.49839272812499996 0.7128674703125 0.477928078125 0.7014947609375 0.47280858437499995 0.6912539703125 0.4745084171875 0.687265490625 0.4821776640625 0.6874452203125 0.4938265171875 0.69520675625 0.5088883656250001 0.699374965625 0.512867975 0.7094181796875 0.520543884375 0.7228749921875 0.5276531828125 0.7279953875 0.526803265625 0.733690665625 0.518850715625 0.734265546875 0.51174808125 0.7302949140624999 0.49839272812499996
1 0.5540090109375 0.42955285937500004 0.5496432265625 0.43494899374999996 0.54071408125 0.45511701093749996 0.5388097078125 0.464776059375 0.541450846875 0.48068782656250003 0.5439122578125 0.484950740625 0.5532008625 0.4880804328125 0.564393840625 0.48155107187499996 0.572370796875 0.46621258125000004 0.575227359375 0.4517240078125 0.574670321875 0.43780204375 0.5659566 0.42756972031249996 0.5540090109375 0.42955285937500004
1 0.6646105734375001 0.588710515625 0.6627240453125001 0.5773449671875001 0.6598853296875 0.57080894375 0.655717121875 0.5668293359375001 0.6454763296875 0.5685291703125 0.6384515609375 0.5790381359375 0.63521769375 0.591253603125 0.6346428109375 0.5983562359375 0.63841586875 0.6210873328125001 0.6412545859375001 0.62762335625 0.647506896875 0.6335927671875 0.6526272921875 0.6327428515625 0.6556635843749999 0.6299031296875001 0.6632632359375 0.612291528125 0.6646105734375001 0.588710515625
1 0.5275096546875 0.5974530062500001 0.5233414453125 0.5934733984375 0.514807453125 0.5948899265625001 0.5056985796875 0.6034090875 0.496769434375 0.6235771046874999 0.495619671875 0.637782375 0.4967515890625 0.6446017046875 0.5054653109375 0.6548340296874999 0.51229250625 0.65370080625 0.51969458125 0.6454649484375 0.5250125531250001 0.6352392874999999 0.5295759125 0.6204674078125 0.530725675 0.6062621390625 0.5275096546875 0.5974530062500001
1 0.40836645000000005 0.2811749765625 0.44571120468750003 0.2749762484375 0.435806928125 0.215307121875 0.3984621765625 0.22150585 0.40836645000000005 0.2811749765625
1 0.37679270468750004 0.4046624953125 0.4269384453125 0.39633897500000004 0.41939233125 0.350876784375 0.36924658906249996 0.35920030468749997 0.37679270468750004 0.4046624953125
1 0.38467971093750003 0.4785407421875 0.41562396875 0.47340441093749996 0.4039501296875 0.40307439843750004 0.3730058734375 0.4082107296875 0.38467971093750003 0.4785407421875
1 0.45167791562500004 0.4331196359375 0.491156165625 0.42656677500000006 0.48054255625 0.3626242046875 0.44106430625000004 0.3691770640625 0.45167791562500004 0.4331196359375
1 0.51780130625 0.42870746249999997 0.5481993875 0.42366178750000005 0.5367632515625 0.3547638375 0.5063651703125001 0.3598095109375 0.51780130625 0.42870746249999997
1 0.542104440625 0.49254999374999997 0.5831700140625 0.48573365781250005 0.572911071875 0.423927809375 0.5318454984375001 0.43074414375 0.542104440625 0.49254999374999997
1 0.49972319687500005 0.6565345781249999 0.5386552703125 0.6500723765624999 0.52851329375 0.5889711890625 0.48958122031249995 0.5954333921875 0.49972319687500005 0.6565345781249999
1 0.6394654421875 0.6333275625 0.6736014124999999 0.6276614484375 0.6629878031249999 0.563718875 0.62885183125 0.5693849890625 0.6394654421875 0.6333275625
1 0.692634734375 0.531061 0.737438196875 0.5236242265625 0.7276508875000001 0.4646597640625 0.6828474250000001 0.47209653906250004 0.692634734375 0.531061
2 0.5674551125 0.22923878593749997 0.5941323749999999 0.2248107171875 0.5882350859375001 0.1892820140625 0.5615578234374999 0.19371008125 0.5674551125 0.22923878593749997
2 0.547629684375 0.26828967812500004 0.5737607703125 0.26395226875 0.567629553125 0.2270142375 0.5414984671874999 0.231351646875 0.547629684375 0.26828967812500004
2 0.6368810296875 0.3271910203125 0.6656917890625 0.3224088203125 0.6589719734374999 0.28192473906250004 0.6301612140625 0.2867069390625 0.6368810296875 0.3271910203125
2 0.7672907703125 0.3369370625 0.7966306375000001 0.3320670375 0.79049941875 0.29512900625 0.7611595515625 0.29999903125 0.7672907703125 0.3369370625
2 0.8480167734374999 0.182657634375 0.8784148546875 0.1776119609375 0.8720459343750001 0.1392418703125 0.8416478515625 0.14428754375 0.8480167734374999 0.182657634375
2 0.4449819375 0.491888753125 0.4727174140625 0.48728503593749994 0.4667031609375 0.4510516703125 0.438967684375 0.45565538749999995 0.4449819375 0.491888753125
2 0.547974609375 0.6236966046875 0.5730474796875 0.61953484375 0.567033228125 0.5833014750000001 0.5419603562499999 0.5874632359375 0.547974609375 0.6236966046875
2 0.6820288 0.47371561250000005 0.7097642765625001 0.46911189531249997 0.7038669890625 0.4335831921875 0.6761315125 0.43818690781249997 0.6820288 0.47371561250000005
2 0.717894175 0.5874573 0.7451005421875 0.58294140625 0.7384976921875 0.5431619890625 0.7112913234375 0.54767788125 0.717894175 0.5874573
2 0.7953871375 0.6052627375 0.8236517203125 0.6005711953125 0.8176374687499999 0.564337828125 0.789372884375 0.56902936875 0.7953871375 0.6052627375
0 0.6861837109375 0.2576826546875 0.7144482937500001 0.2529911125 0.7074907765625 0.21107497187500002 0.6792261921875 0.21576651249999998 0.6861837109375 0.2576826546875
0 0.359646759375 0.28488228437499996 0.386853128125 0.28036639218750004 0.38048420781250003 0.2419963046875 0.3532778390625 0.24651219531250002 0.359646759375 0.28488228437499996
0 0.6052505390625 0.44045742812500005 0.6329860140625 0.43585371093749997 0.6269717609375001 0.3996203453125 0.5992362859375 0.40422406093749996 0.6052505390625 0.44045742812500005
0 0.7523071625 0.4051050734375 0.7805717453125001 0.40041353125 0.7746744578125 0.364884828125 0.746409875 0.3695763703125 0.7523071625 0.4051050734375
0 0.8654869796875 0.59506358125 0.89322245625 0.5904598640625001 0.8874459046875 0.5556585578125001 0.8597104296875001 0.560262275 0.8654869796875 0.59506358125
0 0.356576140625 0.254443446875 0.3556239546875 0.2592729734375 0.3578877875 0.2729116296875 0.362433303125 0.27916434843750004 0.36830830937500003 0.28286065 0.3785491015625 0.281160815625 0.3838670734375 0.270935153125 0.38160323906250004 0.257296496875 0.372889515625 0.24706417187500002 0.3639782171875 0.246207590625 0.3592351265625 0.2493306171875 0.356576140625 0.254443446875
0 0.6819819375 0.22845929687500002 0.6814070578125 0.23556193281249999 0.68291628125 0.2446543703125 0.6857549953125 0.2511903921875 0.691630003125 0.254886696875 0.70187079375 0.2531868625 0.704907084375 0.250347140625 0.7098477515625 0.2378483703125 0.7075839171875 0.2242097109375 0.6992475 0.216250496875 0.6890067109375 0.2179503296875 0.6819819375 0.22845929687500002
0 0.7489791984374999 0.378504525 0.7491589265624999 0.390153378125 0.7540817468750001 0.39867920625000003 0.75824995625 0.4026588125 0.7688680531250001 0.4032320875 0.7749406359375001 0.3975526453125 0.778551809375 0.38761029062499996 0.774581175 0.37425494062500003 0.7721197671875 0.369992025 0.7662447593749999 0.3662957234375 0.7542971703125 0.3682788625 0.7489791984374999 0.378504525
0 0.605015390625 0.43042943281249996 0.613351809375 0.43838864843750003 0.6222631078124999 0.43924522968749996 0.6283356906249999 0.4335657859375 0.6306173687500001 0.42617984687500005 0.6279762296875 0.410268078125 0.6234307171875 0.40401536250000003 0.6158489109375 0.400602365625 0.6076922234375 0.404292003125 0.6023742515625 0.4145176640625 0.605015390625 0.43042943281249996
0 0.8610721390625 0.5677792187499999 0.8608745624999999 0.5771549625 0.8644678906250001 0.5882372046875 0.8748884125 0.5981862234374999 0.8834224031250001 0.5967696953125 0.8904471734375001 0.5862607296875 0.8913993625 0.581431203125 0.8895128328125 0.5700656546875 0.880799109375 0.5598333296875 0.87700820625 0.5581268328125 0.8667674171874999 0.5598266656249999 0.8610721390625 0.5677792187499999
2 0.5828435843750001 0.191192978125 0.5790526796875 0.189486478125 0.5688118906249999 0.1911863125 0.5657756 0.194026034375 0.562164425 0.2039683890625 0.56196685 0.213344134375 0.5655601765625 0.2244263765625 0.5697283843750001 0.22840598281250002 0.5752260875 0.22982917500000002 0.585466878125 0.2281293421875 0.5907848484375 0.21790367968750002 0.5906051203125 0.20625482499999997 0.587389096875 0.1974456953125 0.5828435843750001 0.191192978125
2 0.5687761984375 0.2332355078125 0.5608170859375 0.2275494015625 0.550576296875 0.22924923593750002 0.5475400046875001 0.23208895625 0.54392883125 0.24203131249999998 0.54335395 0.24913394531250002 0.5469472765625001 0.2602161890625 0.5494086859375 0.264479103125 0.5552836937500001 0.268175403125 0.565901790625 0.26874868125 0.5689380828124999 0.2659089578125 0.5735014421875 0.251137078125 0.57123760625 0.23749842187499998 0.5687761984375 0.2332355078125
2 0.63338343125 0.2949194296875 0.6324312437499999 0.29974895625000003 0.6350723828125 0.315660721875 0.639617896875 0.3219134390625 0.6434088 0.3236199390625 0.6570631890625 0.32135349375 0.6627584671875 0.313400940625 0.659362715625 0.29294295312499996 0.6548172 0.2866902375 0.651026296875 0.284983740625 0.6390787078125 0.2869668796875 0.63338343125 0.2949194296875
2 0.780904871875 0.29612595937499997 0.7723708796875 0.2975424875 0.765346109375 0.30805145624999997 0.764771228125 0.31515408906250003 0.76628045 0.32424652656249997 0.7749941734375 0.334478853125 0.7821986734374999 0.3356187390625 0.7903553609375 0.3319291015625 0.7943438390625001 0.32425985625 0.7949187203125 0.317157221875 0.7934094968750001 0.3080647828125 0.7884866781250001 0.29953895625000004 0.780904871875 0.29612595937499997
2 0.8547994359375 0.13904474218750001 0.8487268531250001 0.1447241828125 0.84511568125 0.1546665390625 0.8449181046875 0.16404228125 0.8481341265625 0.172851415625 0.8547637437500001 0.1810939359375 0.87012493125 0.17854418593750002 0.8741134125000001 0.170874940625 0.8750655984375 0.166045415625 0.8728017625 0.1524067578125 0.8657948390625 0.1418911265625 0.8582130343750001 0.1384781296875 0.8547994359375 0.13904474218750001
2 0.7073876125 0.4554802875 0.7066330015625 0.4509340671875 0.70341698125 0.4421249359375 0.6971646687499999 0.4361555234375 0.6865465703125 0.43558224843750004 0.68180348125 0.43870527499999995 0.6778150015625 0.44637452031249997 0.6768628156250001 0.45120404531249997 0.6783720375 0.460296484375 0.681210753125 0.46683250625 0.6853789625 0.47081211562499997 0.6891698640625 0.47251861249999993 0.7028242546875 0.4702521671875 0.7058605453125 0.46741244843749996 0.7073876125 0.4554802875
2 0.7258934375 0.5458380593750001 0.7190662453125001 0.5469712828125 0.7129936625 0.5526507265625 0.7110892875 0.5623097734375 0.7125985109374999 0.5714022125 0.715437225 0.5779382359375 0.721312234375 0.5816345390625 0.7285167328125 0.582774425 0.7383802187499999 0.57880148125 0.7406618984375 0.5714155421875 0.738020759375 0.5555037734375 0.7355593484375 0.5512408609375 0.7258934375 0.5458380593750001
2 0.78996148125 0.572575421875 0.7890092953125001 0.577404946875 0.7912731281250001 0.5910436031249999 0.796195946875 0.5995694312500001 0.80036415625 0.6035490390625 0.805861859375 0.60497223125 0.8140185437499999 0.6012825937499999 0.8189592109375001 0.588783821875 0.816318071875 0.5728720546875 0.8079816531249999 0.5649128390625 0.7943272640625 0.567179284375 0.78996148125 0.572575421875
2 0.5428708421875 0.5949032546875 0.5438051828125 0.611098328125 0.550434803125 0.6193408484375 0.55801660625 0.6227538453125 0.5648438015624999 0.6216206234375 0.5705390796875001 0.613668071875 0.571113959375 0.6065654375 0.5692274312500001 0.595199890625 0.5605137078125 0.5849675640625 0.55672280625 0.5832610640625 0.5498956109375001 0.5843942859375 0.5428708421875 0.5949032546875
2 0.4661898265625 0.460479825 0.4599375140625 0.4545104140625 0.4544398140625 0.453087221875 0.44761261875 0.45422044375 0.44191734218749995 0.46217299531249995 0.44096515468749997 0.4670025203125 0.4436062953125 0.48291428593749997 0.44985860625 0.48888369843749996 0.45364950937500004 0.49059019687500005 0.4655971 0.48860705781249997 0.469962884375 0.48321092187500003 0.47053776562499994 0.47610828749999995 0.4690285421875 0.46701584687500003 0.4661898265625 0.460479825