1 0.770721421875 0.426609765625 0.7791763328125 0.43220790156250005 0.7858790921875001 0.43395540468749993 0.7930639546875 0.4324347765625 0.7982556109375001 0.42869758124999996 0.8006661156250001 0.412356921875 0.7974028609375 0.403021590625 0.787436846875 0.39193875624999996 0.7789819359375 0.3863406203125 0.7700449234375 0.3840106171875 0.765335365625 0.38447968125 0.7571863046875 0.39253657343750004 0.7564631546875 0.3974387703125 0.7609964578125 0.4138928671875 0.770721421875 0.426609765625
1 0.7102566296874999 0.5533862796875 0.7144840859375 0.5561853484375 0.7234210984375 0.558515353125 0.7303649078125 0.558628790625 0.7380318703125 0.55384003125 0.7399602734374999 0.540767503125 0.7349448656249999 0.5275815390624999 0.7229856515625 0.5142821390625001 0.7120554359375 0.5097355671875 0.705111625 0.5096221296875 0.6976857140625 0.5127768234375 0.6959983609375 0.5242152859375 0.698779515625 0.5368187468750001 0.7022838203124999 0.5445200140625001 0.7102566296874999 0.5533862796875
1 0.6399191296875 0.5740772656249999 0.6486150921875 0.5780413359375001 0.6577931546875 0.5787372734375 0.679106684375 0.5758094546875 0.691965303125 0.5672834984375 0.69341160625 0.5574791046875001 0.6896662515624999 0.551411903125 0.6787360359375 0.5468653328124999 0.6673237203125 0.54558689375 0.65319505 0.5469940859375 0.6383432296875 0.553303475 0.635626875 0.5559891046875001 0.6339395234375 0.567427565625 0.6399191296875 0.5740772656249999
1 0.6009907734375 0.6335014546875 0.6067293296875 0.6417852203125001 0.6109567859375 0.6445842890625 0.6198937984375 0.6469142921875 0.62460335625 0.6464452296875 0.6325113671875 0.6400224015625 0.635709821875 0.634068640625 0.637397175 0.622630178125 0.6363681734375 0.6138773484375 0.63310491875 0.60454201875 0.6291185140625 0.6001088828125 0.617947246875 0.5971963765625 0.608287084375 0.5997685734375 0.6028543749999999 0.605139834375 0.59820961875 0.620897990625 0.6009907734375 0.6335014546875
1 0.6101973421875 0.523905603125 0.619134353125 0.5262356078125 0.623843909375 0.5257665453125 0.6310287703124999 0.524245915625 0.6421352359375 0.5118693265625 0.6452688921874999 0.49062646875000004 0.63705503125 0.48339426874999997 0.625883765625 0.4804817625 0.6112729953125 0.4851570859375 0.6058402875 0.490528346875 0.60240078125 0.4981161765625 0.600713428125 0.5095546359375 0.6039766828124999 0.51888996875 0.6101973421875 0.523905603125
1 0.662113915625 0.48653364843749997 0.6715330296875 0.48559552031250003 0.6819163453125 0.4781211296875 0.6804052421875 0.47263643125000004 0.6701981796875 0.4631876609375 0.6433871421874999 0.4561976484375 0.631733775 0.456553275 0.6195983078125 0.46017703593750003 0.61815200625 0.4699814296875 0.6238905625 0.47826519687499996 0.65517010625 0.48642021093750004 0.662113915625 0.48653364843749997
1 0.5559454203125 0.41982508281250003 0.5633713328125001 0.41667038593749994 0.5662639359375 0.397061596875 0.5570210734375001 0.38107656562500003 0.550800415625 0.37606093125 0.5396291515625 0.373148425 0.5294868859374999 0.37898875 0.5253242296875 0.39147877656249996 0.534084990625 0.41073193906250005 0.540064596875 0.41738164062500005 0.5465263078125 0.420763209375 0.5559454203125 0.41982508281250003
1 0.5311742374999999 0.36755028749999996 0.5378769984375 0.3692977921875 0.5477782109375 0.3650915328125 0.55145876875 0.3558696390625 0.5504297671875 0.3471168078125 0.5469254609374999 0.3394155421875 0.539193703125 0.32891520937499996 0.5309798406249999 0.32168300781250003 0.517574321875 0.318188 0.5099073609375 0.3229767625 0.5082200078125 0.334415221875 0.5129943640625 0.349235253125 0.51673971875 0.35530245312500003 0.5311742374999999 0.36755028749999996
1 0.593650378125 0.3057807828125 0.596913634375 0.3151161125 0.6031342921875 0.32013174843750003 0.607602796875 0.32129675 0.6170219109375 0.3203586234375 0.6242067703124999 0.31883799375 0.6440092 0.310425475 0.6521582609375 0.302368584375 0.6531224640625 0.29583232187499997 0.644908603125 0.2886001171875 0.6359715890625 0.2862701140625 0.6290277796875 0.2861566765625 0.6171333625 0.2881463703125 0.6047568453125 0.29340419375 0.596848834375 0.2998270203125 0.593650378125 0.3057807828125
1 0.44904341406250003 0.53110094375 0.458221478125 0.53179688125 0.46293103437500005 0.5313278171875 0.4812223609375 0.5174306 0.4851439671875 0.506574640625 0.483873915625 0.49945587500000005 0.47566005312500004 0.49222367343749995 0.466723040625 0.48989366875 0.4570628796875 0.4924658625 0.43853050156249995 0.5079971453125001 0.43835425 0.5249203046875001 0.4403474515625 0.5271368734374999 0.44904341406250003 0.53110094375
1 0.7990032421875 0.4374703859375 0.8058804109375 0.3908504859375 0.7572630625000001 0.3781752640625 0.7503858953125 0.42479516406249995 0.7990032421875 0.4374703859375
1 0.7387734234375001 0.563519096875 0.7457928109374999 0.5159350984375 0.6958572546874999 0.5029162015625 0.6888378671875001 0.5505001984375 0.7387734234375001 0.563519096875
1 0.6892988453125 0.5890554203125 0.69511298125 0.5496417499999999 0.6359723015625 0.534222946875 0.6301581656249999 0.5736366171875 0.6892988453125 0.5890554203125
1 0.6795549828125 0.49318494843750005 0.683667303125 0.46530778437500003 0.6205719953125 0.4488579546875 0.616459675 0.47673511875 0.6795549828125 0.49318494843750005
1 0.6389642703125 0.53250005 0.6460535625 0.48444217500000003 0.604652853125 0.47364843125 0.5975635593749999 0.5217063078125 0.6389642703125 0.53250005
1 0.6350859296875 0.6512738671875 0.6421752234375 0.6032159890625 0.6007745124999999 0.592422246875 0.5936852203125 0.6404801250000001 0.6350859296875 0.6512738671875
1 0.4809498453125 0.5397248390625 0.48775710937500005 0.49357881875 0.44043562812500003 0.48124144687500003 0.4336283640625 0.52738746875 0.4809498453125 0.5397248390625
1 0.5644740734375 0.4267320953125 0.5714211453125 0.3796383171875 0.5280542921875 0.3683319734375 0.52110721875 0.41542575 0.5644740734375 0.4267320953125
1 0.5512568828125 0.372887928125 0.5579918312500001 0.3272321296875 0.5100224156250001 0.3147258328125 0.50328746875 0.36038163125 0.5512568828125 0.372887928125
1 0.64933665 0.3325846078125 0.6556473515625 0.2898047625 0.5984728140625 0.2748985625 0.5921621140625 0.3176784078125 0.64933665 0.3325846078125
2 0.7508397359375001 0.500281790625 0.7544554921875 0.475770803125 0.719623484375 0.4666896125 0.716007728125 0.4912006 0.7508397359375001 0.500281790625
2 0.7195054703125 0.6433327421875 0.723475571875 0.6164196765625001 0.688643565625 0.6073384859375001 0.684673465625 0.6342515515625 0.7195054703125 0.6433327421875
2 0.681834559375 0.547172571875 0.6855202203124999 0.52218770625 0.65265435625 0.5136191171875 0.6489686953125 0.53860398125 0.681834559375 0.547172571875
2 0.6650369890625 0.457438584375 0.6687226500000001 0.432453715625 0.6312765671875 0.4226909984375 0.62759090625 0.44767586562500006 0.6650369890625 0.457438584375
2 0.75725580625 0.3457454 0.7615103453125001 0.3169041375 0.727348615625 0.307997696875 0.723094075 0.33683895937499997 0.75725580625 0.3457454
2 0.8760795078125 0.22136370625000001 0.8802111109374999 0.1933558171875 0.8458929843749999 0.1844086015625 0.8417613812500001 0.21241649062499998 0.8760795078125 0.22136370625000001
2 0.5739631875 0.52802565625 0.5778368671874999 0.50176621875 0.5411280890625 0.4921957265625 0.5372544078125 0.518455165625 0.5739631875 0.52802565625
2 0.5258633671874999 0.4215613328125 0.5299106046875 0.3941253671875 0.4979831265625 0.3858014265625 0.49393588906249997 0.4132373921875 0.5258633671874999 0.4215613328125
2 0.4888102734375 0.37492538125 0.49277073125 0.348077678125 0.4600612671875 0.3395498640625 0.45610080625 0.3663975671875 0.4888102734375 0.37492538125
2 0.464423496875 0.2425038828125 0.46821039999999997 0.2168327078125 0.435500934375 0.20830489375 0.43171403281250004 0.23397606718750003 0.464423496875 0.2425038828125
0 0.71519164375 0.4806112234375 0.719152103125 0.453763521875 0.6848339734375 0.44481630625 0.680873515625 0.47166400781249995 0.71519164375 0.4806112234375
0 0.603592709375 0.4563774734375 0.607897871875 0.42719305625 0.5687984390625 0.41699928750000004 0.5644932796875 0.446183703125 0.603592709375 0.4563774734375
0 0.43644233125 0.5333985015625 0.44005808750000003 0.5088875140625 0.404153640625 0.49952672187499997 0.400537884375 0.5240377109375001 0.43644233125 0.5333985015625
0 0.5272009109375 0.3843404375 0.531248146875 0.35690447187499996 0.4945393703125 0.34733398125 0.4904921328125 0.3747699453125 0.5272009109375 0.3843404375
0 0.46963888125000003 0.1735690640625 0.47385726406249995 0.1449729109375 0.4379528171875 0.13561211875 0.433734434375 0.164208271875 0.46963888125000003 0.1735690640625
2 0.8464371890625 0.212176196875 0.8551331515625 0.21614026718749998 0.8640701625 0.21847027031250002 0.8687797203125 0.21800120625 0.8811562374999999 0.2127433828125 0.8838725921874999 0.210057753125 0.8806093390624999 0.20072242031249998 0.8766229328125 0.1962892859375 0.86593376875 0.19010865 0.859231009375 0.188361146875 0.8498118953124999 0.189299275 0.8421449328125 0.1940880328125 0.838705428125 0.2016758640625 0.8404575796874999 0.2055264953125 0.8464371890625 0.212176196875
2 0.7304219187500001 0.3380452140625 0.7391178828125 0.342009284375 0.74829594375 0.342705221875 0.758197159375 0.3384989609375 0.762118765625 0.327643003125 0.756380209375 0.31935923437499997 0.7521527515625 0.3165601671875 0.7412225375 0.312013596875 0.7320444734375 0.3113176578125 0.7270938671875 0.3134207875 0.7241364609375001 0.317740484375 0.722690159375 0.3275448796875 0.7244423125 0.3313955125 0.7304219187500001 0.3380452140625
2 0.7437522796875 0.4993333546875 0.751178190625 0.49617866250000003 0.75389454375 0.4934930296875 0.755099796875 0.4853227015625 0.7515954921875 0.47762143437500004 0.7473680359375 0.47482236718750004 0.727259759375 0.469579859375 0.7225502015624999 0.47004892187499997 0.71687644375 0.47705424843750005 0.7159122421874999 0.4835905140625 0.7216508 0.49187427968749997 0.72587825625 0.494673346875 0.7437522796875 0.4993333546875
2 0.637166484375 0.45118201406249997 0.6528062546875 0.45525952187499996 0.6575158109375 0.45479045781250005 0.66246641875 0.45268732968750003 0.668140175 0.44568200156250004 0.666870125 0.4385632359375 0.6608905187499999 0.43191353593750004 0.6544288078125 0.42853196718750003 0.6432575421875 0.4256194625 0.6385479859375 0.4260885265625 0.6311220750000001 0.4292432203125 0.6294347218749999 0.44068168124999996 0.631186875 0.4445323140625 0.637166484375 0.45118201406249997
2 0.5055866 0.41518038749999997 0.516757865625 0.41809289375 0.5237016750000001 0.41820633125000006 0.5286522828125 0.41610320156249997 0.5320917875 0.408515371875 0.5268353296875 0.3969634734375 0.5206146734375 0.3919478390625 0.507209153125 0.388452834375 0.502499596875 0.38892189843749997 0.4975489890625 0.39102502656250004 0.49459158593749997 0.3953447234375 0.49386843437500005 0.4002469203125 0.4973727390625 0.4079481875 0.5055866 0.41518038749999997
2 0.4724253046875 0.3725965515625 0.48383762187499996 0.37387499218750003 0.491504584375 0.3690862328125 0.49319193749999996 0.3576477703125 0.491680834375 0.352163071875 0.483225921875 0.3465649375 0.4698204046875 0.34306993124999996 0.46511084687500004 0.34353899375 0.46016024062499994 0.3456421234375 0.45720283593750005 0.34996182187499997 0.456238634375 0.35649808437499997 0.4597429375 0.36419935 0.4724253046875 0.3725965515625
2 0.43911626562499995 0.23664409062499997 0.4547560375 0.240721596875 0.4594655953125 0.24025253281249997 0.46441620156249996 0.238149403125 0.46737360624999996 0.23382970625000002 0.46833780625 0.22729344375 0.46682670625 0.22180874374999998 0.4586128453125 0.21457654375000002 0.442973071875 0.2104990359375 0.438263515625 0.21096810000000002 0.4305965546875 0.21575685937500003 0.429632353125 0.2222931234375 0.43313665781250005 0.22999438906249997 0.43911626562499995 0.23664409062499997
0 0.7096915828125 0.478574878125 0.7173585453125 0.4737861171875 0.7205569984375 0.4678323546875 0.7170526953125 0.460131090625 0.7043703265625 0.451733884375 0.6999018218749999 0.450568884375 0.6882484546875001 0.45092450937499995 0.6830567953125 0.45466170625 0.68136944375 0.466100165625 0.6915765078125 0.4755489359375 0.702747775 0.47846144218750003 0.7096915828125 0.478574878125
0 0.5771474984375 0.449109515625 0.59278726875 0.453187021875 0.5974968265625 0.452717959375 0.6054048375 0.44629513125000003 0.6061279890625 0.44139293437499993 0.6043758375 0.43754230312500003 0.5964030265625 0.428676034375 0.5854728125 0.4241294625 0.578529003125 0.4240160265625 0.5686277875 0.428222284375 0.5674225359375 0.43639261406249996 0.5689336375 0.4418773140625 0.5729200421875 0.4463104484375 0.5771474984375 0.449109515625
0 0.524777328125 0.3794578125 0.5304510875 0.37245248750000004 0.5271878328125 0.3631171546875 0.51673971875 0.35530245312500003 0.5055684546875 0.35238994687499997 0.496149340625 0.3533280734375 0.4937388359375 0.3696687328125 0.5039458984375 0.3791175015625 0.515117165625 0.38203000781249996 0.5198267203125 0.38156094375 0.524777328125 0.3794578125
0 0.471759165625 0.1569151734375 0.46602060781250004 0.1486314078125 0.461793153125 0.145832340625 0.44838763281249994 0.142337334375 0.4317836609375 0.14479608906250002 0.43130155937500003 0.14806422187499998 0.4345648140625 0.157399553125 0.4447718765625 0.16684832031250002 0.46041165 0.17092582812499998 0.47031286406249995 0.16671956875 0.471759165625 0.1569151734375
0 0.42597773281249995 0.53017813125 0.4306872890625 0.529709065625 0.4381132 0.526554371875 0.43859529999999997 0.523286240625 0.43732524687499996 0.5161674765625001 0.43357989531249996 0.5101002765625 0.427118184375 0.50671870625 0.418181171875 0.5043887015624999 0.40652780625 0.5047443296874999 0.4035704015625 0.5090640265624999 0.40236514999999995 0.51723435625 0.4081037078125 0.525518121875 0.42597773281249995 0.53017813125
2 0.6561524546874999 0.5426743875 0.6673237203125 0.54558689375 0.676501784375 0.54628283125 0.68368664375 0.544762203125 0.6864029984375 0.542076571875 0.6876082515624999 0.53390624375 0.6841039453125 0.5262049765625 0.6734147796875 0.520024340625 0.6644777671875 0.5176943374999999 0.65505865625 0.5186324640625 0.6498669968749999 0.522369659375 0.6486617453125 0.530539990625 0.6541592515625 0.5404578203125 0.6561524546874999 0.5426743875
2 0.6912602999999999 0.6349761375 0.7019494640625 0.6411567734375 0.708893275 0.6412702109375 0.7185534375 0.63869801875 0.7212697921875 0.6360123875 0.72247504375 0.627842059375 0.720963940625 0.622357359375 0.7105158281249999 0.61454265625 0.6971103109375 0.6110476515625 0.692400753125 0.6115167140625 0.6872090953125001 0.615253909375 0.6857627921875 0.6250583046875 0.68727389375 0.630543003125 0.6912602999999999 0.6349761375
2 0.57596039375 0.5200702859375 0.5774066953125 0.510265890625 0.5671996328125 0.5008171203125 0.54932560625 0.4961571125 0.5416586453125001 0.500945875 0.54045339375 0.5091162031249999 0.5439576984375 0.51681746875 0.5479441046875 0.521250603125 0.5544058125 0.5246321734375 0.5658181296875 0.5259106109375 0.57596039375 0.5200702859375