1 0.7141963484375 0.6361453140625 0.7111801609375 0.6386473328125 0.708724275 0.645556740625 0.7095647328125 0.652167828125 0.711773209375 0.6564260578125001 0.7214148265625 0.6666987328125 0.7285678171875001 0.6705094828125 0.742313490625 0.6737235859374999 0.750554346875 0.6729777828125 0.755218709375 0.670326603125 0.7579547453125 0.6656208890624999 0.7562738312499999 0.652398715625 0.7540653546875 0.6481404859375 0.7394792203125 0.6383152953125 0.729029890625 0.6348028671875 0.7141963484375 0.6361453140625
1 0.8481602859375 0.588356675 0.8421279078125 0.5933607109375 0.8399521734375 0.6024738140625 0.8430011078125 0.61334313125 0.854010746875 0.62126295 0.8644600765625 0.6247753765625 0.8875344734375 0.6226871265625 0.8932867 0.6154793953125 0.8943745671875 0.6109228437499999 0.8935341093750001 0.60431175625 0.8855406625000001 0.5938899203125 0.8800358453125 0.5899300125 0.8695865109375 0.586417584375 0.8577691625 0.585258015625 0.8481602859375 0.588356675
1 0.8025899984375 0.49217358281249995 0.8180165875000001 0.5086098640625 0.8232412546875001 0.5103660765625 0.8295537859375001 0.5075657375 0.8333776890625 0.498303471875 0.82892799375 0.47641567656249995 0.8223025640625 0.463640984375 0.810732621875 0.4513137734375 0.7975472531250001 0.45250705937499996 0.7934431984375 0.45956562968750003 0.795404265625 0.47499149999999996 0.8025899984375 0.49217358281249995
1 0.657088865625 0.5410063484375 0.65628115 0.5477665968750001 0.65964298125 0.5742109453124999 0.6624117625 0.5828765671875 0.6687570375 0.5934475625 0.6723335328125 0.5953529375 0.6789262171875 0.5947562937499999 0.6849585984375001 0.5897522609375 0.6860464625 0.585195709375 0.686293871875 0.57402806875 0.684332803125 0.5586021984375 0.6768669187499999 0.5392164187499999 0.671081946875 0.533052815625 0.6611929187500001 0.5339477796875001 0.657088865625 0.5410063484375
1 0.5896120781249999 0.587235946875 0.59210070625 0.5936978749999999 0.6006544593750001 0.6085271 0.613872571875 0.6207051484375 0.6188170859375 0.6202576671875 0.6245693125 0.6130499375 0.62453656875 0.5996786000000001 0.6209273296875 0.5844018921874999 0.6104452546875 0.5675181296875 0.6030121125 0.5615036875 0.5931230859375 0.5623986515625 0.589019028125 0.5694572203125 0.5896120781249999 0.587235946875
1 0.516976115625 0.6584520015625001 0.518376878125 0.6694704812500001 0.5208655078125 0.6759324062500001 0.5296666671875 0.6795939953125 0.5379075234374999 0.6788481921875 0.550252434375 0.6710438171875001 0.5587407 0.6591303734375 0.5598285656249999 0.654573821875 0.560075975 0.6434061828125001 0.5578674984374999 0.6391479515625 0.5520825265625 0.6329843484375 0.5372489859375 0.63432679375 0.5265522453125 0.6419820078125 0.516976115625 0.6584520015625001
1 0.584718509375 0.49628777968750004 0.587520034375 0.5183247375 0.5902888140625 0.5269903578124999 0.6024190625 0.543724959375 0.609572053125 0.5475357078124999 0.6161647359375 0.5469390640625 0.62054894375 0.542084190625 0.6213566593750001 0.5353239421875 0.6191154390625 0.5176943781250001 0.6100013796875 0.49845775937500003 0.5987115921874999 0.48833424531249997 0.5888225625 0.48922920937500003 0.5858063734375001 0.49173122812500003 0.584718509375 0.49628777968750004
1 0.48945567656250005 0.4157471515625 0.4878402515625 0.4292676484375 0.4886807078125 0.435878734375 0.490889184375 0.440136965625 0.498322325 0.446151409375 0.508211353125 0.44525644375000006 0.5153315984375 0.4356958578125 0.52105108125 0.4151167921875 0.5207381859375 0.3995417609375 0.5163212328125 0.3910252984375 0.5094483953125 0.389418246875 0.5014876921875 0.392367746875 0.49847150312500005 0.394869765625 0.4929994265625 0.4042811890625 0.48945567656250005 0.4157471515625
1 0.42413642500000004 0.55763063125 0.422520996875 0.5711511265625 0.42560267500000004 0.5953917796875 0.428091303125 0.60185370625 0.433876275 0.6080173109375 0.4407491125 0.6096243640625 0.44706164531250003 0.606824025 0.45116569999999995 0.5997654546875 0.452781128125 0.586244959375 0.45162777343749994 0.564058840625 0.4485788390625 0.5531895234374999 0.4444420390625 0.5468767578125 0.44086554375000003 0.5449713843749999 0.4309765171875 0.5458663484375 0.42413642500000004 0.55763063125
1 0.6119806484375 0.40911664375 0.615837296875 0.41322571406249997 0.62463845625 0.4168873015625 0.63424733125 0.41378863906249996 0.6479275171875 0.390260075 0.6490153828125 0.38570352343750003 0.64733446875 0.37248135000000004 0.641549496875 0.36631774375 0.6346766609375 0.364710690625 0.6209637296875 0.374867921875 0.613843484375 0.384428509375 0.6105798859375 0.398098165625 0.6119806484375 0.40911664375
1 0.519677640625 0.6828496578125 0.5662219937499999 0.67863735625 0.5602071171875 0.631324009375 0.5136627640625 0.6355363109375001 0.519677640625 0.6828496578125
1 0.7108839046875 0.678674440625 0.7617794296875 0.6740683562500001 0.756257621875 0.6306335125 0.7053620984375 0.6352395984375 0.7108839046875 0.678674440625
1 0.84280381875 0.62870799375 0.8985449671874999 0.6236633765625 0.8933537406250001 0.58282889375 0.8376125906249999 0.5878735125000001 0.84280381875 0.62870799375
1 0.7998451 0.514578753125 0.8371761765624999 0.5112002609374999 0.82910218125 0.44768975156249996 0.7917711046875 0.45106824375 0.7998451 0.514578753125
1 0.5930892796875 0.62376745 0.628953484375 0.6205217109375 0.621041978125 0.5582893437500001 0.5851777734375 0.5615350828125 0.5930892796875 0.62376745
1 0.6612172734375 0.5966264546875 0.69030749375 0.5939937671875 0.6822334984375 0.5304832546875 0.6531432781250001 0.53311594375 0.6612172734375 0.5966264546875
1 0.5899903765625 0.5492967203125 0.62489864375 0.54613749375 0.617236471875 0.485866415625 0.5823282046875 0.4890256421875 0.5899903765625 0.5492967203125
1 0.6120535968749999 0.4181488390625 0.654230296875 0.4143318140625 0.6476383078125 0.3624788546875 0.605461609375 0.3662958796875 0.6120535968749999 0.4181488390625
1 0.490749215625 0.4474943515625 0.52808029375 0.444115859375 0.5209111890625 0.3877232859375 0.4835801125 0.391101778125 0.490749215625 0.4474943515625
1 0.42730669531250004 0.6118774218749999 0.45784730468749996 0.609113471875 0.4493614828125 0.542363528125 0.4188208734375 0.5451274781250001 0.42730669531250004 0.6118774218749999
2 0.6585035890625 0.675535209375 0.6846765453125 0.6731665359375001 0.680143678125 0.637510740625 0.6539707203125 0.6398794140625 0.6585035890625 0.675535209375
2 0.7708358609375 0.6142346484375001 0.7999260828125 0.6116019609375 0.79514668125 0.5740069125 0.766056459375 0.5766395984375 0.7708358609375 0.6142346484375001
2 0.5157313593749999 0.7173112609375 0.5448215796875 0.7146785718750001 0.540454003125 0.68032295625 0.51136378125 0.68295564375 0.5157313593749999 0.7173112609375
2 0.47775025781249997 0.6846937 0.5044176671875 0.682280278125 0.49988479999999996 0.6466244828125001 0.4732173890625 0.649037903125 0.47775025781249997 0.6846937
2 0.46609772656250004 0.6431288328125 0.4922706859375 0.640760159375 0.488068396875 0.6077047234374999 0.46189544062500004 0.6100733984375 0.46609772656250004 0.6431288328125
2 0.455582925 0.6067104125 0.4837007265625 0.604165728125 0.47941719374999997 0.570471221875 0.45129939218750004 0.5730159031250001 0.455582925 0.6067104125
2 0.4544619765625 0.51304688125 0.48452461874999997 0.5103261875 0.4800757953125 0.47533149999999996 0.4500131546875 0.47805219218749995 0.4544619765625 0.51304688125
2 0.6755010890625 0.45831407031250004 0.7021684968749999 0.455900646875 0.6976356296875 0.42024485 0.67096821875 0.42265827343750006 0.6755010890625 0.45831407031250004
2 0.7083061734375 0.4271365578125 0.732550771875 0.42494240312500003 0.7282672390625 0.3912478953125 0.7040226406250001 0.3934420515625 0.7083061734375 0.4271365578125
2 0.8238696031250001 0.42587280625 0.851987403125 0.42332812343750004 0.847292046875 0.38639418281250004 0.8191742468750001 0.388938865625 0.8238696031250001 0.42587280625
0 0.7707363796875 0.7407868046874999 0.7998266015625 0.73815411875 0.7947166171875 0.6979587078125 0.765626396875 0.7005913968749999 0.7707363796875 0.7407868046874999
0 0.583877834375 0.4626606296875 0.6105452453125 0.46024720781250006 0.6060123749999999 0.42459141093749997 0.5793449671875 0.4270048328125 0.583877834375 0.4626606296875
0 0.607694109375 0.45329426249999993 0.6338670671875 0.4509255875 0.6294994890625001 0.416569971875 0.60332653125 0.41893864531249997 0.607694109375 0.45329426249999993
0 0.5673067125 0.42876301874999995 0.5930017015625 0.4264376 0.5887994125 0.3933821671875 0.5631044265625 0.39570758281249996 0.5673067125 0.42876301874999995
0 0.470831071875 0.398808984375 0.4970040296875 0.396440309375 0.49272049687499997 0.36274580156249997 0.466547540625 0.365114475 0.470831071875 0.398808984375
0 0.7682549015625 0.7204149625 0.7726718546875 0.728931421875 0.7820333203125001 0.7370004031249999 0.7902741765625 0.7362545984375 0.79437823125 0.7291960296875 0.795993659375 0.7156755312499999 0.791296553125 0.7049553765625001 0.7855115828125 0.6987917718750001 0.778638746875 0.69718471875 0.7723262125 0.6999850578125 0.7695901765625 0.7046907703125 0.7676945953125001 0.7160075703125 0.7682549015625 0.7204149625
0 0.6062939093749999 0.44306704531249996 0.6085023859375001 0.447325275 0.6142873578125 0.4534888796875 0.6241763828125 0.45259391562499995 0.6299286109375 0.44538618437500005 0.6310164765625 0.4408296328125 0.629055409375 0.42540376249999995 0.6229902859374999 0.41703646250000004 0.619413790625 0.4151310875 0.61282110625 0.4157277296875 0.6057008609375 0.42528831718750004 0.60461299375 0.42984487031249996 0.6062939093749999 0.44306704531249996
0 0.590405246875 0.4623373796875 0.598646103125 0.46159157500000003 0.6057663484375 0.45203098906249994 0.603525128125 0.43440142187499997 0.599388328125 0.42808865625000003 0.5922353390625 0.4242779078125 0.588938996875 0.42457623125 0.5798904265625 0.43208228281250005 0.5824118 0.45191554375000004 0.5846202765624999 0.456173775 0.590405246875 0.4623373796875
0 0.5649913984375 0.406682059375 0.5666723140625 0.41990423281249994 0.568880790625 0.4241624640625 0.5763139328125 0.43017690625 0.5812584453125 0.429729425 0.5872908265625 0.42472539062500003 0.5900268625 0.42001967812499996 0.591114728125 0.41546312500000004 0.5897139671875 0.40444464687500004 0.5852970140625 0.395928184375 0.58172051875 0.3940228109375 0.5718314921875 0.3949177765625 0.566079265625 0.4021255078125 0.5649913984375 0.406682059375
0 0.470980153125 0.38844155625 0.47318862968750003 0.3926997859375 0.4789736015625 0.398863390625 0.48721445625 0.3981175859375 0.49296668437499996 0.3909098546875 0.49405455 0.386353303125 0.492373634375 0.3731311296875 0.4901651578125 0.3688728984375 0.48052354062499997 0.358600225 0.475579028125 0.35904770625000004 0.47256283593750004 0.36154972343749997 0.46873893437499997 0.3708119875 0.470980153125 0.38844155625
2 0.6557353875 0.6614975249999999 0.6582240171875 0.667959453125 0.665657159375 0.6739738953125001 0.6725299984374999 0.6755809484374999 0.6788425296875 0.6727806078125 0.6826664328125001 0.6635183453125 0.6801450609375 0.643685084375 0.6762884125 0.6395760125 0.6674872515625 0.635914425 0.664190909375 0.636212746875 0.6565103578125 0.6413659421875 0.6543346265625 0.650479046875 0.6557353875 0.6614975249999999
2 0.5165467859375 0.7075299515625 0.525908253125 0.7155989296875 0.5341491078125 0.7148531265625 0.537165296875 0.712351109375 0.5409892015625 0.70308884375 0.5387479796875 0.685459278125 0.5348913328125 0.6813502078125 0.5280184953125 0.67974315625 0.5181294703125 0.6806381203125 0.5153934312499999 0.6853438328125 0.5134978515624999 0.6966606328125 0.5165467859375 0.7075299515625
2 0.4796612265625 0.6796614265625001 0.4868142171875 0.6834721765625 0.4950550734375 0.6827263718750001 0.4994392828125 0.6778714984375 0.5016150125000001 0.66875839375 0.50021425 0.657739915625 0.494149128125 0.6493726140625 0.4869961375 0.6455618656250001 0.4793155859375 0.6507150625 0.47384351249999995 0.6601264890625 0.47552442812500006 0.6733486625 0.4796612265625 0.6796614265625001
2 0.4732504640625 0.6423477609375 0.48177147031249995 0.6438056515625 0.48917186875 0.6364487624999999 0.4902597359375 0.631892209375 0.4877383625 0.6120589468750001 0.47809674375 0.601786271875 0.4671198515625 0.6072377906249999 0.4641364046875 0.6231111421875 0.46497686250000003 0.6297222296875 0.469393815625 0.6382386921875 0.4732504640625 0.6423477609375
2 0.45775838437500005 0.5991688125 0.4671198515625 0.6072377906249999 0.47371253593749996 0.6066411484375 0.47974491406249997 0.6016371125 0.481920646875 0.592524009375 0.4802397328125 0.579301834375 0.47803125625 0.5750436031249999 0.4725264375 0.57108369375 0.4574127453125 0.570222446875 0.45439655312499994 0.5727244625 0.4555499078125 0.5949105828125 0.45775838437500005 0.5991688125
2 0.67302846875 0.4303403640625 0.6727810609375 0.44150800312499994 0.6752696890625 0.44796992968750005 0.6829829843749999 0.4561880703125 0.6882076515625 0.4579442828125 0.6915039921874999 0.4576459609375 0.697536371875 0.4526419265625 0.7010801234375 0.441175965625 0.7002396656250001 0.43456487812500005 0.6955425609375 0.42384472031250003 0.6916859140625 0.4197356515625 0.680148715625 0.4207797765625 0.6771325265625 0.4232817953125 0.67302846875 0.4303403640625
2 0.4522717671875 0.49044191875000004 0.45588100625 0.5057186265625 0.46496231874999994 0.511583909375 0.4718351546875 0.5131909625 0.47485134687499997 0.5106889453125001 0.4803234203125 0.50127751875 0.4783623515625 0.48585165 0.47615387499999995 0.4815934171875 0.47229722812499997 0.47748434843750004 0.4670725625 0.47572813593749996 0.4621280484375 0.47617561718749996 0.45609566875 0.4811796515625 0.4522717671875 0.49044191875000004
2 0.7679602046875 0.600072946875 0.77016868125 0.604331178125 0.7759536515625001 0.6104947828125 0.7847548125 0.6141563703124999 0.7924353640625 0.609003175 0.7959791140625 0.5975372125 0.79457835 0.586518734375 0.7901613984375 0.5780022734375 0.7882330750000001 0.5759477390625001 0.776415725 0.5747881671874999 0.76736715625 0.5822942203125 0.7665594421875 0.5890544671875 0.7679602046875 0.600072946875
2 0.8227318921875 0.414563034375 0.8304451875 0.422781175 0.8340216843749999 0.42468654843750003 0.8436305562499999 0.42158788906250005 0.8493827843749999 0.41438015781250004 0.8490698875 0.398805128125 0.841076440625 0.3883832921875 0.8374999453124999 0.38647791875 0.8262428999999999 0.3897257390625 0.8232267109375 0.39222775625 0.8196829593749999 0.40369371718749997 0.8227318921875 0.414563034375
2 0.7034705203125 0.4075238859375 0.704310978125 0.4141349734375 0.7065194546875 0.41839320312500006 0.7158809203125001 0.4264621828125 0.7224736046875 0.4258655390625 0.7271379671875 0.4232143609375 0.7298740015625 0.41850864843749996 0.7317695828125 0.4071918484375 0.7312092765625 0.40278445625000003 0.7267923234375 0.3942679953125 0.7193591828125 0.38825355156249997 0.7144146703125 0.38870103437500003 0.7067341171875 0.3938542296875 0.7034705203125 0.4075238859375