0 0.7602802609375 0.4925210671875 0.7642615421875 0.5195958703125 0.8003366625 0.510717559375 0.7963553796875 0.4836427578125 0.7602802609375 0.4925210671875
0 0.6115108593749999 0.6251518140625001 0.6154921421874999 0.652226615625 0.6532206078125 0.6429414062500001 0.649239325 0.61586660625 0.6115108593749999 0.6251518140625001
0 0.482943340625 0.6349708734374999 0.487103 0.6632587328125 0.5248314671875 0.6539735249999999 0.5206718078125 0.6256856640625 0.482943340625 0.6349708734374999
0 0.380939284375 0.8196910000000001 0.3849205671875 0.8467658 0.418538628125 0.8384921890625 0.414557346875 0.8114173875 0.380939284375 0.8196910000000001
0 0.342124325 0.399660503125 0.34601641875 0.4261287734375 0.38209153906250004 0.4172504640625 0.3781994453125 0.3907821921875 0.342124325 0.399660503125
2 0.795328415625 0.771320059375 0.7999290640625001 0.802606871875 0.8368308578124999 0.7935251125 0.8322302109375 0.7622383 0.795328415625 0.771320059375
2 0.6637604671874999 0.7550711531250001 0.668096025 0.784555225 0.7066511671875 0.7750665671875 0.70231560625 0.7455824953125 0.6637604671874999 0.7550711531250001
2 0.61895520625 0.69875469375 0.6231148671875 0.72704255625 0.6591899859375 0.718164246875 0.6550303265624999 0.689876384375 0.61895520625 0.69875469375
2 0.44157013906250003 0.671330984375 0.44599488750000005 0.7014215859374999 0.4853537375 0.6917351296875001 0.48092898906250003 0.6616445296875 0.44157013906250003 0.671330984375
2 0.4355128453125 0.699636840625 0.43984840625 0.7291209125 0.4784035453125 0.7196322546875 0.4740679859375 0.6901481828125 0.4355128453125 0.699636840625
2 0.40564959062500006 0.7219564 0.40963087500000006 0.749031203125 0.447359340625 0.7397459937499999 0.4433780578125 0.7126711921875 0.40564959062500006 0.7219564
2 0.37296531875 0.7480689828125 0.37703579062500003 0.7757503140625001 0.4147642578125 0.7664651078125 0.41069378749999996 0.7387837734375 0.37296531875 0.7480689828125
2 0.5490192140625 0.361826984375 0.5528245953125001 0.38770557499999997 0.588899715625 0.378827265625 0.58509433125 0.352948675 0.5490192140625 0.361826984375
2 0.59638011875 0.458662421875 0.6002722125 0.4851306953125 0.638827353125 0.4756420375 0.634935259375 0.4491737640625 0.59638011875 0.458662421875
2 0.7585024296875 0.4630360015625 0.7623945234375 0.489504275 0.7968392578125 0.4810272125 0.7929471640625 0.454558940625 0.7585024296875 0.4630360015625
1 0.731981703125 0.4249146953125 0.7523341984374999 0.433872028125 0.7597186375 0.43554622500000006 0.7668553328125001 0.4355356171875 0.7783369109375 0.432709928125 0.78448261875 0.425960103125 0.7832438859375 0.417536084375 0.78020433125 0.41304680937500005 0.7718289078125 0.404633396875 0.7565645359375 0.397915396875 0.7517241578125 0.3973608671875 0.744587465625 0.39737147500000003 0.735402203125 0.399632025 0.7290087468750001 0.40469704531249995 0.727207925 0.408631790625 0.7289421484374999 0.4204254203125 0.731981703125 0.4249146953125
1 0.68087136875 0.33623825625000003 0.6934105328125 0.3244234109375 0.6990607468750001 0.31430397656250003 0.7021669 0.30306487656250003 0.69838410625 0.2935211921875 0.690751921875 0.290162190625 0.6792703421875 0.29298787656249997 0.6644348640625 0.3053678609375 0.6585369015625 0.3138024890625 0.653382178125 0.32729152968749997 0.65486865625 0.33740035625 0.6627485890625 0.342444159375 0.6742301671875001 0.339618471875 0.68087136875 0.33623825625000003
1 0.623692571875 0.416649796875 0.6420630968750001 0.4121286984375 0.6484565515625 0.407063678125 0.6564030828125 0.396379109375 0.6541733671875 0.381215871875 0.647598765625 0.36886771406249996 0.64226289375 0.36494357499999996 0.637422515625 0.3643890453125 0.6282372546875 0.3666495953125 0.62389236875 0.3694646734375 0.6197952296875 0.37396455781250004 0.6143927609375 0.38576879375 0.6128396828125 0.3913883453125 0.6153171453125 0.40823638593749995 0.623692571875 0.416649796875
1 0.5835017234375 0.3375064390625 0.591696 0.3285066703125 0.590705015625 0.32176745625000003 0.58791320625 0.31896298437500004 0.57544064375 0.31504945625 0.5706002671875 0.3144949265625 0.54534079375 0.32071143750000003 0.536403278125 0.3246567921875 0.5238641140625 0.3364716375 0.5253505921875 0.3465804609375 0.5329827765624999 0.34993946249999996 0.5520965421875 0.35047277499999996 0.5725156390625 0.3437017328125 0.5835017234375 0.3375064390625
1 0.398653634375 0.47203326875 0.400206709375 0.46641371875 0.3966716640625 0.458554834375 0.38115954531249996 0.45015203125000003 0.3714787890625 0.449042971875 0.36204578125000003 0.44961871875000003 0.34367525625 0.45413981875 0.3375295453125 0.46088964375 0.3387682765625 0.4693136640625 0.3415600859375 0.47211813437499994 0.351736334375 0.4765968015625 0.37364190625 0.47993458437500003 0.39430874843749997 0.474848346875 0.398653634375 0.47203326875
1 0.5642281062500001 0.675693009375 0.5696305734375 0.6638887718750001 0.568144096875 0.6537799484375 0.5564813703125 0.6391924546875 0.5437610625 0.6335941234375 0.5366243703125 0.6336047312499999 0.52743910625 0.63586528125 0.5233419671874999 0.6403651640625 0.52154114375 0.644299909375 0.5235231140625001 0.65777834375 0.526810415625 0.663952421875 0.5351858390625 0.6723658343750001 0.5504502109375 0.679083834375 0.5642281062500001 0.675693009375
1 0.6222460375 0.6980757343749999 0.639625578125 0.68681541875 0.6460856328125 0.6660220234375 0.64459915625 0.6559131984375 0.6390155375 0.6503042546875 0.6341751609374999 0.649749728125 0.6181009515625 0.6537056890625 0.6094111812499999 0.6593358484375 0.6040087109375001 0.6711400859375 0.6011503031250001 0.6840639890625 0.602389034375 0.692488009375 0.6056763359375 0.6986620890624999 0.610764459375 0.7009014203125 0.6222460375 0.6980757343749999
1 0.6630176296875 0.7002620265624999 0.6658094375 0.703066496875 0.678282 0.7069800265625 0.6851709484375 0.7052846140625 0.6895158328125001 0.702469534375 0.6956615421875 0.6957197093749999 0.701064009375 0.6839154734374999 0.6975955625 0.660328215625 0.6948037546875 0.6575237453125 0.68462750625 0.653045078125 0.67544224375 0.6553056265625 0.66290308125 0.6671204734375 0.65954918125 0.6766747671875 0.658491596875 0.6856639265625 0.6597303296875 0.6940879468750001 0.6630176296875 0.7002620265624999
1 0.6841320140625 0.6496754703125001 0.6933172765625 0.64741491875 0.6997107296875 0.6423498984375 0.701263809375 0.63673035 0.7000250765625 0.6283063296875 0.6967377765625 0.6221322515625001 0.6881146046875 0.6120340343749999 0.675394296875 0.6064357 0.67055391875 0.605881171875 0.663417225 0.6058917796875 0.6567760234375 0.609271996875 0.6508780609375 0.6177066250000001 0.6521167921875 0.6261306453125 0.6609877109375 0.637913665625 0.6742035125 0.6468816078125 0.6841320140625 0.6496754703125001
1 0.78518855625 0.5602111203125 0.7890379484375 0.554026434375 0.785007409375 0.5427979421875 0.7822156 0.5399934703125 0.754478665625 0.5293619421875 0.744797909375 0.5282528828124999 0.7358603921875 0.5321982359375 0.7299624312499999 0.540632865625 0.7309534171875 0.54737208125 0.742120646875 0.558589965625 0.754840959375 0.5641882984375 0.77165840625 0.5652867484375 0.7808436703125 0.5630261984375 0.78518855625 0.5602111203125
2 0.7960121453125 0.47200434375 0.7947734140625 0.46358032343750005 0.78689348125 0.4585365203125 0.7820531046875 0.4579819890625 0.7659788937500001 0.4619379515625 0.7575368703125 0.469252915625 0.7557360484375 0.473187659375 0.757222525 0.483296484375 0.7625583953125 0.487220621875 0.7834729828125 0.4838191890625 0.7901141828125 0.4804389734375 0.794211321875 0.475939090625 0.7960121453125 0.47200434375
2 0.6362130828125 0.46943325468749997 0.6344788593749999 0.457639625 0.624054865625 0.45147615625000004 0.61462185625 0.4520519 0.60798065625 0.45543211718750004 0.5995386296875 0.46274707968750006 0.5977378078125 0.46668182500000005 0.5994720328125 0.47847545468749997 0.60456015625 0.4807147875 0.6142409109375 0.4818238453125 0.623426175 0.47956329531249997 0.630067375 0.47618307968750007 0.6362130828125 0.46943325468749997
2 0.5861603328125 0.3717676578125 0.586970171875 0.3610936953125 0.576546178125 0.35493022500000004 0.5717057999999999 0.3543756953125 0.5625205359375001 0.3566362453125 0.553830765625 0.36226640468750004 0.5499813734375001 0.368451090625 0.5484282968749999 0.37407063906250004 0.55196334375 0.38192952343750003 0.5595955312500001 0.385288521875 0.5779660546875001 0.3807674234375 0.582310940625 0.3779523453125 0.5861603328125 0.3717676578125
2 0.47163223906249996 0.6932440953125 0.475977125 0.690429015625 0.4839236546875 0.6797444453125 0.482437178125 0.6696356203125 0.4771013078125 0.6657114843749999 0.467420553125 0.664602425 0.45823529062499996 0.666862975 0.4495455203125 0.672493134375 0.4441430484375 0.6842973703124999 0.4453817796875 0.692721390625 0.4481735890625 0.695525859375 0.45071764999999997 0.696645528125 0.4647432921875 0.6949395078125 0.47163223906249996 0.6932440953125
2 0.4420278796875 0.7022756859375 0.43637766562499997 0.7123951187500001 0.43712090468750003 0.7174495328125 0.44779264531249996 0.7252978062500001 0.46181828437499994 0.723591784375 0.47050805625000003 0.7179616281250001 0.4766537640625 0.711211803125 0.4749195390625 0.6994181734375 0.4670396078125 0.6943743703125 0.45071764999999997 0.696645528125 0.4420278796875 0.7022756859375
2 0.4475448984375 0.7236130015625 0.44450534375000006 0.719123728125 0.43687315781249997 0.7157647265625 0.42719240156250005 0.7146556687500001 0.42259977031249996 0.71578594375 0.4139100015625 0.7214161 0.40776429375 0.7281659265625 0.40621121562500007 0.7337854765625 0.40720220156250003 0.7405246937500001 0.41762619531249995 0.7466881640625 0.4359967203125 0.7421670640625 0.44648731406250003 0.7326021609375 0.4475448984375 0.7236130015625
2 0.41024175625000003 0.7450139671875 0.4000655078125 0.7405353 0.383991296875 0.7444912625 0.37374845 0.7557409703125 0.3721953734375 0.7613605203125 0.3759781671875 0.7709042078125 0.385658921875 0.772013265625 0.4040294484375 0.767492165625 0.4104229015625 0.7624271453125 0.4140245484375 0.7545576546875 0.41303356406249997 0.7478184375 0.41024175625000003 0.7450139671875
2 0.693908665625 0.748524384375 0.6890682890625001 0.7479698531250001 0.67529039375 0.751360678125 0.6670961156249999 0.7603604453125 0.6652952937500001 0.7642951906250001 0.666781771875 0.7744040156249999 0.6723653875 0.78001295625 0.677205765625 0.780567484375 0.69787260625 0.7754812484375 0.7063146296875 0.7681662874999999 0.704332659375 0.754687853125 0.693908665625 0.748524384375
2 0.6523458875 0.6924137515625 0.6449614484375 0.6907395562499999 0.6311835546875 0.6941303796875 0.615852584375 0.7031407546875 0.6175868078125 0.7149343828125 0.6231704234375 0.720543325 0.6305548625 0.7222175203125001 0.6489253890625 0.717696421875 0.6576151593749999 0.7120662624999999 0.65941598125 0.7081315171875 0.6581772515625001 0.699707496875 0.6523458875 0.6924137515625
2 0.841101965625 0.7786386937499999 0.8378146640624999 0.7724646125 0.8250943562499999 0.76686628125 0.8133650328125 0.7680071625 0.80237894375 0.7742024578125 0.7962332375 0.7809522828125 0.797719715625 0.7910611078125 0.8081437093750001 0.797224578125 0.8129840859374999 0.797779109375 0.82676198125 0.794388284375 0.8311068671875 0.791573203125 0.8393011421875001 0.7825734375 0.841101965625 0.7786386937499999
0 0.6228267796875 0.621118665625 0.6143847578125 0.628433628125 0.612583934375 0.6323683734375 0.6143181578125 0.644162003125 0.6221980890625 0.64920580625 0.64286493125 0.64411956875 0.651059209375 0.6351198046875 0.649324984375 0.623326175 0.6414450515625 0.6182823703125 0.636604675 0.617727840625 0.6228267796875 0.621118665625
0 0.7999760859375 0.498961209375 0.7987373546875001 0.4905371890625 0.790857421875 0.48549338437499995 0.7860170453124999 0.4849388546875 0.769942834375 0.48889481874999996 0.76559795 0.49170989687500005 0.7594522421875001 0.49845972187500004 0.7606909734375 0.5068837421875 0.76348278125 0.5096882125 0.7759553453125 0.5136017421875 0.787436921875 0.5107760546875 0.7940781234375 0.5073958390625 0.7999760859375 0.498961209375
0 0.51447105 0.62858214375 0.509630671875 0.6280276140625001 0.49355646249999996 0.6319835765625 0.4874107546875 0.6387334 0.48560993124999996 0.642668146875 0.48734415468750003 0.6544617749999999 0.4949763390625 0.6578207765624999 0.506705665625 0.6566798921875 0.5156431828125 0.6527345390625 0.5217888890625 0.6459847140625 0.5228464749999999 0.6369955546875 0.51447105 0.62858214375
0 0.41778869218750003 0.8286996421874999 0.4160544671875 0.816906015625 0.41326265937500006 0.81410154375 0.403581903125 0.8129924859375001 0.3898040078125 0.8163833109375 0.381114240625 0.8220134671875 0.375216278125 0.8304480968749999 0.3762072609375 0.8371873125 0.3789990703125 0.8399917828125 0.391471634375 0.8439053140624999 0.4075458421875 0.839949353125 0.4139392984375 0.8348843328125 0.41778869218750003 0.8286996421874999
0 0.376023471875 0.3990427703125 0.365847225 0.39456410468750003 0.35206932968750004 0.397954928125 0.34362730625000004 0.40526989062499996 0.3420742296875 0.410889440625 0.34560927656249996 0.418748325 0.3532414625 0.4221073234375 0.36037815625 0.4220967171875 0.37390830468749997 0.4170210859375 0.379806265625 0.4085864578125 0.37881528124999997 0.4018472421875 0.376023471875 0.3990427703125
1 0.724318803125 0.4011202171875 0.7308246203125 0.4453631734375 0.7894265953125 0.43094086562499995 0.782920778125 0.386697909375 0.724318803125 0.4011202171875
1 0.6086900390625 0.37247283593749997 0.61568639375 0.42005170312500006 0.6600741765625 0.409127596875 0.653077821875 0.3615487296875 0.6086900390625 0.37247283593749997
1 0.645548 0.3024131796875 0.6518085484375 0.3449881796875 0.7069890156249999 0.3314079265625 0.7007284671875 0.2888329265625 0.645548 0.3024131796875
1 0.5189547937500001 0.327519434375 0.5232507156249999 0.3567339390625 0.5966409640625 0.33867214687499997 0.5923450453125 0.3094576421875 0.5189547937500001 0.327519434375
1 0.33534118749999997 0.4540173921875 0.3404967875 0.48907816562499995 0.402520275 0.473813803125 0.397364675 0.4387530296875 0.33534118749999997 0.4540173921875
1 0.5192848546875 0.6384220125 0.5263431468750001 0.68642208125 0.5741294734375 0.6746615703125001 0.567071184375 0.6266615015625 0.5192848546875 0.6384220125
1 0.5959999093749999 0.6589092109375 0.6025676640625 0.7035733703125 0.652627346875 0.6912533734374999 0.64605959375 0.6465892156249999 0.5959999093749999 0.6589092109375
1 0.6550895484375 0.659939209375 0.6626383765625 0.711275190625 0.705303921875 0.7007749375000001 0.69775509375 0.64943895625 0.6550895484375 0.659939209375
1 0.651194778125 0.60942353125 0.6581911328125 0.6570024 0.7042781875 0.6456600906250001 0.6972818328125 0.598081221875 0.651194778125 0.60942353125