1 0.81526581875 0.22773691093749998 0.8058330781249999 0.2194599390625 0.79630285 0.21794073281249998 0.7803216453124999 0.2221664953125 0.7738706703125 0.22791145937500001 0.7684461140625001 0.236077815625 0.7667602515625 0.24258237968750002 0.7698395062500001 0.2498465484375 0.7766574578125 0.2554489328125 0.79889465625 0.25899374062499997 0.804221725 0.2575851546875 0.81497335 0.24801021250000002 0.81824758125 0.241758846875 0.8183450703125 0.23500108125 0.81526581875 0.22773691093749998
1 0.7053297578125 0.3072961984375 0.7011265953125 0.3043684078125 0.6857073453125 0.3064259796875 0.673929303125 0.31357953125 0.6626157265625 0.3253226609375 0.659903446875 0.3294058375 0.6570936796875 0.3402467828125 0.6581200968750001 0.3426681734375 0.6607348859375 0.34534276249999996 0.6734418578125 0.3473683703125 0.684657946875 0.34238300625 0.6991482687499999 0.33114627812499997 0.704572825 0.32297992343750004 0.70738259375 0.312138978125 0.7053297578125 0.3072961984375
1 0.5998837609375001 0.22275407343750003 0.5909154859375 0.2190666828125 0.5844645125000001 0.22481164531250003 0.5790399546875 0.23297800156249998 0.5751062796874999 0.24815532343750002 0.5749113015625 0.2616708578125 0.575375765625 0.2662604359375 0.5825606921875 0.283210165625 0.586763853125 0.2861379578125 0.5948031984375 0.2806461921875 0.6013516625 0.2681434609375 0.605480315625 0.23945060156250003 0.6045513859375 0.23027144375000003 0.5998837609375001 0.22275407343750003
1 0.5291465609375 0.3808106359375 0.5226955859375 0.3865556015625 0.5193238640625 0.399564734375 0.5260443265625 0.411924884375 0.5344506484375 0.4177804671875 0.5503343625 0.4203124734375 0.5605240328125001 0.4129057203125 0.5637982640625 0.4066543546875 0.5650196609375 0.3955602078125 0.55932561875 0.38562145000000003 0.549330925 0.3795126671875 0.539800696875 0.3779934625 0.5291465609375 0.3808106359375
1 0.414686328125 0.369337953125 0.415907725 0.3582438078125 0.4150762859375 0.34230688125 0.4114350765625 0.3372109015625 0.40405517343749997 0.33377670937500004 0.40031647656249997 0.3354384984375 0.3933035484375 0.3433516515625 0.3900293171875 0.34960301718750003 0.38440978124999997 0.3712849078125 0.38421480468749997 0.38480044062499996 0.38934689218749996 0.3969073890625 0.39196168125 0.39958198125 0.4004654921875 0.3986797953125 0.40476614218750007 0.39484982031250004 0.41019069999999996 0.3866834640625 0.414686328125 0.369337953125
1 0.4520788546875 0.499475978125 0.444136996875 0.49820997499999997 0.43450928125 0.5034485375 0.4312350484375 0.5096999046875 0.42898723437499997 0.5183726609375 0.43233597343749997 0.54374194375 0.434388809375 0.5485847234375 0.4396183890625 0.553933903125 0.44540992187499995 0.557114896875 0.4523253609375 0.5559595093749999 0.45774991875 0.5477931546875 0.46065717343749996 0.5301944421875 0.4577729 0.5094147375 0.4520788546875 0.499475978125
1 0.5102581015625 0.40263510937499997 0.5076433109375 0.39996052031249996 0.4981130828125 0.3984413140625 0.4943743859375 0.400103103125 0.489511784375 0.4061012671875 0.485675596875 0.41452082343749996 0.481741921875 0.42969814531250006 0.480984990625 0.4453818703125 0.48873186874999996 0.4601634109375 0.49508535625 0.4611762125 0.4988240515625 0.45951442656249997 0.507522840625 0.4450967046875 0.51201846875 0.4277511921875 0.5117489828124999 0.40964607812500003 0.5102581015625 0.40263510937499997
1 0.5485795578125 0.5419522921875 0.5458672796874999 0.5460354703125 0.5424955578125 0.559044603125 0.548189603125 0.5689833625 0.5565959234375 0.5748389453125 0.5788331234374999 0.5783837546874999 0.5825718203125 0.5767219671875 0.5852840984375 0.572638790625 0.589217771875 0.5574614671875 0.587726890625 0.5504505 0.5814708953125 0.5426799296875 0.56353434375 0.5353051421874999 0.5485795578125 0.5419522921875
1 0.6516461421875 0.38679155625 0.645562140625 0.4038838671875 0.6464910703125 0.41306302500000003 0.6500347875 0.424916771875 0.660493946875 0.435615134375 0.6684358046875001 0.4368811375 0.6764751484375 0.43138937187500004 0.6809707781250001 0.4140438609375 0.6770600828125 0.3908427671875 0.6708040875 0.3830721953125 0.66501255625 0.3798912046875 0.6580971171875001 0.381046590625 0.6516461421875 0.38679155625
1 0.8262465296875 0.45977981874999996 0.81559239375 0.46259699374999996 0.8097033734375 0.46617376874999994 0.8075530484375 0.46808875624999996 0.8047432796875 0.47892970156250003 0.8088489515624999 0.4886152609375 0.8208964796875 0.4995668234375 0.8351918234375001 0.5018456296875 0.8442575890624999 0.4987752546875 0.8507085640625001 0.49303028906249996 0.8540802859375001 0.48002115468750006 0.85100103125 0.47275698593750004 0.8389535015625 0.46180542343750003 0.8262465296875 0.45977981874999996
1 0.6152703515625 0.2229603546875 0.58085034375 0.21747349531250001 0.56380629375 0.2832346671875 0.5982263031249999 0.2887215265625 0.6152703515625 0.2229603546875
1 0.8261380578124999 0.22194038124999999 0.772657590625 0.21341511249999998 0.761795028125 0.2553262078125 0.8152754953124999 0.263851475 0.8261380578124999 0.22194038124999999
1 0.711191740625 0.30596159375 0.6656531296875 0.29870232812499997 0.65291364375 0.3478551734375 0.6984522531249999 0.3551144375 0.711191740625 0.30596159375
1 0.571224275 0.3822463109375 0.5256856671875 0.374987046875 0.5148231046875 0.416898140625 0.5603617140625 0.42415740468749996 0.571224275 0.3822463109375
1 0.5203852640625 0.399745221875 0.49020620781249996 0.3949344078125 0.473724109375 0.4585273890625 0.5039031671875 0.463338203125 0.5203852640625 0.399745221875
1 0.4257654015625 0.337248803125 0.3939979734375 0.3321847890625 0.376953921875 0.3979459640625 0.40872135 0.4030099765625 0.4257654015625 0.337248803125
1 0.4713574171875 0.4995350328125 0.4337606640625 0.49354177187500003 0.418211409375 0.553535559375 0.45580816406249997 0.5595288218750001 0.4713574171875 0.4995350328125
1 0.5958310671875 0.5404648203125 0.5476557609375 0.53278524375 0.5367932015625 0.574696334375 0.58496850625 0.5823759125 0.5958310671875 0.5404648203125
1 0.8619329671875 0.4624544359375 0.808992546875 0.45401525625000005 0.7979389218749999 0.49666353281250003 0.8508793421874999 0.5051027125 0.8619329671875 0.4624544359375
0 0.7470782859375 0.2951327828125 0.719551809375 0.2907448140625 0.7101840453125 0.32688852343749997 0.7377105234375 0.33127649375 0.7470782859375 0.2951327828125
0 0.566578471875 0.4958956171875 0.543817109375 0.4922672515625 0.5342639 0.5291264640625 0.5570252609375 0.5327548296875 0.566578471875 0.4958956171875
0 0.5960140453125 0.4908117703125 0.570075940625 0.48667700312499995 0.5605227296875 0.5235362171875 0.5864608375 0.527670984375 0.5960140453125 0.4908117703125
0 0.5414746453125 0.5310435640625 0.515536540625 0.526908796875 0.5071072375 0.5594316312500001 0.5330453421875 0.5635664 0.5414746453125 0.5310435640625
0 0.434378059375 0.5485942984375 0.410028325 0.5447127296875001 0.401413578125 0.57795106875 0.4257633125 0.5818326359375 0.434378059375 0.5485942984375
2 0.82274863125 0.3222546375 0.7994472203125 0.31854018281249996 0.7912033625 0.350347515625 0.8145047734374999 0.3540619703125 0.82274863125 0.3222546375
2 0.6036511484375 0.37838436875000003 0.5761246703125 0.3739964 0.5675099218749999 0.40723473749999994 0.5950364015625 0.4116227078125 0.6036511484375 0.37838436875000003
2 0.6248332984375 0.3945512578125 0.5999435171874999 0.39058360312499996 0.5909522625 0.42527462812500005 0.6158420437500001 0.4292422828125 0.6248332984375 0.3945512578125
2 0.6509473156250001 0.41077055625 0.62288079375 0.4062965 0.6138895359375 0.4409875234375 0.641956059375 0.4454615796875 0.6509473156250001 0.41077055625
2 0.7443918890625 0.456518884375 0.717389575 0.45221447187499997 0.708021809375 0.48835818125 0.7350241234375 0.49266259375 0.7443918890625 0.456518884375
2 0.7520672140625 0.48858352812500006 0.7255890625 0.48436267187500004 0.7162212984375 0.520506384375 0.7426994484375 0.524727240625 0.7520672140625 0.48858352812500006
2 0.783968475 0.546353928125 0.757490321875 0.542133071875 0.7484990671875 0.5768240953125 0.7749772187499999 0.5810449515625 0.783968475 0.546353928125
2 0.4776756328125 0.40495954375 0.45278585156249995 0.40099188906250005 0.44435655 0.43351472187500006 0.46924633125000004 0.437482378125 0.4776756328125 0.40495954375
2 0.491228853125 0.459048746875 0.464750703125 0.4548278921875 0.45632140000000004 0.4873507234375 0.4827995515625 0.49157157968750004 0.491228853125 0.459048746875
2 0.514397825 0.4951185015625 0.48845971875 0.49098373281249996 0.4800304171875 0.52350656875 0.5059685203125001 0.5276413375 0.514397825 0.4951185015625
0 0.7368277015625 0.2942550984375 0.72888584375 0.29298909375000004 0.718696171875 0.3003958484375 0.71598389375 0.304479025 0.712612171875 0.31748815937499997 0.7130766359375 0.3220777390625 0.7167178437499999 0.32717371875 0.72783644375 0.3289461234375 0.735875790625 0.3234543578125 0.7385880703125001 0.31937118125 0.7413978375 0.30853023749999997 0.741495325 0.3017724703125 0.739442490625 0.2969296890625 0.7368277015625 0.2942550984375
0 0.564291275 0.51962141875 0.5695208546875 0.5249705984374999 0.5774627109375 0.5262366015625 0.58335173125 0.5226598265625 0.588776290625 0.514493471875 0.591024103125 0.5058207171875 0.5874803859375 0.49396696875 0.5848655953125 0.491292378125 0.57533536875 0.48977317343750004 0.56673406875 0.49743312656249994 0.56289788125 0.50585268125 0.564291275 0.51962141875
0 0.535138634375 0.5172319937500001 0.5360675640625 0.5264111515625001 0.539708771875 0.5315071312499999 0.5476506296875 0.5327731359375 0.5513893249999999 0.5311113468750001 0.5578403 0.52536638125 0.562335928125 0.508020871875 0.5582302578125 0.49833531249999996 0.5487000281250001 0.4968161078125 0.54281100625 0.5003928828124999 0.53738645 0.5085592375 0.535138634375 0.5172319937500001
0 0.5097017109374999 0.5515592 0.51380738125 0.561244759375 0.5233376109375001 0.5627639640625001 0.5270763078125 0.561102175 0.5340892375 0.553189021875 0.5374609578125 0.5401798875 0.53699649375 0.5355903093750001 0.5339172390625 0.5283261390625 0.52812570625 0.5251451484375 0.5169096171875001 0.530130509375 0.5141973390625 0.5342136859375 0.5097017109374999 0.5515592
0 0.406337096875 0.5802373375000001 0.41212862812499995 0.5834183296875 0.41960602343750003 0.5800947546875 0.42390667187500003 0.576264778125 0.4266189515625 0.5721816015625001 0.43055262499999997 0.5570042796875 0.42644695156249995 0.5473187203125 0.41850509531249996 0.546052715625 0.4147664 0.547714503125 0.407753471875 0.5556276578125 0.40279337968749995 0.568383590625 0.406337096875 0.5802373375000001
2 0.80278236875 0.32057325312499996 0.7941810703125001 0.32823320625 0.7902473953125 0.343410528125 0.791738278125 0.350421496875 0.7927646953124999 0.3528428875 0.8070600390625 0.35512169375 0.810798734375 0.35345990625 0.8162232921875001 0.34529355 0.8195950109375 0.33228441875 0.8191305484375 0.3276948375 0.8144629234374999 0.3201774703125 0.806521065625 0.318911465625 0.80278236875 0.32057325312499996
2 0.5692228234375001 0.398488 0.572766540625 0.4103417484375 0.5902386265625 0.41312695625 0.596787090625 0.40062422187499996 0.599596859375 0.3897832765625 0.5970795578125 0.3803509203125 0.592876396875 0.3774231296875 0.5865229109375 0.3764103265625 0.5811958421875 0.3778189125 0.5747448687500001 0.38356387812500004 0.5720325890625 0.3876470546875 0.5692228234375001 0.398488
2 0.5973490453125 0.398456034375 0.5940748109375 0.40470740000000005 0.59126504375 0.4155483453125 0.5953707171875 0.4252339046875 0.599573878125 0.428161696875 0.607515734375 0.4294277 0.6161170359375 0.4217677453125 0.619953221875 0.41334818906250004 0.6195862453125 0.40200084374999995 0.617533409375 0.3971580640625 0.6149186203125 0.3944834734375 0.6022116484375 0.39245786875 0.5973490453125 0.398456034375
2 0.6236919171875 0.41168640468750006 0.6209796375 0.4157695796875 0.6164840093749999 0.43311509218750005 0.6185368453125 0.437957871875 0.6237664234375 0.44330705156250005 0.6301199093750001 0.4443198546875 0.637597303125 0.44099628125 0.644145765625 0.42849354687499996 0.6448052093750001 0.419567590625 0.6417259546875 0.412303421875 0.6391111656249999 0.40962883124999994 0.6311693093749999 0.408362828125 0.6236919171875 0.41168640468750006
2 0.7097104796875 0.48184277187499996 0.7117633156250001 0.4866855515625 0.71699289375 0.4920347328125 0.7233463796875 0.49304753593750006 0.7351244218749999 0.485893984375 0.739058096875 0.47071666093750003 0.7355143796875 0.45886291406249996 0.726546103125 0.4551755203125 0.7190687125 0.4584990953125 0.7142061078124999 0.4644972625 0.710369921875 0.472916815625 0.7097104796875 0.48184277187499996
2 0.7227844265625001 0.495215725 0.7200721484375 0.49929890156249995 0.718288796875 0.5125612375 0.7229564234375 0.5200786078124999 0.7319247 0.523766 0.7356633953125 0.5221042125 0.74482665 0.51227606875 0.7470744625 0.5036033140625 0.7461455328125 0.49442415625 0.7414779078125 0.4869067859375 0.7351244218749999 0.485893984375 0.731385725 0.48755577343749995 0.7227844265625001 0.495215725
2 0.750962175 0.565182825 0.751891103125 0.5743619828125001 0.7560942640625 0.5772897734375 0.7672128640625 0.5790621796875 0.7752522109375 0.573570415625 0.7797478390625 0.5562249015625 0.7772305390625001 0.54679254375 0.7682622640625001 0.5431051515624999 0.7629351953125 0.5445137390625 0.7564842203125 0.550258703125 0.7537719421875 0.5543418796874999 0.750962175 0.565182825
2 0.4550320765625 0.40512043281250004 0.44960751718749997 0.41328678593749996 0.44735970468749997 0.4219595421875 0.4472622140625 0.42871730937499997 0.45192984062499997 0.43623467812500005 0.46304844218749996 0.43800708281249995 0.4667871375 0.436345296875 0.46949941562499997 0.4322621203125 0.47399504375 0.4149166078125 0.4735305796875 0.41032702812500005 0.46886295312500004 0.402809659375 0.46092109687500005 0.40154365625 0.4550320765625 0.40512043281250004
2 0.4718217390625 0.4552100140625 0.468083040625 0.45687179999999994 0.4653707625 0.460954978125 0.46209653125 0.46720634375000003 0.45872480937500004 0.480215478125 0.45918927343749993 0.4848050578125 0.46283048125 0.48990103593749995 0.475537453125 0.49192664218750004 0.4798381015625 0.4880966671875 0.48526266093750003 0.479930309375 0.48751047343750004 0.47125755468749997 0.48704600937500003 0.46666797656250003 0.4829403375 0.4569824171875 0.4718217390625 0.4552100140625
2 0.48159847187500004 0.5132127484375 0.483089353125 0.520223715625 0.49093372031250004 0.5282474890625 0.49943753125 0.5273453031249999 0.507012415625 0.5172639593749999 0.50982218125 0.5064230140625 0.5078668359375 0.4948224671875 0.5052520453125 0.49214787812500005 0.49572181562499995 0.49062867343749994 0.4898327953125 0.49420544843750003 0.484408240625 0.502371803125 0.48159847187500004 0.5132127484375