1 0.29768567031250004 0.6819964749999999 0.28937531875 0.6770882281249999 0.2805743609375 0.6754567812500001 0.2737283421875 0.675871596875 0.2690825625 0.676694275 0.263700875 0.6824321578125 0.26222906562500004 0.6922625640625 0.263938703125 0.6959472250000001 0.2737133875 0.7061785375 0.290334090625 0.715995034375 0.3057357671875 0.718850065625 0.3157632328125 0.7122895078125 0.3172350421875 0.7024591015625 0.303795784375 0.6864968609375001 0.29768567031250004 0.6819964749999999
1 0.3817778796875 0.7093718828125 0.369312353125 0.7020095109375 0.3451097234375 0.6975230328124999 0.3360634640625 0.6975299859375 0.321880821875 0.7016364234375 0.3204090109375 0.7114668281250001 0.326273821875 0.7176056156249999 0.334584175 0.7225138624999999 0.34534007031249997 0.726191571875 0.367342459375 0.7302701875000001 0.37638871875 0.73026323125 0.38127980156249996 0.7278021531250001 0.38397064375 0.7249332140625 0.3854424546875 0.7151028078125 0.3817778796875 0.7093718828125
1 0.45441568125 0.66221743125 0.44463351875 0.6671395875 0.43387014687500003 0.6786153500000001 0.430681221875 0.6999145625 0.4323908578125 0.7035992265625 0.43654603437499995 0.70605335 0.44974746874999993 0.70850051875 0.46222047499999996 0.7007094203124999 0.47298384687499995 0.6892336593749999 0.4729913234375 0.6740801890625 0.469572053125 0.6667108625 0.4654168765625 0.6642567390624999 0.45441568125 0.66221743125
1 0.5334088984375 0.617924965625 0.5214264953125001 0.6224392609375 0.5116443312500001 0.62736141875 0.5104178218750001 0.635553425 0.516282634375 0.6416922109375001 0.5226380484375001 0.6445541984375 0.5424401999999999 0.6482249515625 0.5514864578124999 0.6482179953125 0.5703148796875 0.643288884375 0.5730057234375 0.6404199421875 0.5722772953125 0.630181675 0.5642122453125 0.6236350265625 0.5334088984375 0.617924965625
1 0.5625325203125 0.55933648125 0.5561771046875 0.5564744968750001 0.5451759093749999 0.5544351890625 0.5361296515625 0.55444214375 0.5199920734375 0.556502315625 0.50776436875 0.5626550124999999 0.5062925578125 0.57248541875 0.509957128125 0.5782163437500001 0.527559040625 0.5814792375 0.543206015625 0.5826958671875 0.5571433578125 0.580227834375 0.5644799796875 0.5765362140625 0.5671708234375 0.5736672734375 0.5681520296875 0.5671136703124999 0.5625325203125 0.55933648125
1 0.4036396578125 0.5029403125 0.3926384625 0.5009010046875 0.387992684375 0.501723684375 0.37796521875 0.50828424375 0.374783771875 0.5144299859375 0.3718401484375 0.5340907968749999 0.3750141171875 0.5430985234375 0.37916929375 0.5455526484375001 0.3923707296875 0.5479998187499999 0.404843734375 0.5402087203125 0.4077798796875 0.535701378125 0.410968803125 0.5144021640625 0.4075495328125 0.507032840625 0.4036396578125 0.5029403125
1 0.290996684375 0.36418841562500004 0.26679405312500004 0.359701940625 0.25945743125 0.3633935578125 0.256275984375 0.3695393 0.25944995312499997 0.37854702812499996 0.27167018125000003 0.3875478 0.2995373828125 0.3977652046875 0.30833833906249997 0.39939665 0.31592026406249996 0.39406663124999997 0.31714677343750003 0.38587462499999997 0.3154371375 0.3821899625 0.30370751406249996 0.3699123875 0.2995523375 0.3674582625 0.290996684375 0.36418841562500004
1 0.4658117328125 0.35954893125 0.453100903125 0.35382496093750004 0.4332987515625 0.3501542078125 0.42865297187499996 0.3509768859375 0.41862550625 0.35753744374999996 0.418380203125 0.35917584375 0.4217994734375 0.366545171875 0.43572933750000004 0.3792306078125 0.44623992812499996 0.3845467171875 0.4726427984375 0.38944105625000003 0.4772885765625 0.388618378125 0.47997941875 0.3857494359375 0.48145123125 0.37591903125 0.47387678437499997 0.3660955796875 0.4658117328125 0.35954893125
1 0.55721065625 0.4438466015625 0.5435260953125 0.4295227625 0.5330155046875 0.42420665468749996 0.513213353125 0.42053589999999996 0.5063673328125 0.42095071562499997 0.500985646875 0.42668859687499994 0.5000044406249999 0.43324220156250004 0.5017140765625 0.43692686406250003 0.509533825 0.4451119140625 0.523954290625 0.4545205484375 0.5347101859375 0.4581982578125 0.5457113796875 0.46023756406249994 0.5525573968749999 0.459822746875 0.557939084375 0.45408486875 0.5589202921875 0.44753126249999997 0.55721065625 0.4438466015625
1 0.6425218984375001 0.478183471875 0.6388573265625 0.47245254687499993 0.6347021515625 0.469998421875 0.628346734375 0.4671364359375 0.60634434375 0.463057821875 0.595097846875 0.4626569140625 0.5831154453125 0.4671712109375 0.5779790593749999 0.47127069062500004 0.57748845625 0.47454749218750003 0.5809077281249999 0.4819168203125 0.585062903125 0.48437094375 0.598019034375 0.4884565140625 0.6156209484375 0.49171940468750003 0.629067684375 0.492528175 0.6386045453125 0.4892444171875 0.6412953906250001 0.4863754765625 0.6425218984375001 0.478183471875
1 0.25905765625 0.3560198625 0.2537419640625 0.3915240109375 0.3168228203125 0.40321740000000006 0.3221385109375 0.3677132515625 0.25905765625 0.3560198625
1 0.37600793125 0.4961343078125 0.368648875 0.5452863375 0.40605294062499997 0.5522199828125001 0.41341199531250006 0.503067953125 0.37600793125 0.4961343078125
1 0.2622353703125 0.67205725625 0.25634812500000004 0.7113788796875 0.3164806578125 0.722525734375 0.322367903125 0.6832041125 0.2622353703125 0.67205725625
1 0.32083591875 0.693587459375 0.316501434375 0.7225380046875001 0.3832346859375 0.7349084453125 0.38756916874999997 0.7059579 0.32083591875 0.693587459375
1 0.43615886562500006 0.658269040625 0.42896416249999997 0.706323340625 0.4678423859375 0.7135302546875 0.4750370890625 0.665475953125 0.43615886562500006 0.658269040625
1 0.5064730390625 0.5461325875 0.5018123046875 0.5772622046875 0.5663453140625 0.5892247828125 0.57100605 0.558095165625 0.5064730390625 0.5461325875
1 0.5114162828125 0.6138565828125 0.5069198984375001 0.6438884703125 0.5736531484375 0.6562589109375 0.5781495328124999 0.6262270203125 0.5114162828125 0.6138565828125
1 0.502376509375 0.4173988640625 0.4972251703125 0.45180528437499995 0.5588318640625001 0.46322540625 0.563983203125 0.42881898593749995 0.502376509375 0.4173988640625
1 0.5801990046875 0.4565189296875 0.57561921875 0.48710787499999997 0.64015223125 0.499070453125 0.6447320171875 0.46848150781250003 0.5801990046875 0.4565189296875
1 0.4229536859375 0.3487922046875 0.41804764843750003 0.381560225 0.47892826250000003 0.392845753125 0.4838343 0.360077734375 0.4229536859375 0.3487922046875
2 0.29790004375 0.4036415015625 0.294220515625 0.428217515625 0.330898503125 0.43501656874999994 0.33457803125 0.4104405546875 0.29790004375 0.4036415015625
2 0.3905963515625 0.3534614140625 0.38699777343749997 0.37749675625 0.4163269609375 0.3829335515625 0.41992553906249996 0.358898209375 0.3905963515625 0.3534614140625
2 0.5206808421875 0.46626495312499994 0.5169203640625 0.4913816390625 0.5543244281249999 0.4983152859375 0.5580849046874999 0.4731985984375 0.5206808421875 0.46626495312499994
2 0.43237598125 0.5677668578125 0.4283702015625 0.594521946875 0.46357402812500004 0.60104773125 0.46757980625 0.5742926421875 0.43237598125 0.5677668578125
2 0.41067975937499995 0.6170732531249999 0.406428678125 0.64546674375 0.44163250156249995 0.6519925265625 0.4458835828125 0.6235990375 0.41067975937499995 0.6170732531249999
2 0.37898873125 0.738044790625 0.375144853125 0.7637185328125 0.4118228390625 0.7705175859375 0.41566671718750003 0.744843840625 0.37898873125 0.738044790625
2 0.19606889375 0.8018013046875 0.1919797125 0.8291134484375 0.226457459375 0.8355046390625 0.23054664218749998 0.8081924953125 0.19606889375 0.8018013046875
2 0.54658154375 0.6910978812499999 0.5423304625 0.7194913703125 0.581934765625 0.7268328765625001 0.5861858453125001 0.6984393875 0.54658154375 0.6910978812499999
2 0.5364323468750001 0.587611615625 0.5323431656250001 0.614923759375 0.56534675 0.6210416828125 0.5694359328124999 0.5937295390624999 0.5364323468750001 0.587611615625
2 0.6037677265625 0.7522063343750001 0.5998428984374999 0.77842075 0.6335725625 0.7846732671875001 0.63749739375 0.7584588515624999 0.6037677265625 0.7522063343750001
0 0.305961115625 0.601576409375 0.302036284375 0.6277908265625001 0.3423666671875 0.635266928125 0.346291496875 0.6090525125 0.305961115625 0.601576409375
0 0.46570816718749997 0.58180938125 0.4619476890625 0.606926065625 0.497151515625 0.6134518515625 0.5009119921875 0.5883351640625001 0.46570816718749997 0.58180938125
0 0.5106233859375 0.6995787 0.50669855625 0.7257931171875 0.5397021421875 0.731911040625 0.5436269703125001 0.7056966234375001 0.5106233859375 0.6995787
0 0.599154559375 0.823193625 0.5953106796875 0.8488673656250001 0.629788425 0.8552585562499999 0.6336323046875 0.8295848156250001 0.599154559375 0.823193625
0 0.6390515390625 0.415800965625 0.635045759375 0.44255605156250005 0.6709756625 0.44921643125 0.6749814421875 0.42246134375000005 0.6390515390625 0.415800965625
2 0.3098026734375 0.4047197140625 0.3051568921875 0.4055423921875 0.2951294265625 0.4121029515625 0.29414821875 0.4186565546875 0.29561255468750003 0.42397962031249997 0.30587784375 0.4309341296875 0.3190792765625 0.4333812984375 0.32372505937499996 0.4325586203125 0.3310616796875 0.42886700156249996 0.33277879375 0.41739819687499996 0.32691398125000004 0.41125940937500005 0.3186036296875 0.4063511609375 0.3098026734375 0.4047197140625
2 0.39613251250000003 0.35673563124999996 0.3887958890625 0.3604272484375 0.3873240765625 0.3702576546875 0.39098865 0.37598858125 0.3970987625 0.38048896718749997 0.414700675 0.3837518578125 0.421791996875 0.3816986421875 0.42448284062499997 0.3788297015625 0.425464046875 0.3722760984375 0.413979725 0.358360121875 0.40077829062500003 0.3559129515625 0.39613251250000003 0.35673563124999996
2 0.5266376562499999 0.466805078125 0.5193010328125001 0.470496696875 0.5156289828125 0.47991924218750004 0.5173386171875001 0.48360390468750003 0.52540366875 0.490150553125 0.54300558125 0.4934134453125 0.547651359375 0.49259076874999996 0.5554785875 0.48562234687499994 0.5547501609375 0.4753840796875 0.546685109375 0.46883743125 0.5334836765625 0.46639026093749997 0.5266376562499999 0.466805078125
2 0.44125911406249996 0.5688494390625001 0.43661333437499994 0.5696721171875 0.4285408046875 0.5782789390625 0.431469471875 0.5889250671874999 0.4417347625 0.5958795765625 0.4527359578125 0.5979188843750001 0.4573817375 0.597096209375 0.459827278125 0.59586566875 0.46569956875 0.5868509859375 0.4664354734375 0.5819357828125 0.4647258390625 0.5782511203125 0.4566607875 0.5717044703124999 0.44125911406249996 0.5688494390625001
2 0.4221629578125 0.6208773640625 0.41751717812500005 0.6217000421875001 0.40748971093749997 0.6282606015625001 0.4060179 0.6380910078124999 0.41383764999999995 0.64627605625 0.4201930640625 0.6491380421875 0.4336398015625 0.649946809375 0.441221725 0.644616790625 0.44269353593750005 0.6347863859375 0.44122920312499997 0.629463321875 0.43731932812499996 0.6253707953125 0.4309639140625 0.6225088109375 0.4221629578125 0.6208773640625
2 0.5595814203125 0.5941507640625 0.551025765625 0.590880915625 0.544179746875 0.5912957343749999 0.5321973437499999 0.5958100296875 0.5292611984375 0.600317371875 0.532189865625 0.6109635015625 0.536099740625 0.615056025 0.5424551546874999 0.6179180109375 0.5603023703125001 0.6195425015625 0.5651934515625 0.617081421875 0.5681295953125 0.61257408125 0.5688655015624999 0.607658878125 0.5654462312499999 0.6002895500000001 0.5595814203125 0.5941507640625
2 0.39545496406249997 0.7388491890625 0.38860894375 0.7392640046875 0.3788267828125 0.7441861640625 0.3768643671875 0.757293371875 0.378574003125 0.7609780328125 0.384684115625 0.7654784203125 0.39323976875 0.7687482671875 0.4044862671875 0.7691491765625 0.411822890625 0.76545755625 0.41378530468749997 0.752350346875 0.41207567031250003 0.7486656859374999 0.40621085625 0.7425268984375 0.39545496406249997 0.7388491890625
2 0.20716326718750003 0.8032937875 0.20251748749999998 0.8041164640625 0.1900444796875 0.8119075625000001 0.191018209375 0.8205074296875001 0.19883795937499998 0.8286924796875 0.20519337499999998 0.8315544640624999 0.21399433124999998 0.8331859109374999 0.22084035000000002 0.8327710937499999 0.230867815625 0.8262105359374999 0.2323396265625 0.8163801296875001 0.22451987812500002 0.8081950796875 0.2181644640625 0.8053330953125 0.20716326718750003 0.8032937875
2 0.5607555843750001 0.6920330515625001 0.551464025 0.69367840625 0.543391496875 0.7022852281249999 0.5429008921875 0.705562028125 0.552430278125 0.7174317421875 0.5565854531250001 0.7198858671874999 0.5675866484375 0.721925175 0.579569053125 0.717410878125 0.58225989375 0.7145419375000001 0.5829958000000001 0.7096267359375 0.5815314671875 0.7043036703125 0.57371171875 0.6961186203125 0.5607555843750001 0.6920330515625001
2 0.63015959375 0.7570986343749999 0.62600441875 0.7546445109375 0.6172034625 0.753013065625 0.6103574421875 0.7534278796875 0.6030208203125 0.7571194984375 0.599348771875 0.7665420421875 0.6008131046875 0.77186510625 0.6066779140625 0.77800389375 0.61303333125 0.7808658796875 0.6218342875 0.7824973265625 0.6333260859375 0.7812598328125 0.6384624703124999 0.777160353125 0.6396889796874999 0.768968346875 0.63797934375 0.765283684375 0.63015959375 0.7570986343749999
0 0.3182611171875 0.6049846750000001 0.311169796875 0.6070378921875 0.3060334109375 0.6111373703125 0.3045616 0.6209677765625 0.3123813484375 0.629152828125 0.32533748125 0.6332383984375001 0.33462904375 0.6315930421875 0.340010728125 0.6258551625 0.3414825390625 0.6160247562500001 0.335863028125 0.6082475671875 0.331707853125 0.6057934421875 0.3182611171875 0.6049846750000001
0 0.4652089640625 0.5901277875 0.463737153125 0.5999581921875 0.47155690312500004 0.6081432437500001 0.477912315625 0.611005228125 0.4891588140625 0.6114061359375 0.4989409765625 0.606483978125 0.500658090625 0.595015171875 0.4928383421875 0.5868301203125 0.47743666874999996 0.583975090625 0.4727908875 0.58479776875 0.4652089640625 0.5901277875
0 0.532145 0.7018843218749999 0.52334404375 0.7002528765625 0.5164980234375001 0.700667690625 0.5091614015625 0.7043593109375 0.5071989875 0.71746651875 0.5150187359375 0.7256515671875 0.52137415 0.728513553125 0.52797486875 0.7297371390625 0.5372664281249999 0.7280917828125 0.544848353125 0.7227617625 0.5460748625 0.714569759375 0.5443652250000001 0.71088509375 0.538500415625 0.70474630625 0.532145 0.7018843218749999
0 0.6113012640625 0.822641628125 0.6020097015625 0.8242869828125 0.5968733187499999 0.8283864640624999 0.59540150625 0.8382168703125 0.6029759546875 0.8480403203125 0.6159320859374999 0.8521258906250001 0.6298694265625 0.8496578578125 0.6350058093750001 0.8455583765625001 0.635741715625 0.8406431734375 0.6342773828125 0.835320109375 0.6284125703125001 0.829181321875 0.6201022187499999 0.8242730734375 0.6113012640625 0.822641628125
0 0.641563125 0.4392766640625 0.6457183 0.44173078749999994 0.661119975 0.44458581875 0.6709021390625 0.4396636625 0.67237395 0.42983325624999996 0.6667544390625 0.4220560671875 0.6491525265625 0.4187931765625 0.644506746875 0.419615853125 0.6364342187500001 0.42822267500000005 0.641563125 0.4392766640625