1 0.6836011203125001 0.1599807609375 0.700705325 0.1689942734375 0.7070559859375 0.1704094859375 0.71335591875 0.1702528125 0.721654365625 0.1669001484375 0.7277513734375 0.1604559375 0.7274469859375 0.15102463125 0.725194815625 0.1463612046875 0.7165919828125 0.1402825609375 0.7016384859375 0.1327887109375 0.6952878234375001 0.131373496875 0.6805879828125 0.13173906562499998 0.6764894906250001 0.1349872828125 0.670493946875 0.1445752625 0.6705954078125 0.1477190328125 0.6836011203125001 0.1599807609375
1 0.69990435 0.27441496875000004 0.71680563125 0.2771409453125 0.7273055171875 0.2768798234375 0.73565469375 0.27509904375 0.7438009484375 0.2670307265625 0.74364875625 0.26231507187499997 0.7370951671875 0.254612325 0.722192403125 0.24869035625000002 0.715841740625 0.2472751421875 0.7011419 0.2476407109375 0.6907434765625 0.2510456015625 0.6845957390625 0.2559179265625 0.68484939375 0.2637773484375 0.6870508328125 0.26686889375 0.69990435 0.27441496875000004
1 0.6830845296875 0.3393322421875 0.6981394890625 0.349969865625 0.706539396875 0.34976096874999996 0.7106886203125 0.3480846359375 0.7147871125 0.34483641875000004 0.716734896875 0.340068540625 0.7163290484375 0.3274934671875 0.7117739765625 0.31659472499999997 0.701020434375 0.308996425 0.69676975 0.30752898906250004 0.6841698859374999 0.3078423328125 0.6800206625 0.309518665625 0.6760236328125 0.3159106515625 0.6764294828125 0.328485725 0.6830845296875 0.3393322421875
1 0.7074832843750001 0.44412625156249996 0.7138846796875 0.447113346875 0.7243845640625 0.4468522265625 0.7305323015625 0.44197990000000004 0.7324800875 0.437212025 0.7318205828125001 0.416777528125 0.7230655578125 0.40598323281250004 0.718764140625 0.40294391406249996 0.7145134546875 0.40147647812500004 0.7082135234375 0.40163315 0.6999150765625 0.4049858140625 0.6958673140625 0.40980591562499996 0.6964760875 0.42866852812499995 0.6987282593749999 0.4333319578125 0.7074832843750001 0.44412625156249996
1 0.6134916234375 0.4621951796875 0.61774230625 0.463662615625 0.62824219375 0.46340149531249997 0.6323914171875 0.46172516249999995 0.6363884484375 0.4553331765625 0.6356782125 0.43332679687500003 0.6334260406250001 0.42866336718750003 0.6290231625 0.422480278125 0.6205217921874999 0.41954540781249994 0.61002190625 0.41980652812499997 0.6038741671875 0.424678853125 0.5999786 0.43421460625 0.600181525 0.44050214531250004 0.6047873265625 0.45297277031250005 0.6134916234375 0.4621951796875
1 0.5590844140625 0.3392696984375 0.5675350546875 0.3406326875 0.5800841859375 0.33874745625 0.594581103125 0.3320943515625 0.6027780859375 0.3255979171875 0.6067751171875 0.3192059328125 0.6065214625 0.31134650937499997 0.6043200234375 0.308254965625 0.6000693359375 0.3067875296875 0.5853694984375 0.307153096875 0.5687726046875 0.3138584296875 0.5544278796875 0.3252271890625 0.552581559375 0.3331388328125 0.5590844140625 0.3392696984375
1 0.4197956875 0.2562106296875 0.432344821875 0.25432540000000003 0.450990959375 0.24599596406250002 0.455038721875 0.2411758625 0.45678358125 0.230120446875 0.4460807703125 0.22409402968749997 0.4334809078125 0.22440737500000002 0.418882528125 0.22791671249999998 0.4022856359375 0.2346220421875 0.4002871203125 0.2378180359375 0.3984915296875 0.247301565625 0.4050451171875 0.25500431562500003 0.4197956875 0.2562106296875
1 0.4478256296875 0.213038615625 0.45002707031250005 0.2161301609375 0.4564791953125 0.2206891421875 0.464879103125 0.22048024531250002 0.471128303125 0.2187516875 0.47942675156250003 0.2153990234375 0.48352524218750004 0.21215080625 0.4875730046875 0.20733070312500002 0.4934670859375 0.1945989578125 0.49311196874999996 0.18359576875 0.48660911249999994 0.1774649015625 0.4761092265625 0.1777260234375 0.46781078125000003 0.1810786890625 0.45556603593749995 0.19239522343749998 0.44951975781250003 0.2004113171875 0.4478256296875 0.213038615625
1 0.4726916890625 0.46255042812499997 0.4894915046875 0.46213263437499996 0.49574070625 0.460404078125 0.5060884 0.45542730468750003 0.5183331453125 0.44411076875 0.5201794671875 0.4361991234375 0.5179272953125 0.43153569375 0.5136766109375001 0.4300682578125 0.4989767703125 0.43043382656249995 0.482329146875 0.4355672734375 0.46998293750000003 0.443740040625 0.46598590937499995 0.4501320265625 0.4661888328125 0.4564195625 0.4726916890625 0.46255042812499997
1 0.5202409234375 0.568341853125 0.5246438015625 0.5745249421875 0.5393436421875 0.5741593734375 0.543442134375 0.5709111578125 0.5534347093750001 0.55493119375 0.5553317625 0.54859143125 0.5550273765625 0.5391601265625 0.5527752046875001 0.5344966984374999 0.550573765625 0.5314051531249999 0.54632308125 0.5299377171875 0.542123125 0.5300421640625 0.531775434375 0.5350189390625 0.5236799125 0.5446591421875 0.519835075 0.5557667796875 0.5202409234375 0.568341853125
1 0.7341775140625 0.4478042765625 0.73265558125 0.4006477484375 0.6937430046874999 0.40161546093749995 0.6952649375 0.44877199062499995 0.7341775140625 0.4478042765625
1 0.7198905859375 0.34960985 0.7184432296875001 0.3047639921875 0.67335671875 0.3058852453125 0.6748040765625001 0.350731103125 0.7198905859375 0.34960985
1 0.74474725 0.27681575625 0.7437179171875 0.244922225 0.6825665812499999 0.246442990625 0.6835959140625001 0.27833652343750004 0.74474725 0.27681575625
1 0.727632865625 0.1685055265625 0.7263346578125 0.12828100781250001 0.6701392671875 0.129678525 0.6714374765625 0.16990304375 0.727632865625 0.1685055265625
1 0.49500626406250003 0.2191725484375 0.49360355 0.1757099484375 0.448517040625 0.17683120000000002 0.4499197546875 0.2202938 0.49500626406250003 0.2191725484375
1 0.4572125640625 0.25480817031249997 0.4562578046875 0.2252253078125 0.3988234265625 0.22665363749999998 0.3997781859375 0.2562365015625 0.4572125640625 0.25480817031249997
1 0.6101375046874999 0.3393844328125 0.6090183765625 0.304708665625 0.5528229875 0.3061061828125 0.5539421156250001 0.34078195 0.6101375046874999 0.3393844328125
1 0.6382887640625 0.4640719375 0.6367967625000001 0.4178428203125 0.598493178125 0.41879538906249997 0.5999851796875 0.4650245046875 0.6382887640625 0.4640719375
1 0.523224396875 0.461844334375 0.5221499125 0.4285518265625 0.46471553437499996 0.42998015624999997 0.4657900203125 0.4632726640625 0.523224396875 0.461844334375
1 0.5571916781249999 0.5752886578124999 0.555669746875 0.528132128125 0.5167571703125 0.529099840625 0.518279103125 0.5762563734375 0.5571916781249999 0.5752886578124999
2 0.6289298718749999 0.5573169375 0.6280644 0.530500590625 0.5978037281249999 0.531253140625 0.5986692015624999 0.5580694875 0.6289298718749999 0.5573169375
2 0.7412618156249999 0.47585820312499993 0.740426275 0.44996926718749997 0.7083176234375 0.450767775 0.7091531640625 0.476656709375 0.7412618156249999 0.47585820312499993
2 0.6149764156249999 0.392939834375 0.6141555859375 0.36750674375000003 0.5801779546875 0.36835173125 0.580998784375 0.39378481875000004 0.6149764156249999 0.392939834375
2 0.6600487015625001 0.2386731796875 0.6592278734375 0.213240090625 0.6227932671875 0.2141461796875 0.623614096875 0.23957926718749997 0.6600487015625001 0.2386731796875
2 0.626345471875 0.2473692046875 0.6254652875 0.2200970125 0.5927266437500001 0.2209111875 0.593606828125 0.2481833796875 0.626345471875 0.2473692046875
2 0.6078503937499999 0.26819353125 0.607044784375 0.2432320078125 0.5706101796875 0.24413809843749998 0.5714157890625 0.2690996203125 0.6078503937499999 0.26819353125
2 0.575258075 0.254656975 0.5744078218750001 0.22831219531250002 0.5398211984375 0.2291723265625 0.5406714515625 0.2555171078125 0.575258075 0.254656975
2 0.491830525 0.3890647625 0.49100969687499996 0.36363167500000004 0.4601190328125 0.364399890625 0.4609398609375 0.3898329796875 0.491830525 0.3890647625
2 0.46172385781249997 0.3564942515625 0.46087360468750005 0.33014947031249997 0.429373946875 0.33093283281249997 0.43022419999999995 0.35727761406249997 0.46172385781249997 0.3564942515625
2 0.42166748125 0.39821129375000003 0.42089180156249995 0.37417718125 0.3893921453125 0.37496054375 0.390167821875 0.3989946546875 0.42166748125 0.39821129375000003
0 0.5528273515625 0.4208513390625 0.5519770984375 0.39450655625 0.51799946875 0.39535154375000003 0.518849721875 0.421696325 0.5528273515625 0.4208513390625
0 0.47242944218750005 0.49642678125 0.47166847812499996 0.47284851562499997 0.43460387968749997 0.47377027343749994 0.43536484687500004 0.4973485375 0.47242944218750005 0.49642678125
0 0.4669762984375 0.5192392921875 0.4662300453125 0.4961168765625 0.43040443437500003 0.4970078203125 0.4311506890625 0.5201302359375 0.4669762984375 0.5192392921875
0 0.51053985625 0.2983638328125 0.509689603125 0.2720190515625 0.4738639921875 0.27290999375 0.4747142453125 0.2992547765625 0.51053985625 0.2983638328125
0 0.522836296875 0.277253178125 0.52194089375 0.24950942031249998 0.48735426718749997 0.2503695515625 0.48824967187499996 0.27811331093749997 0.522836296875 0.277253178125
2 0.7419453468749999 0.470012696875 0.7438424015625 0.4636729375 0.7415394984375 0.45743762343750005 0.7329366671875001 0.45135898125 0.7182368265625 0.4517245515625 0.7099891109375001 0.45664910000000003 0.7080413265625001 0.46141697812500004 0.7082442515625 0.46770451562500004 0.7104456906250001 0.47079606093750004 0.7190485234375 0.47687470000000004 0.7337483640625 0.47650913125 0.7419453468749999 0.470012696875
2 0.628932425 0.54990735625 0.62857730625 0.538904165625 0.6178744984375 0.53287775 0.60107468125 0.5332955421875 0.5950284031249999 0.5413116359375 0.595231328125 0.5475991734375001 0.601835646875 0.5568738062499999 0.60608633125 0.5583412437499999 0.61658621875 0.5580801234375 0.624884665625 0.5547274578125 0.628932425 0.54990735625
2 0.5944596375 0.39345006250000003 0.6070595015625 0.3931367171875 0.611208725 0.3914603859375 0.615307215625 0.38821216718749996 0.617255 0.3834442921875 0.6170013437499999 0.3755848703125 0.61479990625 0.372493325 0.606247803125 0.36798656875 0.5915479625 0.3683521375 0.5873987390625001 0.370028471875 0.5813017312500001 0.37647268125 0.5815553875 0.3843321015625 0.5838075578125 0.38899553125 0.5944596375 0.39345006250000003
2 0.49325488437500004 0.383381746875 0.4930012296875 0.375522325 0.48859835 0.3693392359375 0.480096978125 0.3664043625 0.4716463390625 0.3650413765625 0.46334789374999996 0.3683940421875 0.45924940156250005 0.3716422578125 0.45745381093750004 0.3811257890625 0.45965524843749994 0.384217334375 0.47040879062499996 0.3918156328125 0.483008653125 0.3915022890625 0.49325488437500004 0.383381746875
2 0.45244215624999995 0.3560800875 0.45659138125 0.35440375468749996 0.4625869265625 0.3448157765625 0.46023329375 0.33700857968750003 0.44953048281249997 0.3309821625 0.44107984218749996 0.32961917500000004 0.43483064374999997 0.33134773125 0.42663365937500003 0.3378441671875 0.42463514375000005 0.3410401578125 0.42478733750000003 0.34575581093749996 0.4313409234375 0.3534585609375 0.43774231874999997 0.35644565625 0.45244215624999995 0.3560800875
2 0.41181235312500003 0.399565446875 0.4201107984375 0.39621278125 0.4239556359375 0.38510514375 0.4217034671875 0.3804417140625 0.41740205 0.3774023921875 0.4068007015625 0.374519746875 0.4005007703125 0.37467641875 0.3922023234375 0.378029084375 0.38810383125 0.3812773015625 0.3884589484375 0.39228049062500003 0.39496180625 0.39841135625 0.4013124671875 0.3998265671875 0.41181235312500003 0.399565446875
2 0.5967518140625 0.2691145296875 0.6049487984375 0.2626180984375 0.6069473140625 0.2594221046875 0.6066936593750001 0.2515626828125 0.6002415328125 0.247003703125 0.5917401625 0.2440688296875 0.5833402546875 0.24427772656250002 0.57504180625 0.2476303921875 0.5710447765625 0.254022378125 0.571146240625 0.25716614375 0.5756505796875 0.266493003125 0.579951996875 0.269532325 0.5967518140625 0.2691145296875
2 0.5647448453125 0.25417904999999996 0.5688940687499999 0.25250271875 0.5748896140624999 0.2429147390625 0.5747374203125 0.23819908750000002 0.5725359828125 0.23510754218750002 0.5618331703125 0.229081125 0.545033353125 0.2294989171875 0.5388856140625 0.23437124374999999 0.5392914625 0.24694631718750001 0.5436943421875 0.25312940781250004 0.554295690625 0.2560120546875 0.5647448453125 0.25417904999999996
2 0.6231383578125 0.2401416984375 0.6205310703125 0.22447508124999999 0.6098789906250001 0.220020546875 0.6056790375000001 0.22012499531250002 0.5952806125000001 0.22352988593749998 0.58918360625 0.22997409531250002 0.589640184375 0.24412105468749998 0.6044922203125 0.24847113906249998 0.61079215 0.2483144671875 0.6149413734375 0.246638134375 0.6231383578125 0.2401416984375
2 0.6420888828125 0.2412435671875 0.6503873296875 0.2378909015625 0.6564843375 0.23144669218749997 0.6561292203125 0.220443503125 0.649626365625 0.2143126359375 0.6369757703125 0.21305409687500002 0.63072656875 0.21478265312499997 0.626577346875 0.21645898749999998 0.6183803609375 0.2229554203125 0.6184818234375 0.226099190625 0.6251876046875 0.23851759062500003 0.633688975 0.24145246406249998 0.6420888828125 0.2412435671875
0 0.488466159375 0.30012410156249997 0.4968660671875 0.29991520625 0.5010152921875 0.2982388734375 0.5092122765625 0.29174243906249997 0.508857159375 0.28073925 0.5024050328125 0.27618026875 0.49390366406249997 0.273245396875 0.48970370937499996 0.2733498453125 0.485554484375 0.2750261796875 0.4773575 0.2815226125 0.475358984375 0.2847186046875 0.475511178125 0.2894342578125 0.47991405781249996 0.29561734687499996 0.488466159375 0.30012410156249997
0 0.5045050125 0.2761280453125 0.5129049203125 0.2759191484375 0.521203365625 0.2725664828125 0.52320188125 0.26937049062499996 0.5228467640625001 0.2583673 0.518494615625 0.253756096875 0.5099932453125 0.25082122500000004 0.5015933375 0.251030121875 0.491296375 0.25757877812499996 0.489297859375 0.26077477187500003 0.489450053125 0.265490425 0.49170222499999994 0.27015385468750003 0.49600363906249995 0.273193171875 0.5045050125 0.2761280453125
0 0.54487188125 0.4198535921875 0.5530181359374999 0.4117852734375 0.5528152109375 0.40549773437500003 0.5506137718749999 0.402406190625 0.5399109625 0.396379775 0.531511053125 0.396588671875 0.525261853125 0.398317228125 0.519114115625 0.4031895546875 0.5195199640625 0.4157646265625 0.5302227734375 0.42179104531249995 0.540722659375 0.4215299234375 0.54487188125 0.4198535921875
0 0.461157178125 0.49587334375000003 0.46530640156249997 0.494197009375 0.47145413906250005 0.4893246828125 0.471149753125 0.47989337968749995 0.4689483140625 0.47680183437499996 0.4603962109375 0.472295078125 0.44779634843749994 0.4726084234375 0.44364712656250005 0.47428475625 0.43755011875000005 0.480728965625 0.4378037734375 0.48858838593750004 0.44215592187499997 0.4931995921875 0.448557315625 0.4961866875 0.461157178125 0.49587334375000003
0 0.45981816562500005 0.51950383125 0.465915175 0.513059621875 0.46571225156249996 0.5067720859375 0.45920939375 0.5006412203124999 0.4423588453125 0.499487128125 0.4340603984375 0.50283979375 0.4299619078125 0.5060880109375 0.43016483125000005 0.5123755484375 0.43241700156249996 0.5170389765625 0.4388691265625 0.5215979578125001 0.45566894375 0.5211801656249999 0.45981816562500005 0.51950383125