1 0.3906421265625 0.175664209375 0.387054046875 0.18511625 0.3854271875 0.1965798234375 0.387156 0.2002290125 0.3969621109375 0.2102866953125 0.40111696406249997 0.2126721125 0.4101238953125 0.2125299921875 0.42006045781249995 0.20583725468749997 0.425609759375 0.198396753125 0.42863106875 0.1771072578125 0.42517344062499995 0.1698088796875 0.41905736562499996 0.1654119234375 0.40589558437499995 0.1631686265625 0.401275915625 0.164058515625 0.3906421265625 0.175664209375
1 0.440035540625 0.2075645484375 0.4369122765625 0.21374127812500002 0.4355178265625 0.2235671984375 0.43701423437500003 0.22885404375 0.44093667812500004 0.23287711406249997 0.445091528125 0.23526253437500003 0.45605968125 0.2371319484375 0.470615915625 0.22954932499999997 0.47686244218749996 0.21719586406250002 0.47895411718750003 0.20245698281250002 0.47330285781250003 0.19478471875 0.46672196718750003 0.19366307031250002 0.4528629609375 0.1963327359375 0.4480108828125 0.1988602765625 0.440035540625 0.2075645484375
1 0.4664040671875 0.2908902703125 0.47644258749999996 0.299310296875 0.4847522921875 0.3040811359375 0.49548803750000003 0.307588203125 0.5025337453125001 0.30543454531249997 0.5051921921875 0.302533121875 0.506354234375 0.2943448546875 0.504857828125 0.2890580109375 0.49378771875 0.27207583281250003 0.4793619390625 0.2629080390625 0.468626196875 0.259400971875 0.4611156703125 0.26482993593750004 0.45948881249999995 0.27629350937499997 0.4664040671875 0.2908902703125
1 0.502227878125 0.260096253125 0.4969109859375 0.26589910156249996 0.49621375937499995 0.2708120625 0.502097425 0.2768466703125 0.5145619828125 0.28400292656250004 0.53407225 0.2890055265625 0.5452728109375 0.2892372890625 0.5545121484375 0.28745751249999996 0.5593642265625001 0.284929971875 0.5612234921875 0.27182874375 0.5573010484375 0.26780567187500004 0.5382556000000001 0.259527765625 0.51631929375 0.2557889375 0.509505996875 0.2563049421875 0.502227878125 0.260096253125
1 0.6443940046875001 0.3665130734375 0.6373482984375001 0.36866673125 0.6313341765625 0.379382540625 0.6314361328125 0.3944953046875 0.6383513890625 0.4090920640625 0.642273834375 0.4131151375 0.657629246875 0.41573231718750003 0.6624813234375 0.4132047765625 0.6653721796875 0.4086656984375 0.6676962625 0.39228916406250003 0.666432265625 0.3853646671875 0.6629746390625 0.3780662875 0.6551297500000001 0.3700201421875 0.650974896875 0.367634721875 0.6443940046875001 0.3665130734375
1 0.6288961078125 0.5232118015625 0.633050959375 0.5255972203125 0.6418254812499999 0.5270927515625 0.6491035984375 0.5233014390624999 0.6518924984375001 0.5036495984375 0.6432484281249999 0.48540364843750006 0.63517113125 0.47899515781249996 0.6263966078125 0.4774996265625 0.6188860843749999 0.482928590625 0.6165619999999999 0.4993051265625 0.6178259984375 0.5062296234375 0.6230124406249999 0.517177190625 0.6288961078125 0.5232118015625
1 0.4108705125 0.53972395625 0.403592396875 0.54351526875 0.402197946875 0.5533411890625 0.4039267609375 0.5569903796875 0.410042834375 0.561387334375 0.42054617031249997 0.56653205625 0.44686973593749996 0.57101865 0.4561090765625 0.569238875 0.46338719062499995 0.5654475625 0.46627804843750004 0.5609084859375 0.46501405 0.5539839890625 0.459130384375 0.54794938125 0.44643341718749996 0.5424307749999999 0.42010985156249997 0.53794418125 0.4108705125 0.53972395625
1 0.3375795703125 0.5020732531250001 0.3244177875 0.49982995625 0.3197981171875 0.5007198453124999 0.310326371875 0.5041372734375 0.3003898078125 0.510830009375 0.2943756875 0.5215458187500001 0.2932136453125 0.529734084375 0.29471005156249996 0.535020928125 0.2986324953125 0.539044 0.3027873484375 0.5414294203125001 0.3115618703125 0.5429249515625 0.3161815421875 0.5420350640625 0.3331638109375 0.53318866875 0.344494825 0.5166700125 0.34495964218749997 0.5133947046875 0.34150201562500004 0.5060963265625 0.3375795703125 0.5020732531250001
1 0.24235232343750002 0.46068372343749997 0.249267578125 0.47528048125 0.263228540625 0.48772358281250006 0.2673833953125 0.490109003125 0.2783515484375 0.4919784171875 0.2856296625 0.488187103125 0.28852051875 0.4836480265625 0.28818615468750003 0.4701729171875 0.286457340625 0.46652372656249996 0.2707675625 0.4504314359375 0.2624578578125 0.4456605984375 0.25148970625 0.44379118437500004 0.24421158906249998 0.44758249531249994 0.24235232343750002 0.46068372343749997
1 0.2843207046875 0.40242348124999994 0.2797010359375 0.40331336875 0.26999687968749997 0.4083684515625 0.269067246875 0.4149190640625 0.2810669875 0.4253506296875 0.2852218390625 0.4277360484375 0.31154540625 0.43222264375 0.3205523375 0.432080521875 0.3300240828125 0.428663090625 0.33268253125 0.42576166875 0.3338445734375 0.41757340000000004 0.32599968437500004 0.40952725624999997 0.3174575703125 0.40639407031249997 0.29113400624999997 0.4019074765625 0.2843207046875 0.40242348124999994
1 0.24441616093750002 0.44091668906250003 0.2380644421875 0.4856737578125 0.28851794375 0.49427306406250004 0.29486966406250004 0.4495159953125 0.24441616093750002 0.44091668906250003
1 0.270966728125 0.39623101250000003 0.266627665625 0.426806003125 0.333160478125 0.43814586875000006 0.337499540625 0.40757087968750005 0.270966728125 0.39623101250000003
1 0.29604533593750004 0.4938703828125 0.2897703125 0.5380870265625 0.34169354531249996 0.5469368343750001 0.3479685703125 0.5027201906250001 0.29604533593750004 0.4938703828125
1 0.40352808125 0.5334407156250001 0.3993447328125 0.5629184781250001 0.46442974843749996 0.5740115828125 0.4686130984375 0.5445338203125 0.40352808125 0.5334407156250001
1 0.4598528359375 0.25789724999999997 0.4538869140625 0.299935815625 0.5065340468749999 0.3089090046875 0.5124999671875 0.26687043906249996 0.4598528359375 0.25789724999999997
1 0.4399738015625 0.1868649578125 0.43331065312500006 0.233816484375 0.4757135328125 0.2410436390625 0.48237667812499996 0.194092115625 0.4399738015625 0.1868649578125
1 0.3893138140625 0.1586651609375 0.38210915624999997 0.20943241875 0.4245120328125 0.216659575 0.4317166921875 0.165892315625 0.3893138140625 0.1586651609375
1 0.49689669218750004 0.25024778125 0.49248093437499996 0.281363196875 0.5612073765625001 0.2930769484375 0.565623134375 0.2619615328125 0.49689669218750004 0.25024778125
1 0.6314525 0.3626384421875 0.6246359640625 0.41067081875 0.6655910453125 0.41765121250000004 0.6724075828125 0.3696188359375 0.6314525 0.3626384421875
1 0.61769878125 0.47546366874999996 0.610958940625 0.5229556203125 0.6504442890625 0.5296855125000001 0.6571841296875001 0.4821935609375 0.61769878125 0.47546366874999996
0 0.24655765000000002 0.5041120375 0.2428925703125 0.5299378328125 0.280864315625 0.5364097453125 0.28452939375 0.51058395 0.24655765000000002 0.5041120375
0 0.2643022453125 0.2755396546875 0.26063716718749996 0.3013654484375 0.295230721875 0.30726158125 0.2988958 0.2814357875 0.2643022453125 0.2755396546875
0 0.52991339375 0.34015773125000004 0.5259810453125 0.367866828125 0.565641884375 0.3746266296875 0.569574234375 0.3469175328125 0.52991339375 0.34015773125000004
0 0.60412460625 0.54182570625 0.6003712125 0.5682738109375001 0.6366538609375 0.5744578328125 0.64040725625 0.5480097296875 0.60412460625 0.54182570625
0 0.6794264875 0.139209975 0.6751362296875 0.16944105781250002 0.713941553125 0.1760550453125 0.7182318109375 0.14582396250000002 0.6794264875 0.139209975
2 0.253537328125 0.314982375 0.249514340625 0.34333015625 0.2849414734375 0.349368365625 0.28896446249999996 0.3210205828125 0.253537328125 0.314982375
2 0.2906897328125 0.0226356421875 0.28648779062499996 0.052244415625 0.3244595328125 0.058716328124999995 0.3286614765625 0.0291075546875 0.2906897328125 0.0226356421875
2 0.41927428125 0.49871309999999996 0.41560920156250003 0.524538896875 0.45189185 0.53072291875 0.45555692968750006 0.5048971234375 0.41927428125 0.49871309999999996
2 0.484792746875 0.36601266093749996 0.48094871250000004 0.39309945 0.51468675 0.39884976875 0.5185307828125 0.371762978125 0.484792746875 0.36601266093749996
2 0.481659865625 0.33323326875000003 0.477906471875 0.359681371875 0.512500025 0.3655775046875 0.5162534187500001 0.33912940156250004 0.481659865625 0.33323326875000003
2 0.40877865937499996 0.09179759062500001 0.404755671875 0.120145371875 0.4401828046875 0.12618358125 0.44420579218749995 0.0978357984375 0.40877865937499996 0.09179759062500001
2 0.43854627500000004 0.162016171875 0.43452328749999997 0.1903639515625 0.46659416406250004 0.19583011875 0.47061715312499997 0.1674823390625 0.43854627500000004 0.162016171875
2 0.5620482890625 0.25984269531250004 0.558115940625 0.28755179062499997 0.5943985890625 0.293735815625 0.5983309390625 0.26602671875 0.5620482890625 0.25984269531250004
2 0.6265762390625 0.2740695890625 0.622911159375 0.29989538437499996 0.6591938078124999 0.30607940624999996 0.6628588875 0.2802536125 0.6265762390625 0.2740695890625
2 0.6644365265625 0.20826592187499998 0.660413540625 0.23661370312500002 0.698385284375 0.2430856140625 0.702408271875 0.214737834375 0.6644365265625 0.20826592187499998
0 0.26792166875 0.533809640625 0.2725413390625 0.5329197531250001 0.2773934171875 0.5303922125 0.28271030937499997 0.5245893625 0.281678721875 0.5160272140625 0.273601425 0.5096187203125 0.26043964062499997 0.5073754234375001 0.25120030312499997 0.5091552 0.24565100156250003 0.5165957015625 0.2466825890625 0.52515785 0.25256625625 0.5311924609374999 0.26792166875 0.533809640625
0 0.29793084062499997 0.2906891625 0.2962020265625 0.28703997187499997 0.28373746718750004 0.279883715625 0.268149646875 0.27890418906250003 0.2630651609375 0.2830693828125 0.2612058953125 0.2961706125 0.2651283390625 0.300193684375 0.27343804375 0.304964521875 0.289025865625 0.305944046875 0.2963039828125 0.3021527375 0.29793084062499997 0.2906891625
0 0.6792267562500001 0.1527282375 0.6780647140625 0.160916503125 0.683715971875 0.1685887671875 0.69006445625 0.1713480671875 0.701032609375 0.173217484375 0.7102719468750001 0.1714377078125 0.7153564328125 0.1672725125 0.7189445125 0.15782047500000002 0.7110996234375 0.14977432968749999 0.706944771875 0.1473889109375 0.7005962875 0.1446296078125 0.6893957281249999 0.14439784687499999 0.6821176109375 0.148189159375 0.6792267562500001 0.1527282375
0 0.6287371562499999 0.5718254 0.6333568265625 0.5709355125 0.63867371875 0.5651326625 0.6378745390625 0.5549328609375 0.633952096875 0.5509097890625 0.623448759375 0.5457650671875001 0.609822159375 0.546797075 0.6049700828125 0.5493246171874999 0.603110815625 0.5624258453125 0.607033259375 0.56644891875 0.6111881140625 0.5688343375 0.6287371562499999 0.5718254
0 0.5611380031250001 0.3674182890625 0.5664548953125 0.361615440625 0.5669197125000001 0.3583401328125 0.5615008625 0.34903021875 0.5509975265625 0.343885496875 0.5395645578125 0.345291390625 0.5347124812499999 0.3478189296875 0.5320540328125001 0.3507203546875 0.530659584375 0.360546275 0.536310840625 0.3682185390625 0.5492402171874999 0.3720994890625 0.5611380031250001 0.3674182890625
2 0.44171179218749995 0.5282079000000001 0.4538419875 0.5218890468749999 0.4552364375 0.512063125 0.44935276875 0.5060285171875 0.4451979171875 0.5036430968750001 0.429842503125 0.5010259171875 0.4227967953125 0.5031795765625 0.41678267656249995 0.513895384375 0.4202403046875 0.5211937640625 0.42635637812500005 0.5255907203125 0.43709212343750004 0.5290977859375 0.44171179218749995 0.5282079000000001
2 0.505339109375 0.3964850125 0.51481085625 0.3930675828125 0.5174693031250001 0.3901661578125 0.5190961609375 0.378702584375 0.5173673484375 0.37505339531250004 0.5090576421875 0.37028255625 0.49589586093750004 0.36803925937500004 0.48399807499999997 0.372720459375 0.482371215625 0.3841840328125 0.4880224734375 0.391856296875 0.49437095624999994 0.394615596875 0.505339109375 0.3964850125
2 0.48170248750000005 0.35723381249999997 0.48781856250000005 0.36163076875 0.50098034375 0.363874065625 0.510219684375 0.362094290625 0.5157689859375 0.3546537875 0.5166986203125 0.3481031734375 0.51496980625 0.3444539828125 0.506892509375 0.33804549375000004 0.49153709531249995 0.3354283140625 0.4844913875 0.3375819703125 0.47917449218749997 0.34338481875000004 0.47847726875 0.34829777968750003 0.48170248750000005 0.35723381249999997
2 0.259085721875 0.342772675 0.26324057343749996 0.34515809218750004 0.2764023578125 0.34740139062500003 0.285874103125 0.3439839609375 0.288532553125 0.3410825375 0.28969459375 0.3328942703125 0.28208211250000004 0.323210471875 0.277927259375 0.320825053125 0.2669591078125 0.3189556375 0.2552937296875 0.32199918437499997 0.2526352828125 0.32490060781249996 0.2512408328125 0.334726528125 0.259085721875 0.342772675
2 0.5951595390625 0.28599913906249996 0.5967863984374999 0.2745355640625 0.5867478796875 0.2661155359375 0.5735860953125 0.2638722375 0.5689664249999999 0.26476212656250003 0.5614559015625 0.270191090625 0.5635190796875 0.287315390625 0.5676739328125 0.289700809375 0.5830293453125 0.292317990625 0.587649015625 0.2914281015625 0.5951595390625 0.28599913906249996
2 0.62540555 0.29450880625 0.6332504375 0.30255495 0.646412221875 0.304798246875 0.6532255218749999 0.304282240625 0.6556515593750001 0.3030184703125 0.661433271875 0.2939403171875 0.6604016828125 0.28537816562499996 0.6523243843750001 0.27896967500000003 0.6391626031250001 0.276726378125 0.6345429328125001 0.2776162640625 0.6246063687500001 0.28430900000000003 0.6236767359375001 0.29085961562499996 0.62540555 0.29450880625
2 0.69635594375 0.23783373437500002 0.699014390625 0.23493230937499998 0.7008736578125 0.22183108125 0.6908351374999999 0.21341105312500003 0.6776733562499999 0.21116775625 0.6730536875 0.2120576453125 0.6655431625 0.2174866078125 0.6639163031249999 0.2289501828125 0.6656451171875 0.23259937343749998 0.6717611921875 0.236996328125 0.6824969359375 0.24050339687500003 0.69635594375 0.23783373437500002
2 0.44016599218749997 0.1908141296875 0.4443208453125 0.19319955 0.45309536875 0.19469508124999998 0.4669543765625 0.1920254171875 0.47180645312499997 0.1894978765625 0.47123968125 0.1776604203125 0.465588421875 0.16998815625000002 0.4614335703125 0.1676027390625 0.4482717890625 0.16535944062500002 0.4390324484375 0.167139215625 0.43418037187499997 0.1696667578125 0.4325535140625 0.18113033125 0.44016599218749997 0.1908141296875
2 0.409976978125 0.11857809999999999 0.41828668281250003 0.1233489390625 0.4270612046875 0.12484447031250001 0.43653295156249994 0.12142704062500001 0.441849846875 0.11562419374999999 0.443244296875 0.10579827343749999 0.4375930375 0.098126009375 0.4334381859375 0.095740590625 0.4202764015625 0.0934972921875 0.41126947343750003 0.093639415625 0.40641739374999997 0.0961669578125 0.40432571875 0.1109058375 0.409976978125 0.11857809999999999
2 0.2980283640625 0.052534128125 0.3109577390625 0.056415078125 0.31996466875 0.05627295624999999 0.3272427859375 0.052481645312500005 0.33036604999999997 0.046304915625 0.3291020515625 0.0393804171875 0.3212571640625 0.031334271875 0.3015144890625 0.0279693265625 0.2920427421875 0.031386754687500004 0.28938429375 0.034288179687499996 0.2884546625 0.040838793750000005 0.29018347499999997 0.0444879828125 0.2980283640625 0.052534128125