1 0.5748070171874999 0.5107382453125 0.5716769859374999 0.495553834375 0.5577975656249999 0.483216040625 0.5405226203125 0.47640350312499996 0.527206015625 0.4777948578125 0.5181955328125001 0.48907726250000005 0.518891096875 0.49245157656250005 0.5308988640625001 0.5067084203125 0.5463021578125 0.51544000625 0.55587545625 0.51788675 0.5691920609375 0.5164953953125 0.5748070171874999 0.5107382453125
1 0.69629445 0.572155153125 0.7044766234375001 0.5678532703125 0.715010978125 0.552964659375 0.7158392859375 0.5459841390625 0.7123614734375 0.52911256875 0.7043120453125 0.52305961875 0.690995440625 0.5244509734375 0.68690435625 0.5266019171874999 0.6812893953125 0.5323590640625 0.6733222578125 0.5487029390625 0.6790195046874999 0.5653426171875 0.68450171875 0.5699403046875 0.69629445 0.572155153125
1 0.6566101296875 0.5556195515625 0.66292065 0.553236715625 0.6726266953125 0.5453286265624999 0.679765525 0.5359652703125 0.680941615625 0.53067190625 0.6684533203125 0.5250827421875 0.6592278015625 0.5243231546875 0.6414723296875 0.5261782953125 0.622888546875 0.53501395625 0.6172735890625 0.5407711046875 0.619708059375 0.5525812046875 0.6299769203125 0.5584022625 0.6566101296875 0.5556195515625
1 0.53836685 0.5869323703125 0.5479401484374999 0.5893791125 0.5701344890625 0.5870601875 0.576445009375 0.584677353125 0.5868466171875 0.5801435765625 0.594333228125 0.572467378125 0.59481375625 0.5637997 0.5912031984375 0.5572829640625 0.5838493312499999 0.5546043265625 0.5572161234374999 0.5573870390625 0.5486861671875001 0.560001765625 0.5367606890625 0.5681417484375 0.5333651640625 0.5736670046875 0.535451853125 0.5837899484375 0.53836685 0.5869323703125
1 0.7002395859375 0.43731041406250004 0.70655010625 0.43492757812500005 0.7162561515625 0.4270194890625 0.7145172453125 0.41858370312500004 0.7064678171875001 0.412530753125 0.6780957015625 0.40687767656249996 0.65812079375 0.4089647109375 0.650286403125 0.414953753125 0.6494580937500001 0.4219342734375 0.6629897328125 0.4325849078125 0.675130246875 0.4364869171875 0.6891424140625 0.4384698765625 0.7002395859375 0.43731041406250004
1 0.643962675 0.274287953125 0.6594987140625 0.27266470468750004 0.6635898015625 0.2705137625 0.6673331078125 0.2666756640625 0.6648986390625 0.2548655640625 0.65906864375 0.24858072187500002 0.6436653515625 0.23984913593749999 0.6363114875 0.2371704984375 0.6182082328125 0.23733848281249997 0.610373840625 0.243327525 0.60884996875 0.2469337296875 0.6109366578125 0.257056671875 0.6248160781250001 0.26939446562499997 0.643962675 0.274287953125
1 0.6917973390625 0.23137318593749998 0.702894509375 0.2302137234375 0.7103811203125 0.22253752499999999 0.7168243875 0.20979985625 0.7119554499999999 0.18617965625 0.7039060218750001 0.18012670625 0.699119371875 0.178903334375 0.6902416359375 0.17983090468750002 0.68240724375 0.185819946875 0.6774878484375 0.1949514078125 0.676659540625 0.2019319296875 0.680832915625 0.2221778140625 0.6840956921875 0.22700739374999998 0.6917973390625 0.23137318593749998
1 0.5187637703125 0.2718576296875 0.52694594375 0.267555746875 0.5441385999999999 0.25197145781249997 0.5475341234375 0.2464462 0.544751875 0.2329489453125 0.5396174421875 0.230038415625 0.530391925 0.229278828125 0.513332015625 0.23450828281249997 0.5014065375000001 0.24264826562500003 0.49274383437499997 0.255617828125 0.4926110875 0.26597266249999996 0.5006605140625 0.2720256125 0.5187637703125 0.2718576296875
1 0.364080321875 0.37936457031250004 0.3724775296875 0.3871046765625 0.382050828125 0.3895514203125 0.390580784375 0.38693669375 0.3958479625 0.3794923875 0.3978523609375 0.3672185046875 0.39472232812499997 0.3520340921875 0.3859773390625 0.342606825 0.376404040625 0.3401600828125 0.371965171875 0.34062386875 0.363435215625 0.3432385953125 0.3585158203125 0.3523700578125 0.35733973125 0.357663421875 0.3604697640625 0.372847834375 0.364080321875 0.37936457031250004
1 0.4113972046875 0.5209177734375 0.4177077265625 0.518534940625 0.43080929531249995 0.5051015921875 0.43538090937499996 0.49428297343749994 0.43259865937499997 0.48078571718749996 0.42489701406249997 0.4764199234375 0.4178909296875 0.4754284453125 0.40561767031249996 0.48188127031250005 0.39251610000000003 0.495314615625 0.3882922671875 0.5078203953125 0.3929461703125 0.5193985999999999 0.3980806 0.5223091296875 0.4113972046875 0.5209177734375
1 0.72240385 0.56974601875 0.7122938453125001 0.520700365625 0.6690814656249999 0.5252153140625 0.6791914671875 0.5742609671875 0.72240385 0.56974601875
1 0.6859372953125 0.5527621890625001 0.679927634375 0.523608115625 0.6147872453125001 0.5304141625 0.6207969062500001 0.559568234375 0.6859372953125 0.5527621890625001
1 0.6001166796875 0.58584064375 0.593439278125 0.5534472296875 0.5282988890625 0.560253275 0.5349762890624999 0.592646690625 0.6001166796875 0.58584064375
1 0.576661409375 0.51736953125 0.567410428125 0.4724911546875 0.515053978125 0.4779615 0.524304959375 0.522839878125 0.576661409375 0.51736953125
1 0.71943456875 0.4377091421875 0.7118981484375 0.40114845 0.64553706875 0.4080820375 0.653073490625 0.4446427296875 0.71943456875 0.4377091421875
1 0.4424061765625 0.5176951062499999 0.43305781562499995 0.472344328125 0.38010211875 0.47787728281249997 0.38945048125000004 0.5232280640625 0.4424061765625 0.5176951062499999
1 0.40314389687499996 0.38755437812500004 0.3927452359375 0.337108384375 0.353794165625 0.3411780984375 0.36419282656249996 0.3916240921875 0.40314389687499996 0.38755437812500004
1 0.5538191609374999 0.267807159375 0.54532981875 0.226623659375 0.48567143125 0.2328569296875 0.494160771875 0.2740404328125 0.5538191609374999 0.267807159375
1 0.6700682234374999 0.27361995 0.6612937015625 0.231052978125 0.6052973796875001 0.23690362812500002 0.6140719031249999 0.2794705984375 0.6700682234374999 0.27361995
1 0.723344125 0.227404928125 0.712660284375 0.17557546562499998 0.669447903125 0.18009041406249998 0.6801317453125 0.2319198765625 0.723344125 0.227404928125
0 0.708460028125 0.2667821390625 0.7030242062500001 0.240411875 0.6671137625 0.244163896875 0.672549584375 0.270534159375 0.708460028125 0.2667821390625
0 0.4937818765625 0.3596428875 0.48815477500000004 0.3323446875 0.45650564375 0.33565147500000003 0.4621327453125 0.36294967499999997 0.4937818765625 0.3596428875
0 0.4716513125 0.31563624375 0.46583293125 0.2874101078125 0.4335623578125 0.290781825 0.43938073906249997 0.3190079609375 0.4716513125 0.31563624375
0 0.410595771875 0.42364994375 0.4050625734375 0.39680727656250003 0.3685306875 0.400624228125 0.3740638875 0.42746689531250004 0.410595771875 0.42364994375
0 0.3903890890625 0.5306961343750001 0.385429728125 0.506637275 0.3561997828125 0.5096912984374999 0.3611591421875 0.533750159375 0.3903890890625 0.5306961343750001
2 0.6261524578125 0.4739111484375 0.6207166359375 0.44754088437500006 0.585405440625 0.45123029375 0.5908412625 0.477600559375 0.6261524578125 0.4739111484375
2 0.6250563625 0.5288672562500001 0.6196205390625 0.502496990625 0.5824894078125 0.506376553125 0.5879252296875 0.5327468171875 0.6250563625 0.5288672562500001
2 0.5108690921875 0.45760479218750005 0.5050507125 0.4293786546875 0.471581646875 0.43287559375000007 0.47740002812500004 0.46110173125 0.5108690921875 0.45760479218750005
2 0.5289407796875001 0.5181071 0.5234075781249999 0.49126443125 0.49175844843750005 0.49457121875 0.49729165000000003 0.5214138875 0.5289407796875001 0.5181071
2 0.6032818234375 0.2905339203125 0.5975573437499999 0.262763315625 0.5634668375 0.26632518437499997 0.5691913171875 0.2940957890625 0.6032818234375 0.2905339203125
2 0.5858587859375 0.2422523515625 0.57956394375 0.211714809375 0.5424328140625 0.21559437187500002 0.5487276546875 0.24613191250000002 0.5858587859375 0.2422523515625
2 0.6190817187500001 0.1650241953125 0.613645896875 0.1386539328125 0.583816703125 0.14177056875 0.589252525 0.16814083124999998 0.6190817187500001 0.1650241953125
2 0.5430549921875001 0.0888266921875 0.5376191703125001 0.0624564296875 0.49866810156249997 0.06652614375 0.5041039234375 0.09289640625 0.5430549921875001 0.0888266921875
2 0.38708230625 0.170831359375 0.3811700234375 0.142149690625 0.3464802703125 0.1457741703125 0.3523925515625 0.174455840625 0.38708230625 0.170831359375
2 0.50265179375 0.300108715625 0.4968334125 0.271882578125 0.46396359374999996 0.2753169078125 0.46978197499999996 0.3035430453125 0.50265179375 0.300108715625
0 0.7048484515625 0.2506914984375 0.701585671875 0.2458619203125 0.694231809375 0.2431832859375 0.680567421875 0.2428874828125 0.6723852484374999 0.247189365625 0.6689897234375 0.25271462499999997 0.671771975 0.26621187968750004 0.6794736218749999 0.27057767187500004 0.6972290937500001 0.26872253125 0.7047157046875 0.261046334375 0.7048484515625 0.2506914984375
0 0.46427080312499996 0.31546807499999996 0.4717574171875 0.3077918765625 0.469670728125 0.29766893437499997 0.45905408437500006 0.2901607203125 0.45426743593749996 0.2889373484375 0.44538970000000006 0.2898649203125 0.4356836546875 0.297773009375 0.4341597828125 0.30137921562500003 0.43555090781250005 0.30812784375 0.44138089999999996 0.3144126875 0.45130198281249995 0.3185465875 0.46427080312499996 0.31546807499999996
0 0.48697750468749995 0.359629959375 0.494116334375 0.350266603125 0.4927252078125 0.3435179765625 0.4898102140625 0.34037555468749997 0.47732191718749994 0.33478638906249997 0.46622474687500004 0.3359458515625 0.46213365937499995 0.33809679375 0.4568664828125 0.34554109843749997 0.458605390625 0.353976884375 0.461868165625 0.3588064640625 0.476228115625 0.362476578125 0.48697750468749995 0.359629959375
0 0.4026708421875 0.4235903625 0.4067619265625 0.4214394203125 0.41015745312499996 0.415914165625 0.40772298281249997 0.404104065625 0.4000213375 0.399738271875 0.3882286046875 0.3975234203125 0.377826996875 0.40205719687499997 0.3722120375 0.40781434687499996 0.370688165625 0.41142055156249996 0.371731509375 0.416482021875 0.38012871875 0.42422213124999997 0.38491536718749997 0.425445503125 0.4026708421875 0.4235903625
0 0.385807340625 0.5287619546875 0.3914223 0.52300480625 0.3893356109375 0.512881865625 0.3864206140625 0.50973944375 0.37906675 0.5070608078125 0.3635307109375 0.5086840546875 0.3594396234375 0.5108349984375 0.35486800937499996 0.521653615625 0.3584785703125 0.5281703515625 0.36839965 0.532304253125 0.38171625468750003 0.530912896875 0.385807340625 0.5287619546875
2 0.6195939390625 0.4750358921875 0.625208896875 0.4692787421875 0.6224266468749999 0.4557814859375 0.60993835 0.450192321875 0.5966217453125 0.4515836765625 0.592530659375 0.45373461875 0.5869157015625001 0.45949176718749996 0.5890023875 0.46961470937499994 0.5919173843750001 0.47275712968750006 0.60440568125 0.478346296875 0.615502853125 0.477186834375 0.6195939390625 0.4750358921875
2 0.6170585546875 0.5287291140625 0.624197384375 0.5193657578125 0.6198912625 0.509474709375 0.6074029671875001 0.5038855437499999 0.5940863625 0.5052768999999999 0.5899952749999999 0.5074278421875 0.5847280968749999 0.5148721468749999 0.5864670046875 0.5233079328125 0.5919492171875 0.52790561875 0.601870296875 0.53203951875 0.6107480328125 0.5311119484375 0.6170585546875 0.5287291140625
2 0.5259794703125 0.51583988125 0.5297227734375001 0.5120017828125001 0.5279838671875 0.5035659984375 0.522153875 0.49728115624999997 0.514452228125 0.4929153609375 0.5011356234375001 0.49430671718749997 0.4936490125 0.501982915625 0.4957357 0.51210585625 0.4986506984375 0.5152482796875 0.5085717765625 0.519382178125 0.5218883812499999 0.517990825 0.5259794703125 0.51583988125
2 0.5004905171875 0.45818074218750005 0.5045816046875 0.45602980000000004 0.5098487828125 0.4485854953125 0.50776209375 0.43846255312500004 0.50227988125 0.4338648671875 0.499712665625 0.43240960156249997 0.48604828125 0.43211380000000005 0.475646675 0.43664757656250003 0.47259892968750006 0.44385999062500003 0.473642275 0.44892146093749996 0.4794722671875 0.4552063046875 0.48939334843750004 0.45934020468750003 0.5004905171875 0.45818074218750005
2 0.5801300734375 0.23959350000000001 0.5831778140625 0.2323810859375 0.581091128125 0.22225814375000003 0.5730417015625 0.21620519374999997 0.56603561875 0.21521371406249998 0.5549384468749999 0.21637317656250002 0.5452324015625 0.224281265625 0.5473190906250001 0.234404209375 0.5509296484374999 0.2409209453125 0.5586312953125 0.2452867375 0.5719479 0.24389538281249998 0.5801300734375 0.23959350000000001
2 0.595350159375 0.29143158125 0.602488990625 0.282068225 0.600054521875 0.27025812656250003 0.5875662265625 0.26466896093750003 0.5742496218750001 0.2660603171875 0.5679391 0.2684431515625 0.564891359375 0.27565556406249997 0.566630265625 0.28409135 0.5724602578125 0.2903761921875 0.5775946875 0.29328672031249997 0.584600771875 0.2942782 0.595350159375 0.29143158125
2 0.479939590625 0.3034899921875 0.48916510625000004 0.3042495796875 0.4954756265625 0.3018667453125 0.499566715625 0.29971580468750003 0.5044861093749999 0.290584340625 0.502747203125 0.2821485546875 0.4994844265625 0.277318978125 0.48991112656249997 0.2748722328125 0.4765945234375 0.2762635875 0.4725034359375 0.27841453125000004 0.465016825 0.2860907296875 0.46606016875 0.2911522 0.47480515937499995 0.3005794640625 0.479939590625 0.3034899921875
2 0.60838806875 0.16770126093749999 0.6124791546874999 0.1655503171875 0.6162224593750001 0.16171221875 0.618922421875 0.1528126484375 0.61496408125 0.14460875625 0.6050430015625 0.14047485625 0.5917263968750001 0.1418662125 0.5835442234375 0.14616809687500001 0.5811920421875 0.1567548234375 0.5822353859375 0.16181629375 0.5851503828125 0.164958715625 0.5950714640625 0.169092615625 0.60838806875 0.16770126093749999
2 0.5377325859375001 0.08890883125 0.540432546875 0.0800092609375 0.5386936390625 0.0715734765625 0.5306442125 0.0655205265625 0.5258575624999999 0.0642971546875 0.512540959375 0.0656885109375 0.5028349140625 0.0735966015625 0.505964946875 0.0887810140625 0.5110993749999999 0.0916915421875 0.5206726734375 0.0941382875 0.5295504125 0.0932107171875 0.5377325859375001 0.08890883125
2 0.378180196875 0.172795575 0.3841429375 0.16872558124999998 0.386495115625 0.1581388546875 0.38253677812500003 0.1499349625 0.37483513125 0.1455691703125 0.36782904843750003 0.1445776890625 0.3589513125 0.1455052609375 0.34924526718750004 0.15341335 0.34772139375 0.15701955625 0.3491125203125 0.16376818437500001 0.35237529843750004 0.1685977640625 0.362644159375 0.174418821875 0.378180196875 0.172795575