1 0.5511053390625 0.7741076015624999 0.5550328828125 0.7782204187499999 0.5711108312500001 0.7804966140625 0.58063130625 0.780066059375 0.5904848609375 0.7779042656249999 0.6010045703125 0.7722799984375001 0.6069305796875 0.7660053890625 0.609262121875 0.7538867234375 0.603703884375 0.7459862578124999 0.5971464109375 0.7432795078125001 0.5879590125 0.741978825 0.570548753125 0.7466275812500001 0.5600290453125 0.75225185 0.54884318125 0.76133859375 0.547843946875 0.76653230625 0.5511053390625 0.7741076015624999
1 0.5182832859375 0.7730176859375 0.535027390625 0.77183140625 0.5455470984375 0.7662071359375 0.5472124859374999 0.7575509484375 0.530503078125 0.7462933921875 0.5239456046875001 0.743586640625 0.5009771062499999 0.7403349328125 0.4861967765625 0.743577621875 0.480936921875 0.7463897546875 0.4773077625 0.7529895375 0.47664160625 0.7564520124999999 0.4799029953125 0.76402730625 0.49301793906249997 0.76944080625 0.5182832859375 0.7730176859375
1 0.42195436875 0.70958516875 0.43343861875 0.711211021875 0.440995321875 0.7087240578125 0.444291403125 0.703855515625 0.44762217968750007 0.6865431375 0.44469386718750004 0.6772366046875 0.4332443125 0.663166915625 0.42898368906249995 0.6607853359375 0.42209314062500003 0.6598098234374999 0.41190650937499995 0.6637028546875 0.40531434375000003 0.6734399390625 0.40461349843749994 0.6893462515625 0.40591111562500004 0.6948651359375 0.4153968984375 0.7068784171875 0.42195436875 0.70958516875
1 0.44651886875 0.729068359375 0.44325747968749996 0.721493065625 0.4354023890625 0.71326743125 0.41736066875000005 0.7089348265625001 0.39176224375 0.7070891859375 0.38124253750000003 0.712713453125 0.37957715 0.72136964375 0.3874322390625 0.7295952781249999 0.40710465312500005 0.7377155296875 0.43237 0.7412924078125 0.439593628125 0.7405366812499999 0.445186559375 0.735993309375 0.44651886875 0.729068359375
1 0.3674267453125 0.7232062640625 0.375316528125 0.7189880640624999 0.38683546875 0.70817008125 0.3875016234375 0.7047076062500001 0.384240234375 0.6971323125 0.3757189890625 0.692369153125 0.371125290625 0.6917188125 0.3468244828125 0.6953920546875 0.33104491875000003 0.7038284578125 0.3280819140625 0.7069657625 0.32541729531249997 0.720815665625 0.3313086125 0.72698489375 0.342792859375 0.728610746875 0.3674267453125 0.7232062640625
1 0.38008369062499997 0.657419225 0.3860096984375 0.651144615625 0.3880081640625 0.6407571875 0.386710546875 0.635238303125 0.382783003125 0.6311254859375001 0.37622553281250004 0.6284187359375 0.36211135625 0.62819895 0.3414050140625 0.637716246875 0.3298860734375 0.6485342296875001 0.3285537640625 0.65545918125 0.3341120015625 0.6633596453124999 0.34789310156250003 0.6653106703125 0.36234035625 0.66379921875 0.38008369062499997 0.657419225
1 0.51113590625 0.393208209375 0.524917003125 0.395159234375 0.5367343296875 0.39505385 0.5538115109375 0.39213633125 0.5695910734375 0.383699928125 0.5715895375 0.37331250312500003 0.5679950734375 0.367468446875 0.5614376015625 0.364761696875 0.545359653125 0.3624855 0.5358391765625 0.3629160546875 0.52335569375 0.366483915625 0.5079092078125 0.37318907968750004 0.5046131265625 0.3780576234375 0.5029477390625 0.3867138125 0.51113590625 0.393208209375
1 0.6977636515625 0.5636793609375 0.7010597328125 0.5588108187499999 0.7030581984375 0.548423390625 0.69849919375 0.5353292140625 0.6870496359375 0.5212595234374999 0.680492165625 0.5185527734375001 0.664414215625 0.516276578125 0.656524434375 0.5204947796875 0.653859815625 0.5343446828125 0.660715671875 0.5477640296875 0.6724983046874999 0.5601024828125001 0.6767589265625 0.5624840625 0.692836875 0.5647602578125 0.6977636515625 0.5636793609375
1 0.713820759375 0.455692271875 0.7269703953125 0.44866193593750003 0.7283027046874999 0.44173698437500003 0.7270050875 0.4362180984375 0.7230775421875 0.43210528281249994 0.7188169203125 0.42972370312499997 0.702738971875 0.42744750781249996 0.6810680921875 0.4297146828125 0.668251534375 0.43501378125 0.662325525 0.441288390625 0.6606601375000001 0.44994458125000003 0.6665514531250001 0.45611380625000003 0.68951995 0.4593655140625 0.713820759375 0.455692271875
1 0.3347364734375 0.439370596875 0.32984439062500004 0.42800765937499996 0.31576490625 0.41534403593749997 0.3026499625 0.4099305359375 0.2911657140625 0.40830468125 0.2829428546875 0.4142541203125 0.2816105453125 0.421179071875 0.2829081625 0.42669795625000007 0.2884664015625 0.43459841875 0.309436434375 0.4482375546875 0.3228844546875 0.45191981718749996 0.3330710859375 0.4480267875 0.3347364734375 0.439370596875
1 0.66458698125 0.42193063906250006 0.658028684375 0.4560187125 0.7247751375 0.465468175 0.7313334328125001 0.43138010156249995 0.66458698125 0.42193063906250006
1 0.6572277484375 0.5137119703125 0.6483812109375 0.5596936484375 0.7015073453125 0.5672148484374999 0.710353884375 0.521233171875 0.6572277484375 0.5137119703125
1 0.5075032671875 0.356903778125 0.5004253703125 0.3936925828125 0.5693308609375001 0.40344770781249994 0.5764087578125 0.36665890156250003 0.5075032671875 0.356903778125
1 0.2848649546875 0.40653236093749995 0.2772674578125 0.44602189843750006 0.3339766796875 0.454050365625 0.3415741765625 0.41456082812500006 0.2848649546875 0.40653236093749995
1 0.5539382609375 0.736388821875 0.5457145765625 0.779133084375 0.60384784375 0.7873631578125 0.612071528125 0.74461889375 0.5539382609375 0.736388821875
1 0.48009145625 0.7370490968750001 0.47405276093750004 0.7684364390625 0.5465413390625 0.778698828125 0.552580034375 0.7473114875 0.48009145625 0.7370490968750001
1 0.4082805734375 0.657961046875 0.3986013421875 0.7082708203125 0.4438263125 0.7146734328125001 0.45350554374999996 0.6643636609375 0.4082805734375 0.657961046875
1 0.38301700781250003 0.704961903125 0.37718815 0.7352585671874999 0.44609364375 0.745013690625 0.4519224984375 0.714717028125 0.38301700781250003 0.704961903125
1 0.3315966453125 0.6848955515624999 0.32326970781250003 0.7281764984375 0.3806909515625 0.73630576875 0.3890178890625 0.693024821875 0.3315966453125 0.6848955515624999
1 0.3332842625 0.622348325 0.3253736703125 0.6634652234375 0.384241928125 0.67179935 0.39215251875 0.6306824515625 0.3332842625 0.622348325
2 0.6394385328125 0.46060713125 0.634339115625 0.4871123828125 0.6702388765625 0.492194803125 0.67533829375 0.46568955 0.6394385328125 0.46060713125
2 0.5681570687499999 0.3788286328125 0.562951065625 0.40588788124999997 0.598850828125 0.41097029999999996 0.6040568296875 0.3839110515625 0.5681570687499999 0.3788286328125
2 0.4651052 0.5504192328124999 0.459692690625 0.578551846875 0.5020465984375 0.584547996875 0.5074591093749999 0.55641538125 0.4651052 0.5504192328124999
2 0.44475208281249995 0.49917440625 0.4394428265625 0.5267703375 0.474607596875 0.531748703125 0.4799168515625 0.5041527718750001 0.44475208281249995 0.49917440625
2 0.3965155265625 0.4662386328125 0.3909997625 0.4949079328125 0.430482609375 0.50049761875 0.43599837187499996 0.47182831875 0.3965155265625 0.4662386328125
2 0.36220911093749997 0.5525155125000001 0.35679660156250004 0.5806481265625 0.3934083859375 0.5858313500000001 0.3988208953125 0.557698734375 0.36220911093749997 0.5525155125000001
2 0.3358518828125 0.66271676875 0.330855721875 0.6886853359375 0.36675548281250003 0.6937677546875001 0.3717516453125 0.6677991890625 0.3358518828125 0.66271676875
2 0.43846182499999997 0.7656118390625 0.432839478125 0.7948351359375 0.47016328593749995 0.8001191609375 0.4757856359375 0.7708958640625 0.43846182499999997 0.7656118390625
2 0.21684076718749998 0.70644900625 0.21142825781250002 0.7345816203125 0.25019908125 0.7400705046875 0.255611590625 0.7119378890625 0.21684076718749998 0.70644900625
2 0.5972901546875 0.89423203125 0.5919808984375 0.9218279624999999 0.63217576875 0.9275184515625 0.6374850249999999 0.8999225203125001 0.5972901546875 0.89423203125
0 0.44895847343749995 0.6428682671875 0.4431862390625 0.6728706203125 0.4829906421875 0.6785058296875001 0.4887628765625 0.6485034781250001 0.44895847343749995 0.6428682671875
0 0.3148975859375 0.726439934375 0.3095683453125 0.754139740625 0.3486147921875 0.7596676453125 0.3539440328125 0.7319678390625 0.3148975859375 0.726439934375
0 0.1978914609375 0.7786366296875 0.19245230625 0.8069077437500001 0.2307407921875 0.8123283406249999 0.2361799484375 0.7840572265625 0.1978914609375 0.7786366296875
0 0.2961291265625 0.550087240625 0.2907998875 0.5777870468749999 0.331385221875 0.583532815625 0.3367144625 0.555833009375 0.2961291265625 0.550087240625
0 0.30521527656249997 0.35575930625 0.299662875 0.38461904062499996 0.33411561875 0.389496603125 0.339668021875 0.36063686875 0.30521527656249997 0.35575930625
2 0.667182915625 0.4650951671875 0.66292229375 0.46271358749999997 0.6491411953124999 0.4607625625 0.6415844921875 0.46324952656249996 0.6356584828125 0.46952413593750003 0.6336600171875 0.4799115625 0.6395513328125 0.486080790625 0.65792613125 0.48868215625 0.6677796859375 0.4865203625 0.6707426890625 0.4833830578125 0.6730742328125 0.47126439218750005 0.667182915625 0.4650951671875
2 0.5997831984374999 0.3861959109375 0.591261953125 0.381432753125 0.5774808546875 0.379481728125 0.5695910734375 0.383699928125 0.5636650640624999 0.3899745390625 0.5619996765625 0.398630728125 0.5678909937500001 0.4047999546875 0.5862657921875 0.407401321875 0.5911925671875 0.406320425 0.6020453546875 0.39896491875 0.6030445875 0.39377120468750004 0.5997831984374999 0.3861959109375
2 0.4843509328125 0.5814825828125 0.49157455937499994 0.5807268578125 0.499464340625 0.5765086562499999 0.5034265796875 0.5681776375 0.4985344953125 0.5568146984375 0.49427387187500005 0.55443311875 0.47819592499999997 0.5521569234375 0.473269146875 0.5532378203125 0.46997306562499996 0.5581063625 0.46471321093749995 0.5609184968750001 0.46338090000000004 0.5678434484375 0.466642290625 0.575418740625 0.47746038437499994 0.5805070703124999 0.4843509328125 0.5814825828125
2 0.443146409375 0.525854165625 0.44970388124999994 0.528560915625 0.45889128125 0.5298615984375 0.4661149078125 0.5291058734375 0.476634615625 0.5234816062500001 0.47863308125000004 0.513094178125 0.4747055359375 0.5089813609375 0.47503861406250003 0.5072501218750001 0.46881422031250003 0.5028121343749999 0.46225674687499996 0.5001053843750001 0.452736271875 0.5005359375 0.44780949375 0.501616834375 0.4474764171875 0.503348071875 0.44221656249999997 0.5061602078125 0.4398850203125 0.5182788734375 0.443146409375 0.525854165625
2 0.43076700625 0.49209051718749997 0.432765471875 0.48170308906250003 0.43113477656250004 0.47791544375 0.4288379265625 0.477590271875 0.42491038281250004 0.47347745625000004 0.420649759375 0.47109587656249996 0.4091655109375 0.46947002187500003 0.39897888125000003 0.4733630515625 0.396015875 0.47650035625 0.39368433281250004 0.48861902187500006 0.3976118796875 0.49273183906250007 0.4018725015625 0.49511341875000003 0.4202472984375 0.497714784375 0.43076700625 0.49209051718749997
2 0.3738037609375 0.5551617875 0.363284053125 0.5607860546875 0.3603210484375 0.563923359375 0.35832258281249996 0.5743107875 0.366177671875 0.5825364234375 0.37995877031249997 0.5844874484375 0.3898123234375 0.5823256546875 0.395072178125 0.5795135203124999 0.3977367984375 0.5656636171875 0.389881709375 0.5574379828125 0.3738037609375 0.5551617875
2 0.3694945953125 0.687931165625 0.372790678125 0.683062621875 0.37019544375 0.672024853125 0.3662679 0.6679120359375 0.3524868015625 0.6659610109375 0.3498568734375 0.6673670781250001 0.342966325 0.666391565625 0.33803954687500004 0.6674724624999999 0.33540961875 0.6688785296875001 0.332411921875 0.6844596703125 0.3425638609375 0.6930104765625 0.3616048140625 0.6921493671875 0.3694945953125 0.687931165625
2 0.4381572375 0.7847931406249999 0.43715800624999995 0.7899868546875 0.44730994375 0.798537659375 0.45420049375 0.7995131718749999 0.46635089687500003 0.7976765515625 0.4716107515625 0.7948644171875 0.47490683437500003 0.7899958734375 0.47623914218749996 0.783070921875 0.4729777546875 0.7754956281250001 0.47068090468749996 0.7751704578124999 0.466753359375 0.771057640625 0.45067541093749997 0.7687814453125 0.440155703125 0.7744057140625 0.43915647187499995 0.7795994281249999 0.43652654375 0.7810054937500001 0.4381572375 0.7847931406249999
2 0.59829140625 0.9212808593749999 0.6025520281250001 0.9236624375 0.616333128125 0.9256134625 0.6284835296875 0.923776840625 0.6288166078125 0.9220456031250001 0.6340764609375 0.9192334703125 0.6370394671875 0.9160961640625 0.6357418484374999 0.9105772796875 0.6239592171874999 0.8982388265625 0.6174017453125 0.8955320765625 0.6124749671874999 0.8966129734375 0.60558441875 0.8956374609375001 0.5927678609375 0.900936559375 0.5911024734375 0.9095927484375 0.5943638625000001 0.9171680421874999 0.59829140625 0.9212808593749999
2 0.2502180234375 0.7315102265625 0.25254956562499997 0.7193915609375 0.24699132656249997 0.711491096875 0.2404338546875 0.708784346875 0.22894960625 0.7071584921875 0.21579997031249998 0.714188828125 0.2128369640625 0.7173261328125 0.21117157656250002 0.7259823234375 0.2190266671875 0.7342079578125 0.23247468593749998 0.7378902187499999 0.2419951640625 0.737459665625 0.24725501875 0.73464753125 0.2502180234375 0.7315102265625
0 0.48610654843749995 0.6582020078124999 0.48284515937499994 0.650626715625 0.4766207640625 0.6461887265625 0.46546959374999997 0.6428316359374999 0.4605428171875 0.64391253125 0.4500231078125 0.6495367984375 0.4467270265625 0.6544053421875 0.447691565625 0.6616554640625 0.449322259375 0.6654431109375001 0.45751042656249996 0.671937509375 0.47358837343750004 0.6742137046875001 0.4844411609375 0.666858196875 0.48610654843749995 0.6582020078124999
0 0.32883130625 0.55590849375 0.32227383593750003 0.5532017437500001 0.3081596578125 0.55298195625 0.29763995 0.558606225 0.29564148437500004 0.5689936515625 0.3011997234375 0.576894115625 0.3054603453125 0.5792756953125 0.3146477453125 0.580576378125 0.32187137187500003 0.579820653125 0.33239108125 0.574196384375 0.3347226234375 0.56207771875 0.32883130625 0.55590849375
0 0.33264778125 0.3643824109375 0.3264233875 0.3599444234375 0.3149391390625 0.35831856875 0.30475250625 0.3622115984375 0.3017895015625 0.3653489046875 0.3001241140625 0.37400509375 0.3076461265625 0.3839619671875 0.3237240734375 0.3862381625 0.331280778125 0.38375119999999996 0.3342437828125 0.38061389375 0.3362422484375 0.3702264671875 0.33264778125 0.3643824109375
0 0.326381834375 0.7280657890625 0.32145505625 0.7291466843750001 0.31256604375 0.7385585984375 0.3148282 0.7513276062500001 0.32564629375 0.7564159375 0.33976046875 0.7566357218750001 0.35061325625 0.7492802171874999 0.3519455671875 0.742355265625 0.35064795000000004 0.7368363812500001 0.34475663125 0.7306671546875 0.326381834375 0.7280657890625
0 0.23296737812499999 0.7966469234375 0.23363353281250002 0.7931844484374999 0.2303721453125 0.7856091546874999 0.22185090000000002 0.7808459953125 0.2080698015625 0.778894971875 0.203143025 0.7799758671875 0.19262331562499999 0.7856001359375 0.1896603109375 0.7887374406250001 0.1883280015625 0.7956623921875 0.20044371249999998 0.8062696062500001 0.218818509375 0.8088709734374999 0.22933821875 0.8032467046875 0.23296737812499999 0.7966469234375