1 0.55740815 0.3071893765625 0.555704525 0.2998220453125 0.5501254359375001 0.2868831453125 0.539086846875 0.2749479890625 0.5292238734375 0.272571940625 0.5188926828125 0.2793589875 0.5167806390624999 0.2881260765625 0.517956253125 0.2976851796875 0.5257669796875 0.31579964375 0.5312862734375 0.32176721875 0.5477245640625 0.3257273015625 0.5537120718749999 0.3225317828125 0.55740815 0.3071893765625
1 0.480566759375 0.33737626249999997 0.4837946203125 0.33119695312499997 0.49071855781249996 0.30967524218750003 0.4911867734375 0.30051214531250003 0.487779525 0.28577748125 0.47956037812499996 0.283797440625 0.4757447078125 0.2851971953125 0.468701178125 0.2927762578125 0.46277346562500005 0.302943103125 0.45538131249999997 0.3336279109375 0.455441109375 0.340599234375 0.45767274531249996 0.34577479375000003 0.4658918890625 0.3477548359375 0.47352322812500003 0.34495532500000003 0.480566759375 0.33737626249999997
1 0.564003775 0.43864079218749996 0.5748629734375 0.429661975 0.578618846875 0.42129089375 0.57855905 0.41431957031250005 0.57303975625 0.40835199375000003 0.5549576359375 0.40399590312500006 0.5494981390625 0.40499965 0.5337074515625 0.4127904453125 0.5310076015625 0.4167779796875 0.5278395359375 0.42992861250000003 0.5284273421875 0.4347081640625 0.5355904671875 0.44107175 0.545453440625 0.44344780000000006 0.5525567687499999 0.44284005937500004 0.564003775 0.43864079218749996
1 0.49473392499999996 0.459056840625 0.5001336265625 0.45108176875000006 0.505941746875 0.42697227812499994 0.5058819515625 0.420000953125 0.5041185296874999 0.405662296875 0.5013588828125 0.40267850625 0.4898520796875 0.39990644999999997 0.48280854843750004 0.4074855140625 0.47905267656249995 0.41585659374999995 0.47377256718750005 0.43777431250000004 0.4733043515625 0.4469374109375 0.4772396125 0.459480303125 0.47999925781249997 0.46246409218749995 0.49039024531250003 0.46264836875000004 0.49473392499999996 0.459056840625
1 0.46707765781250005 0.42224763125000003 0.4762930296875 0.4128728046875 0.48222074218750005 0.4027059609375 0.48216094531250003 0.39573463750000004 0.47881349218749997 0.38797129531249996 0.46566285937499996 0.3848032296875 0.4542158515625 0.3890024984375 0.4417128234375 0.3975853078125 0.43631312187500004 0.40556037968750003 0.434201078125 0.4143274671875 0.43537669218749997 0.42388657187499995 0.436492509375 0.426474353125 0.4479993140625 0.42924641093749993 0.458918309375 0.427238915625 0.46707765781250005 0.42224763125000003
1 0.41213405468750003 0.45539085156250003 0.41641793906249996 0.4448279984375 0.41905799374999997 0.43386913906249996 0.4178823796875 0.4243100328125 0.41565074375 0.4191344734375 0.4096034390625 0.41535867031249996 0.3976284203125 0.4217497078125 0.386829015625 0.4376998515625 0.38201712187500003 0.450454475 0.3794368625 0.468384659375 0.3816684984375 0.47356021875 0.386071975 0.47694001718749995 0.3953471421875 0.4745365140625 0.40673435312499995 0.46336592187500003 0.41213405468750003 0.45539085156250003
1 0.568238015625 0.48604030781249996 0.56923424375 0.47468544062499995 0.5641831625 0.459554765625 0.5526763609375 0.4567827078125 0.546160840625 0.46216999999999997 0.539705115625 0.474528615625 0.534953015625 0.4942545640625 0.5345445984375 0.5103889859375 0.537892053125 0.518152325 0.5493988546875 0.52092438125 0.558086215625 0.513741328125 0.56506995 0.49919094062499997 0.568238015625 0.48604030781249996
1 0.42878219531250006 0.675065978125 0.44069741718750005 0.661703615625 0.44492150468749997 0.644169440625 0.44268986874999994 0.6389938796875 0.4382863921875 0.63561408125 0.4317110765625 0.6340300484375 0.42625157812500003 0.635033796875 0.41157670937499996 0.645412371875 0.40347715781250004 0.6573749796875 0.399721284375 0.6657460578125 0.3986652625 0.670129603125 0.4009566953125 0.6822764875 0.409175840625 0.6842565296875 0.41463533750000003 0.68325278125 0.42878219531250006 0.675065978125
1 0.328508625 0.6509094765625 0.33120847656249996 0.646921940625 0.33384853125 0.63596308125 0.328269440625 0.6230241796875 0.3106555359375 0.60950499375 0.298620721875 0.608924709375 0.2948050515625 0.6103244625 0.28940535 0.6182995359375 0.28834932812499997 0.6226830796875 0.28893713593750003 0.62746263125 0.293400409375 0.6378137515625 0.30003552031249997 0.6463691093749999 0.306082825 0.6501449140625 0.32252111562499997 0.654104996875 0.328508625 0.6509094765625
1 0.3753019046875 0.3050604109375 0.3763579265625 0.30067686562499996 0.374006696875 0.2815586578125 0.3678398 0.263840203125 0.36232050625 0.2578726265625 0.35298554375 0.25330480624999996 0.34482619375 0.258296090625 0.34113011718749997 0.27363849375 0.3411899140625 0.2806098171875 0.3523480953125 0.306487621875 0.35786738906250004 0.3124551984375 0.3660865328125 0.3144352390625 0.37207404374999997 0.3112397203125 0.3753019046875 0.3050604109375
0 0.6050099531249999 0.301995115625 0.5781826624999999 0.2955322609375 0.5694124015625001 0.3319375953125 0.596239690625 0.33840045 0.6050099531249999 0.301995115625
0 0.2975184984375 0.3854348328125 0.2716775078125 0.3792095828125 0.2630603671875 0.41497930156249996 0.288901359375 0.42120455 0.2975184984375 0.3854348328125
0 0.343333753125 0.24239943125000002 0.31407359375 0.235350484375 0.30655471875 0.2665613171875 0.33581487499999996 0.2736102640625 0.343333753125 0.24239943125000002
0 0.2622904546875 0.362512578125 0.23937547499999998 0.3569922234375 0.23232652968749998 0.38625237968750004 0.2552415078125 0.3917727359375 0.2622904546875 0.362512578125
0 0.08891411406250001 0.574591565625 0.059653956249999994 0.56754261875 0.0511952203125 0.6026548078125 0.080455378125 0.609703753125 0.08891411406250001 0.574591565625
2 0.40623361718749995 0.23828171875 0.3760036 0.23099912812499998 0.36848472499999996 0.26220996093750004 0.3987147421875 0.2694925515625 0.40623361718749995 0.23828171875
2 0.22706611250000003 0.22814137343750002 0.1997621140625 0.22156367812500002 0.19052192343750002 0.2599196875 0.2178259203125 0.266497384375 0.22706611250000003 0.22814137343750002
2 0.13380965 0.1719690625 0.105519353125 0.1651537609375 0.0976889515625 0.1976577390625 0.1259792484375 0.204473040625 0.13380965 0.1719690625
2 0.1307188359375 0.26616322187499997 0.10341483437500001 0.259585525 0.0954260296875 0.2927470359375 0.12273002968749999 0.2993247328125 0.1307188359375 0.26616322187499997
2 0.1825082609375 0.327477175 0.1542179625 0.3206618734375 0.14513089375 0.35838227031250003 0.17342119218750002 0.365197571875 0.1825082609375 0.327477175
2 0.337903328125 0.2885489921875 0.308643171875 0.2815000453125 0.300654365625 0.31466155625000003 0.3299145234375 0.321710503125 0.337903328125 0.2885489921875
2 0.3305149265625 0.3920272671875 0.30515064375 0.3859168609375 0.2970034328125 0.41973590468750005 0.3223677171875 0.42584631093749997 0.3305149265625 0.3920272671875
2 0.5164640312500001 0.4746575625 0.494025765625 0.46925205 0.4857254328125 0.5037067078125 0.508163696875 0.50911221875 0.5164640312500001 0.4746575625
2 0.23440801718749998 0.5725035609375 0.209043734375 0.5663931546875001 0.20105492812499998 0.599554665625 0.2264192109375 0.6056650734375 0.23440801718749998 0.5725035609375
2 0.158451359375 0.5878998281250001 0.1311473578125 0.58132213125 0.12331695625000001 0.6138261109375 0.15062095625 0.6204038078125 0.158451359375 0.5878998281250001
1 0.5650525578125001 0.277226246875 0.5196993156249999 0.2663003796875 0.508109475 0.3144097765625 0.55346271875 0.3253356421875 0.5650525578125001 0.277226246875
1 0.4978195296875 0.2864801375 0.46806622343750004 0.2793123875 0.45193020781250004 0.3462929421875 0.48168351249999997 0.353460690625 0.4978195296875 0.2864801375
1 0.3854944515625 0.260116046875 0.3464863890625 0.2507187734375 0.3331699515625 0.30599526250000003 0.3721780140625 0.3153925375 0.3854944515625 0.260116046875
1 0.4858687 0.3874911015625 0.4419784640625 0.3769176828125 0.4296018859375 0.42829282031250004 0.473492121875 0.438866240625 0.4858687 0.3874911015625
1 0.511474603125 0.4032834546875 0.48221444687500004 0.39623450937500004 0.4670182921875 0.45931370937500005 0.496278446875 0.46636265625 0.511474603125 0.4032834546875
1 0.584345153125 0.407086896875 0.535572746875 0.395337334375 0.5250758890625 0.43890976249999997 0.5738482953124999 0.450659325 0.584345153125 0.407086896875
1 0.5740843390625 0.4603283328125 0.54482418125 0.45327938593750006 0.5293164984375001 0.5176517296875 0.5585766578125 0.5247006765625 0.5740843390625 0.4603283328125
1 0.42416920625000004 0.418716915625 0.3895501671875 0.4103769828125 0.37482394218750004 0.4715055046875 0.40944298124999995 0.47984543906250005 0.42416920625000004 0.418716915625
1 0.3374549296875 0.6159031515625 0.2925948375 0.6050960875 0.2827263109375 0.6460603078125 0.3275864046875 0.6568673734375 0.3374549296875 0.6159031515625
1 0.44777063124999994 0.6355915140625 0.4072995625 0.625841790625 0.3938300015625 0.6817538953125 0.43430107187500006 0.69150361875 0.44777063124999994 0.6355915140625
2 0.40006877812499997 0.26000949218749997 0.40270883281250003 0.24905063125 0.4026490375 0.2420793078125 0.39765775468750003 0.23391995937500001 0.38615095 0.23114790156249998 0.3818072703125 0.2347394296875 0.3758795578125 0.244906271875 0.374295525 0.2514815875 0.3760589453125 0.2658202453125 0.37881859375000004 0.2688040328125 0.3870377375 0.270784075 0.39249723593749997 0.269780328125 0.396840915625 0.2661888 0.40006877812499997 0.26000949218749997
2 0.32974290625 0.284809084375 0.32040794375 0.28024126250000003 0.3149484453125 0.2812450109375 0.3079049140625 0.2888240734375 0.30473684843750004 0.30197470625 0.3053246578125 0.3067542578125 0.3114317578125 0.3175013890625 0.3196509015625 0.31948142968750004 0.3234665734375 0.3180816734375 0.330510103125 0.3105026078125 0.3342061796875 0.29516020468750004 0.32974290625 0.284809084375
2 0.22230621250000002 0.254288996875 0.22441825624999998 0.2455219078125 0.2232426421875 0.23596280468750003 0.22101100625 0.23078724374999998 0.21384788281249997 0.2244236578125 0.20674455625000002 0.2250313984375 0.200757046875 0.2282269171875 0.19535734531249999 0.236201990625 0.1932453015625 0.24496907812500002 0.1966525515625 0.25970374218750003 0.1994121984375 0.26268752968750003 0.20927517343750002 0.2650635796875 0.217434521875 0.260072296875 0.22230621250000002 0.254288996875
2 0.129833215625 0.183313265625 0.1286576015625 0.1737541625 0.12366631718750001 0.16559481250000002 0.115447171875 0.1636147703125 0.1094596640625 0.166810290625 0.1045879734375 0.172593590625 0.10030408906249999 0.18315644375 0.10036388437499999 0.1901277671875 0.10594297500000001 0.20306666875 0.1158059484375 0.2054427171875 0.12179345781249999 0.2022471984375 0.127721171875 0.192080353125 0.129833215625 0.183313265625
2 0.12579866875 0.28669510625 0.126794896875 0.2753402375 0.125091271875 0.26797290625 0.1195719765625 0.2620053296875 0.11299666093750001 0.26042129687500004 0.10918099218749999 0.26182105 0.102665471875 0.2672083421875 0.0989096 0.275579421875 0.099029190625 0.289522071875 0.10402047343750001 0.2976814203125 0.11552727656249999 0.300453478125 0.1193429453125 0.299053721875 0.12579866875 0.28669510625
2 0.17776375 0.3525501828125 0.1798757921875 0.343783096875 0.1792879859375 0.33900354374999997 0.1759405328125 0.3312402015625 0.17153705625 0.32786040625 0.1649617390625 0.3262763734375 0.1595022421875 0.3272801203125 0.15245871093750002 0.334859184375 0.14876263437499998 0.3502015890625 0.1493504421875 0.35498114062499997 0.155985553125 0.3635364984375 0.1663765390625 0.363720775 0.1750638984375 0.35653772031250003 0.17776375 0.3525501828125
2 0.23333577499999997 0.5839212828125 0.2327479671875 0.5791417296875 0.227756684375 0.57098238125 0.2195375390625 0.569002340625 0.2119062015625 0.5718018515625001 0.2059784890625 0.58196869375 0.203338434375 0.5929275546875 0.20392624218750002 0.5977071078125 0.20615787812500003 0.6028826671874999 0.21930850937500002 0.6060507328125 0.2247680078125 0.6050469859375001 0.22963969843749998 0.5992636874999999 0.23333577499999997 0.5839212828125
2 0.1563747921875 0.6001655171875 0.155199178125 0.5906064140625 0.1513237125 0.58503484375 0.139816909375 0.5822627859375 0.1338294015625 0.58545830625 0.1284297 0.5934333781250001 0.12631765625 0.602200465625 0.1280810765625 0.616539121875 0.1308407234375 0.619522909375 0.140703696875 0.621898959375 0.1466912078125 0.6187034406249999 0.1542627484375 0.6089326046875 0.1563747921875 0.6001655171875
2 0.3254195359375 0.41826799374999996 0.328059590625 0.407309134375 0.3279997953125 0.400337809375 0.3257681578125 0.39516225 0.32136468125 0.3917824515625 0.3098578796875 0.38901039375 0.3060422109375 0.3904101515625 0.3006425078125 0.39838522187500003 0.2969464296875 0.4137276265625 0.29865005624999996 0.42109495937499997 0.301409703125 0.42407874687499997 0.3129165046875 0.4268508046875 0.32054784375 0.42405129375 0.3254195359375 0.41826799374999996
2 0.5098871625 0.5044488625 0.5125870124999999 0.5004613250000001 0.5162830890625 0.485118921875 0.5156952828125 0.48033936875 0.513463646875 0.47516380781249995 0.5090601703125001 0.47178401093750005 0.5024848546875 0.47019997968749994 0.49702535625 0.47120372499999996 0.49268167656250006 0.47479525312500004 0.48945381406250005 0.48097456093749996 0.4873417703125 0.4897416484375 0.4874015671875 0.496712975 0.49074902031249995 0.5044763156250001 0.502255825 0.507248371875 0.5098871625 0.5044488625
0 0.601263521875 0.3200733734375 0.6022597484375 0.3087185046875 0.597268465625 0.300559153125 0.5874054921874999 0.29818310625 0.5814179828125 0.301378625 0.57601828125 0.3093536953125 0.5728502140625 0.322504328125 0.5734380203125 0.3272838828125 0.5773134875 0.33285545 0.5871764609375 0.3352314984375 0.5909921296875 0.33383174375 0.5975076484375 0.32844445312500004 0.601263521875 0.3200733734375
0 0.2920149421875 0.4125396015625 0.29518300937499997 0.39938896874999996 0.293479384375 0.39202163749999996 0.2912477484375 0.38684607656250003 0.28684427343749996 0.383466278125 0.2764532875 0.383282003125 0.2699377671875 0.38866929375 0.26670990625 0.3948486015625 0.2651258734375 0.40142391875000005 0.265713678125 0.4062034703125 0.27182077968749996 0.41695059843750004 0.28003992499999997 0.418930640625 0.2854994234375 0.4179268921875 0.2920149421875 0.4125396015625
0 0.25713575781250003 0.3623954828125 0.2424010921875 0.36580273281250003 0.2353575609375 0.373381796875 0.23377352812500002 0.37995711249999997 0.2343613359375 0.38473666406249996 0.2382368 0.390308234375 0.24152445937499997 0.3911002515625 0.252971465625 0.386900984375 0.26001499687499996 0.3793219203125 0.261011221875 0.367967053125 0.25713575781250003 0.3623954828125
0 0.0862779515625 0.587916715625 0.0862181546875 0.5809453921875 0.0795830421875 0.5723900343749999 0.07465155625 0.571202009375 0.0691920578125 0.5722057578124999 0.060504696875 0.5793888125 0.0562208140625 0.5899516625000001 0.056280609375 0.5969229890625 0.0618597015625 0.609861890625 0.0700788453125 0.6118419312500001 0.080410034375 0.605054884375 0.083109884375 0.6010673484375 0.0862779515625 0.587916715625
0 0.34036292343749996 0.24794496875 0.338659296875 0.24057763593749998 0.333140003125 0.234610059375 0.32492085937500004 0.23263001874999997 0.3184053375 0.23801730937499999 0.3124776234375 0.2481841515625 0.3114813984375 0.259539021875 0.31594467187499997 0.2698901421875 0.329095303125 0.2730582078125 0.338310675 0.26368338125 0.34042271875 0.2549162921875 0.34036292343749996 0.24794496875