1 0.621875 0.325 0.6328125 0.3270833328125 0.6421875 0.32083333281250004 0.64375 0.3125 0.6390625 0.29375 0.634375 0.2875 0.621875 0.2791666671875 0.609375 0.2791666671875 0.6046875 0.2854166671875 0.603125 0.28958333281250004 0.603125 0.2958333328125 0.60625 0.30625 0.621875 0.325
1 0.4578125 0.3 0.465625 0.3 0.4703125 0.2979166671875 0.478125 0.2875 0.484375 0.2708333328125 0.4859375 0.2541666671875 0.4828125 0.24583333281250003 0.471875 0.24583333281250003 0.4609375 0.25833333281250004 0.4546875 0.2708333328125 0.453125 0.2770833328125 0.453125 0.2916666671875 0.4546875 0.2958333328125 0.4578125 0.3
1 0.5015625 0.35 0.5171875 0.3458333328125 0.5296875 0.3375 0.5359375 0.3270833328125 0.5359375 0.3125 0.5296875 0.30625 0.51875 0.30625 0.5125 0.3083333328125 0.4984375 0.31875 0.49375 0.325 0.49375 0.3395833328125 0.4953125 0.34375 0.5015625 0.35
1 0.48125 0.43125 0.49375 0.4375 0.5 0.43333333281249997 0.503125 0.4291666671875 0.503125 0.4145833328125 0.5 0.40625 0.49375 0.3958333328125 0.4890625 0.3895833328125 0.48125 0.3854166671875 0.4734375 0.3854166671875 0.4703125 0.3875 0.465625 0.39375 0.465625 0.40208333281249997 0.4703125 0.4166666671875 0.48125 0.43125
1 0.4265625 0.40208333281249997 0.43125 0.40416666718750005 0.4453125 0.40208333281249997 0.4484375 0.4 0.4515625 0.3916666671875 0.4515625 0.3875 0.4484375 0.3791666671875 0.44375 0.3729166671875 0.434375 0.36666666718749996 0.4265625 0.3645833328125 0.415625 0.3645833328125 0.4078125 0.3708333328125 0.40625 0.3770833328125 0.4078125 0.38333333281250004 0.4171875 0.3958333328125 0.4265625 0.40208333281249997
1 0.4125 0.47083333281249995 0.41875 0.47083333281249995 0.421875 0.46875 0.425 0.46458333281249997 0.4296875 0.4479166671875 0.4296875 0.43125 0.4265625 0.4166666671875 0.41875 0.41041666718750003 0.4125 0.41041666718750003 0.40625 0.4166666671875 0.403125 0.425 0.4015625 0.43125 0.4015625 0.4479166671875 0.40625 0.46458333281249997 0.4125 0.47083333281249995
1 0.484375 0.6458333328125 0.490625 0.6458333328125 0.496875 0.6416666671875 0.509375 0.625 0.5125 0.6166666671875001 0.5140625 0.6083333328125 0.5140625 0.6020833328124999 0.5125 0.5979166671875 0.509375 0.59375 0.503125 0.59375 0.5 0.5958333328125 0.490625 0.6041666671875 0.4828125 0.6145833328125 0.4796875 0.6229166671875 0.478125 0.6291666671875 0.478125 0.6375 0.4796875 0.6416666671875 0.484375 0.6458333328125
1 0.6171875 0.6375 0.6296875 0.64375 0.6359375 0.6395833328125 0.6375 0.6354166671875 0.6375 0.6229166671875 0.63125 0.6041666671875 0.621875 0.5916666671875 0.6140625 0.5895833328125 0.609375 0.5916666671875 0.6046875 0.5979166671875 0.6046875 0.6125 0.6140625 0.6333333328124999 0.6171875 0.6375
1 0.7 0.48333333281249996 0.70625 0.48333333281249996 0.7109375 0.48125 0.715625 0.475 0.715625 0.46458333281249997 0.7140625 0.4604166671875 0.703125 0.4458333328125 0.696875 0.44166666718750003 0.684375 0.44166666718750003 0.6765625 0.4458333328125 0.6734375 0.45 0.6734375 0.46458333281249997 0.684375 0.4770833328125 0.7 0.48333333281249996
1 0.5609375 0.4479166671875 0.5640625 0.4458333328125 0.5671875 0.43958333281249995 0.56875 0.4270833328125 0.5671875 0.4166666671875 0.5625 0.40416666718750005 0.5546875 0.39375 0.5515625 0.3916666671875 0.5453125 0.3916666671875 0.5421875 0.39375 0.5390625 0.4 0.5375 0.4145833328125 0.5421875 0.43333333281249997 0.5546875 0.4479166671875 0.5609375 0.4479166671875
1 0.4868125 0.24348958281250002 0.45165625 0.24348958281250002 0.45165625 0.30209375 0.4868125 0.30209375 0.4868125 0.24348958281250002
1 0.5376015625 0.3046979171875 0.4941484375 0.3046979171875 0.4941484375 0.34896875 0.5376015625 0.34896875 0.5376015625 0.3046979171875
1 0.5708046875 0.3893229171875 0.5361328125 0.3893229171875 0.5361328125 0.44921875 0.5708046875 0.44921875 0.5708046875 0.3893229171875
1 0.644046875 0.27605208281250004 0.602546875 0.27605208281250004 0.602546875 0.32878124999999997 0.644046875 0.32878124999999997 0.644046875 0.27605208281250004
1 0.505375 0.3828125 0.463875 0.3828125 0.463875 0.4381458328125 0.505375 0.4381458328125 0.505375 0.3828125
1 0.453125 0.3613229171875 0.40625 0.3613229171875 0.40625 0.40363541718749996 0.453125 0.40363541718749996 0.453125 0.3613229171875
1 0.4311484375 0.4095104171875 0.4018515625 0.4095104171875 0.4018515625 0.47136458281250004 0.4311484375 0.47136458281250004 0.4311484375 0.4095104171875
1 0.516109375 0.5917916671875 0.477046875 0.5917916671875 0.477046875 0.6477916671874999 0.516109375 0.6477916671874999 0.516109375 0.5917916671875
1 0.639640625 0.5885416671875 0.602046875 0.5885416671875 0.602046875 0.643875 0.639640625 0.643875 0.639640625 0.5885416671875
1 0.717765625 0.4420625 0.672359375 0.4420625 0.672359375 0.4837291671875 0.717765625 0.4837291671875 0.717765625 0.4420625
0 0.6733515625 0.2799479171875 0.6489296875 0.2799479171875 0.6489296875 0.3138020828125 0.6733515625 0.3138020828125 0.6733515625 0.2799479171875
0 0.5932734375 0.4003958328125 0.5688515625 0.4003958328125 0.5688515625 0.4348958328125 0.5932734375 0.4348958328125 0.5932734375 0.4003958328125
0 0.4336015625 0.26237499999999997 0.4082109375 0.26237499999999997 0.4082109375 0.29558333281250004 0.4336015625 0.29558333281250004 0.4336015625 0.26237499999999997
0 0.7714921875 0.42837500000000006 0.7446328125 0.42837500000000006 0.7446328125 0.4615833328125 0.7714921875 0.4615833328125 0.7714921875 0.42837500000000006
0 0.8408203125 0.6139375 0.8139609374999999 0.6139375 0.8139609374999999 0.6484375 0.8408203125 0.6484375 0.8408203125 0.6139375
2 0.6269609375 0.2435 0.6025390625 0.2435 0.6025390625 0.27475 0.6269609375 0.27475 0.6269609375 0.2435
2 0.8881875000000001 0.2382916671875 0.859375 0.2382916671875 0.859375 0.27475 0.8881875000000001 0.27475 0.8881875000000001 0.2382916671875
2 0.79296875 0.36847916718749996 0.76659375 0.36847916718749996 0.76659375 0.4016875 0.79296875 0.4016875 0.79296875 0.36847916718749996
2 0.6860390625 0.38540625 0.6591796875 0.38540625 0.6591796875 0.41796875 0.6860390625 0.41796875 0.6860390625 0.38540625
2 0.6518515625 0.3763020828125 0.6240234375 0.3763020828125 0.6240234375 0.41015625 0.6518515625 0.41015625 0.6518515625 0.3763020828125
2 0.5673828125 0.32095833281249997 0.5434609375 0.32095833281249997 0.5434609375 0.3574166671875 0.5673828125 0.3574166671875 0.5673828125 0.32095833281249997
2 0.479015625 0.4609270828125 0.452640625 0.4609270828125 0.452640625 0.4934895828125 0.479015625 0.4934895828125 0.479015625 0.4609270828125
2 0.5507890625 0.5924479171875 0.5263671875 0.5924479171875 0.5263671875 0.6263020828125 0.5507890625 0.6263020828125 0.5507890625 0.5924479171875
2 0.70753125 0.5813854171874999 0.68115625 0.5813854171874999 0.68115625 0.6152395828125 0.70753125 0.6152395828125 0.70753125 0.5813854171874999
2 0.776375 0.6106770828125 0.75 0.6106770828125 0.75 0.64453125 0.776375 0.64453125 0.776375 0.6106770828125
0 0.4265625 0.2958333328125 0.4296875 0.29375 0.4328125 0.2854166671875 0.4328125 0.275 0.4265625 0.2645833328125 0.4234375 0.2625 0.415625 0.2625 0.4125 0.2645833328125 0.409375 0.2708333328125 0.4078125 0.2791666671875 0.4125 0.2916666671875 0.41875 0.2958333328125 0.4265625 0.2958333328125
0 0.5765625 0.43541666718750005 0.5828125 0.43541666718750005 0.590625 0.4291666671875 0.5921875 0.425 0.5921875 0.4125 0.5859375 0.40208333281249997 0.5828125 0.4 0.5765625 0.4 0.5703125 0.40625 0.5671875 0.4166666671875 0.56875 0.4270833328125 0.571875 0.43333333281249997 0.5765625 0.43541666718750005
0 0.6609375 0.3166666671875 0.6671875 0.3125 0.671875 0.30416666718749996 0.671875 0.2916666671875 0.6703125 0.2875 0.6640625 0.28125 0.6546875 0.28125 0.6515625 0.2833333328125 0.6484375 0.28958333281250004 0.646875 0.3020833328125 0.65 0.3125 0.6546875 0.3166666671875 0.6609375 0.3166666671875
0 0.7546875 0.4625 0.7640625 0.4625 0.76875 0.4583333328125 0.7703125 0.45416666718750004 0.7703125 0.43958333281249995 0.765625 0.43125 0.759375 0.4291666671875 0.753125 0.43125 0.746875 0.4375 0.7453125 0.44166666718750003 0.7453125 0.45 0.7484375 0.4583333328125 0.7546875 0.4625
0 0.828125 0.6520833328125 0.83125 0.65 0.8375 0.6395833328125 0.8375 0.6229166671875 0.8296875 0.6145833328125 0.8203125 0.6145833328125 0.8171875 0.6166666671875001 0.8140625 0.6229166671875 0.8125 0.6291666671875 0.8140625 0.6395833328125 0.821875 0.65 0.828125 0.6520833328125
2 0.6078125 0.2770833328125 0.621875 0.2770833328125 0.625 0.2708333328125 0.625 0.2541666671875 0.6234375 0.2479166671875 0.61875 0.2416666671875 0.609375 0.2416666671875 0.603125 0.2479166671875 0.6015625 0.2520833328125 0.6015625 0.26875 0.603125 0.27291666718749996 0.6078125 0.2770833328125
2 0.553125 0.3583333328125 0.5625 0.35625 0.565625 0.35208333281250004 0.56875 0.3416666671875 0.56875 0.3375 0.5640625 0.325 0.5578125 0.32083333281250004 0.5515625 0.32083333281250004 0.54375 0.3291666671875 0.5421875 0.3333333328125 0.5421875 0.3458333328125 0.5453125 0.35208333281250004 0.553125 0.3583333328125
2 0.634375 0.41041666718750003 0.6390625 0.41041666718750003 0.64375 0.40833333281249995 0.6484375 0.40208333281249997 0.65 0.3958333328125 0.65 0.3875 0.6484375 0.38333333281250004 0.6421875 0.375 0.6328125 0.375 0.6265625 0.38125 0.625 0.3854166671875 0.625 0.4 0.628125 0.40625 0.634375 0.41041666718750003
2 0.6734375 0.41875 0.6796875 0.4166666671875 0.684375 0.41041666718750003 0.684375 0.39375 0.6796875 0.3854166671875 0.6765625 0.38333333281250004 0.66875 0.38333333281250004 0.6625 0.3875 0.659375 0.39375 0.6578125 0.40625 0.659375 0.41041666718750003 0.665625 0.4166666671875 0.6734375 0.41875
2 0.775 0.40208333281249997 0.7828125 0.40208333281249997 0.7875 0.4 0.790625 0.3958333328125 0.7921875 0.38333333281250004 0.7890625 0.3708333328125 0.784375 0.36666666718749996 0.7765625 0.3645833328125 0.7671875 0.375 0.765625 0.3791666671875 0.765625 0.3916666671875 0.7703125 0.4 0.775 0.40208333281249997
2 0.865625 0.275 0.8703125 0.2770833328125 0.8796875 0.275 0.8859375 0.2645833328125 0.8859375 0.2520833328125 0.8828125 0.24375 0.8765625 0.2375 0.8703125 0.2375 0.8625 0.24583333281250003 0.859375 0.2541666671875 0.859375 0.2604166671875 0.8625 0.2708333328125 0.865625 0.275
2 0.7578125 0.6458333328125 0.765625 0.6458333328125 0.771875 0.6395833328125 0.7734375 0.6354166671875 0.7734375 0.61875 0.76875 0.6125 0.765625 0.6104166671875 0.7546875 0.6104166671875 0.75 0.6166666671875001 0.7484375 0.6229166671875 0.7484375 0.63125 0.7515625 0.6416666671875 0.7578125 0.6458333328125
2 0.6921875 0.6166666671875001 0.7 0.6166666671875001 0.70625 0.6104166671875 0.7078125 0.6020833328124999 0.7046875 0.5875 0.6984375 0.5833333328125 0.6890625 0.5833333328125 0.684375 0.5875 0.68125 0.5958333328125 0.68125 0.6041666671875 0.684375 0.6125 0.6921875 0.6166666671875001
2 0.540625 0.6270833328125 0.5484375 0.6208333328125 0.55 0.6166666671875001 0.55 0.6020833328124999 0.5453125 0.59375 0.5421875 0.5916666671875 0.5328125 0.5916666671875 0.528125 0.5958333328125 0.5265625 0.6 0.525 0.60625 0.525 0.6145833328125 0.53125 0.6229166671875 0.540625 0.6270833328125
2 0.4625 0.49375 0.471875 0.49375 0.4796875 0.48541666718750004 0.4796875 0.475 0.478125 0.46875 0.471875 0.4604166671875 0.4609375 0.4604166671875 0.4578125 0.4625 0.4546875 0.46875 0.453125 0.4770833328125 0.4546875 0.48541666718750004 0.459375 0.4916666671875 0.4625 0.49375