1 0.74375 0.2666666671875 0.765625 0.2666666671875 0.7703125 0.2645833328125 0.778125 0.2541666671875 0.7796875 0.2479166671875 0.778125 0.2416666671875 0.7734375 0.23541666718749998 0.7625 0.22916666718749998 0.753125 0.22916666718749998 0.7390625 0.23541666718749998 0.734375 0.2416666671875 0.73125 0.25 0.73125 0.25625 0.7359375 0.2625 0.74375 0.2666666671875
1 0.65625 0.36666666718749996 0.66875 0.36666666718749996 0.678125 0.3604166671875 0.6890625 0.3479166671875 0.6921875 0.3395833328125 0.6921875 0.3291666671875 0.6890625 0.325 0.684375 0.3229166671875 0.6703125 0.3270833328125 0.6609375 0.33541666718749996 0.653125 0.3479166671875 0.6515625 0.35208333281250004 0.6515625 0.3625 0.653125 0.3645833328125 0.65625 0.36666666718749996
1 0.55625 0.30625 0.5671875 0.32083333281250004 0.571875 0.3229166671875 0.578125 0.3166666671875 0.58125 0.30416666718749996 0.578125 0.2770833328125 0.575 0.26875 0.56875 0.2625 0.559375 0.2604166671875 0.5546875 0.2666666671875 0.5515625 0.275 0.5515625 0.28958333281250004 0.5546875 0.3020833328125 0.55625 0.30625
1 0.5546875 0.45208333281249996 0.5703125 0.45208333281249996 0.578125 0.44375 0.5796875 0.4375 0.578125 0.4270833328125 0.5703125 0.41875 0.559375 0.4145833328125 0.55 0.4145833328125 0.540625 0.41875 0.5359375 0.425 0.5359375 0.4375 0.5453125 0.4479166671875 0.5546875 0.45208333281249996
1 0.4125 0.45416666718750004 0.415625 0.45625 0.4234375 0.45416666718750004 0.4265625 0.45 0.4296875 0.44166666718750003 0.4296875 0.425 0.428125 0.4145833328125 0.4234375 0.4 0.41875 0.3958333328125 0.4109375 0.39375 0.4078125 0.3958333328125 0.403125 0.40416666718750005 0.4015625 0.41041666718750003 0.4015625 0.43125 0.4046875 0.44375 0.4125 0.45416666718750004
1 0.4921875 0.5875 0.4984375 0.5916666671875 0.5046875 0.59375 0.5109375 0.5916666671875 0.5140625 0.5833333328125 0.5125 0.5666666671875 0.5046875 0.5479166671875 0.496875 0.5395833328124999 0.4890625 0.5395833328124999 0.48125 0.5458333328125 0.4796875 0.5520833328125 0.4796875 0.5604166671875 0.4890625 0.5833333328125 0.4921875 0.5875
1 0.521875 0.49791666718750005 0.528125 0.49791666718750005 0.53125 0.49583333281249997 0.5359375 0.48125 0.5359375 0.46458333281249997 0.53125 0.4479166671875 0.528125 0.44166666718750003 0.525 0.43958333281249995 0.515625 0.43958333281249995 0.5125 0.44166666718750003 0.509375 0.4479166671875 0.5078125 0.45625 0.5078125 0.47083333281249995 0.5109375 0.48541666718750004 0.521875 0.49791666718750005
1 0.6140625 0.59375 0.6359375 0.59375 0.6390625 0.5916666671875 0.640625 0.5875 0.640625 0.5729166671875 0.6375 0.5666666671875 0.6296875 0.5604166671875 0.6109375 0.55625 0.5984375 0.5645833328125 0.596875 0.56875 0.596875 0.58125 0.6046875 0.5895833328125 0.6140625 0.59375
1 0.678125 0.45 0.6859375 0.45 0.6921875 0.44375 0.6921875 0.4270833328125 0.6828125 0.40625 0.675 0.4 0.66875 0.39791666718749996 0.6625 0.4 0.6578125 0.40625 0.65625 0.42291666718750004 0.659375 0.43125 0.665625 0.44166666718750003 0.678125 0.45
1 0.8453125 0.48541666718750004 0.859375 0.48541666718750004 0.8671875 0.48125 0.871875 0.475 0.871875 0.4625 0.8671875 0.45625 0.853125 0.4479166671875 0.840625 0.4479166671875 0.83125 0.45208333281249996 0.8265625 0.45625 0.825 0.4583333328125 0.825 0.46875 0.83125 0.4770833328125 0.8453125 0.48541666718750004
1 0.5833359375 0.26042708281250004 0.5494765625 0.26042708281250004 0.5494765625 0.3236145828125 0.5833359375 0.3236145828125 0.5833359375 0.26042708281250004
1 0.7822890625000001 0.22846875 0.7296796875 0.22846875 0.7296796875 0.2687395828125 0.7822890625000001 0.2687395828125 0.7822890625000001 0.22846875
1 0.6942734374999999 0.32290625 0.6494765625000001 0.32290625 0.6494765625000001 0.3701354171875 0.6942734374999999 0.3701354171875 0.6942734374999999 0.32290625
1 0.5807265625 0.4138854171875 0.5359296875 0.4138854171875 0.5359296875 0.45415625000000004 0.5807265625 0.45415625000000004 0.5807265625 0.4138854171875
1 0.5369843750000001 0.4375104171875 0.507296875 0.4375104171875 0.507296875 0.49861458281250004 0.5369843750000001 0.49861458281250004 0.5369843750000001 0.4375104171875
1 0.432296875 0.3937604171875 0.401046875 0.3937604171875 0.401046875 0.4569479171875 0.432296875 0.4569479171875 0.432296875 0.3937604171875
1 0.5151015625 0.5368020828125 0.4781171875 0.5368020828125 0.4781171875 0.5944479171875 0.5151015625 0.5944479171875 0.5151015625 0.5368020828125
1 0.6427109375 0.5562604171875 0.5953203125 0.5562604171875 0.5953203125 0.59653125 0.6427109375 0.59653125 0.6427109375 0.5562604171875
1 0.8749921875 0.4451354171875 0.8229140625 0.4451354171875 0.8229140625 0.48611458281250003 0.8749921875 0.48611458281250003 0.8749921875 0.4451354171875
0 0.7255234374999999 0.3076354171875 0.6984453125 0.3076354171875 0.6984453125 0.34236458281250004 0.7255234374999999 0.34236458281250004 0.7255234374999999 0.3076354171875
0 0.6041640625 0.5194375 0.5817734375 0.5194375 0.5817734375 0.5548541671875 0.6041640625 0.5548541671875 0.6041640625 0.5194375
0 0.6307265625 0.5104166671875 0.6052109375 0.5104166671875 0.6052109375 0.5458333328125 0.6307265625 0.5458333328125 0.6307265625 0.5104166671875
0 0.5890546875 0.5555625 0.5635390625000001 0.5555625 0.5635390625000001 0.5868125 0.5890546875 0.5868125 0.5890546875 0.5555625
0 0.4921796875 0.5875104171875 0.46822656250000005 0.5875104171875 0.46822656250000005 0.6194479171875 0.4921796875 0.6194479171875 0.4921796875 0.5875104171875
2 0.8036484375 0.32153125 0.7807265625 0.32153125 0.7807265625 0.35209375 0.8036484375 0.35209375 0.8036484375 0.32153125
2 0.6104140625000001 0.4055520828125 0.5833359375 0.4055520828125 0.5833359375 0.4374895828125 0.6104140625000001 0.4374895828125 0.6104140625000001 0.4055520828125
2 0.6343828125 0.4173541671875 0.6098984375 0.4173541671875 0.6098984375 0.4506875 0.6343828125 0.4506875 0.6343828125 0.4173541671875
2 0.6630234374999999 0.4284791671875 0.6354140625 0.4284791671875 0.6354140625 0.4618125 0.6630234374999999 0.4618125 0.6630234374999999 0.4284791671875
2 0.7625 0.4569479171875 0.7359375 0.4569479171875 0.7359375 0.4916770828125 0.7625 0.4916770828125 0.7625 0.4569479171875
2 0.7776015625 0.48540625000000004 0.7515546875 0.48540625000000004 0.7515546875 0.5201354171875 0.7776015625 0.5201354171875 0.7776015625 0.48540625000000004
2 0.8218828125 0.5340208328125 0.7958359374999999 0.5340208328125 0.7958359374999999 0.5673541671875 0.8218828125 0.5673541671875 0.8218828125 0.5340208328125
2 0.49791406250000003 0.4486041671875 0.47342968750000003 0.4486041671875 0.47342968750000003 0.4798541671875 0.49791406250000003 0.4798541671875 0.49791406250000003 0.4486041671875
2 0.5239609375 0.4965208328125 0.49791406250000003 0.4965208328125 0.49791406250000003 0.5277708328124999 0.5239609375 0.5277708328124999 0.5239609375 0.4965208328125
2 0.5546796875 0.5263958328125 0.5291640625 0.5263958328125 0.5291640625 0.5576458328125 0.5546796875 0.5576458328125 0.5546796875 0.5263958328125
0 0.7046875 0.3416666671875 0.715625 0.3416666671875 0.721875 0.33541666718749996 0.7234375 0.33125 0.7234375 0.32083333281250004 0.721875 0.3145833328125 0.71875 0.3104166671875 0.715625 0.3083333328125 0.7078125 0.3083333328125 0.7 0.3166666671875 0.6984375 0.32083333281250004 0.6984375 0.3333333328125 0.7 0.3375 0.7046875 0.3416666671875
0 0.621875 0.5458333328125 0.6265625 0.5416666671875 0.6296875 0.5333333328125 0.6296875 0.525 0.6234375 0.5145833328125 0.6203125 0.5125 0.6109375 0.5125 0.6046875 0.5208333328125 0.603125 0.5291666671875 0.6078125 0.5416666671875 0.6140625 0.5458333328125 0.621875 0.5458333328125
0 0.5875 0.55625 0.5953125 0.55625 0.5984375 0.5541666671875001 0.603125 0.5479166671875 0.603125 0.53125 0.596875 0.5229166671875001 0.5875 0.5229166671875001 0.5828125 0.5270833328125 0.5796875 0.5354166671875 0.5796875 0.54375 0.5828125 0.5520833328125 0.5875 0.55625
0 0.5796875 0.5875 0.5828125 0.5854166671875001 0.5875 0.5770833328125 0.5875 0.5645833328125 0.5859375 0.5604166671875 0.58125 0.5541666671875001 0.575 0.5520833328125 0.565625 0.5583333328125 0.5640625 0.5625 0.5640625 0.5791666671875 0.5703125 0.5875 0.5796875 0.5875
0 0.4859375 0.61875 0.4890625 0.6145833328125 0.490625 0.6104166671875 0.490625 0.5958333328125 0.484375 0.5875 0.4765625 0.5875 0.4734375 0.5895833328125 0.46875 0.5979166671875 0.4671875 0.6104166671875 0.4734375 0.6208333328125 0.4796875 0.6229166671875 0.4859375 0.61875
2 0.7828125 0.3541666671875 0.796875 0.3541666671875 0.8 0.35208333281250004 0.803125 0.34375 0.803125 0.33125 0.8015625 0.3270833328125 0.7953125 0.32083333281250004 0.7875 0.32083333281250004 0.784375 0.3229166671875 0.778125 0.33125 0.778125 0.3458333328125 0.78125 0.35208333281250004 0.7828125 0.3541666671875
2 0.60625 0.43958333281249995 0.609375 0.4270833328125 0.609375 0.4166666671875 0.6046875 0.40833333281249995 0.6 0.40625 0.59375 0.40625 0.5890625 0.40833333281249995 0.584375 0.4145833328125 0.5828125 0.41875 0.5828125 0.4291666671875 0.5890625 0.43958333281249995 0.60625 0.43958333281249995
2 0.61875 0.45208333281249996 0.6265625 0.45208333281249996 0.6328125 0.44375 0.634375 0.43541666718750005 0.63125 0.425 0.628125 0.42083333281249996 0.625 0.41875 0.6125 0.41875 0.609375 0.425 0.6078125 0.43125 0.6078125 0.44166666718750003 0.6140625 0.45 0.61875 0.45208333281249996
2 0.6453125 0.4625 0.6515625 0.4625 0.6578125 0.4583333328125 0.6609375 0.4458333328125 0.659375 0.4375 0.6546875 0.43125 0.6515625 0.4291666671875 0.64375 0.4291666671875 0.6375 0.43333333281249997 0.6359375 0.4375 0.6359375 0.45416666718750004 0.6390625 0.4583333328125 0.6453125 0.4625
2 0.7453125 0.49375 0.7515625 0.49375 0.7609375 0.48541666718750004 0.7609375 0.47083333281249995 0.7546875 0.4604166671875 0.7453125 0.4583333328125 0.7390625 0.4625 0.7359375 0.46875 0.734375 0.4770833328125 0.7359375 0.48541666718750004 0.7390625 0.4895833328125 0.7453125 0.49375
2 0.7671875 0.5208333328125 0.7703125 0.51875 0.7765625 0.5083333328124999 0.7765625 0.5 0.7734375 0.4916666671875 0.7671875 0.48541666718750004 0.7609375 0.48541666718750004 0.7578125 0.4875 0.7515625 0.49583333281249997 0.75 0.5 0.7515625 0.5125 0.7578125 0.51875 0.7671875 0.5208333328125
2 0.803125 0.5666666671875 0.8140625 0.5666666671875 0.8203125 0.5604166671875 0.8203125 0.54375 0.815625 0.5354166671875 0.80625 0.5333333328125 0.8015625 0.5354166671875 0.796875 0.5416666671875 0.7953125 0.5458333328125 0.7953125 0.55625 0.7984375 0.5645833328125 0.803125 0.5666666671875
2 0.48125 0.48125 0.4921875 0.48125 0.4953125 0.4791666671875 0.496875 0.475 0.496875 0.4583333328125 0.4953125 0.45416666718750004 0.4890625 0.4479166671875 0.48125 0.4479166671875 0.4765625 0.45208333281249996 0.4734375 0.4604166671875 0.4734375 0.46875 0.475 0.475 0.48125 0.48125
2 0.5046875 0.5291666671875 0.5171875 0.5291666671875 0.5203125 0.525 0.5234375 0.5166666671875 0.5234375 0.5083333328124999 0.521875 0.5041666671875 0.515625 0.49583333281249997 0.5046875 0.49583333281249997 0.5015625 0.49791666718750005 0.5 0.5020833328125 0.4984375 0.5083333328124999 0.4984375 0.5208333328125 0.5 0.525 0.5046875 0.5291666671875
2 0.540625 0.5604166671875 0.5484375 0.5583333328125 0.553125 0.5479166671875 0.553125 0.5375 0.5484375 0.5270833328125 0.5453125 0.525 0.5359375 0.525 0.53125 0.5291666671875 0.528125 0.5375 0.528125 0.5479166671875 0.53125 0.5541666671875001 0.540625 0.5604166671875