1 0.2982250078125 0.2228121125 0.32101605312500003 0.2102487171875 0.3232960625 0.1988219546875 0.31374676562500003 0.1902031796875 0.2820578546875 0.1908830109375 0.26176295625 0.20223185 0.267838959375 0.21696236562500001 0.2982250078125 0.2228121125
1 0.3626865375 0.23861207499999998 0.3496639453125 0.2361050390625 0.329478625 0.23560927656250003 0.32481204531249996 0.23640599375 0.3148274546875 0.2412642171875 0.3128731609375 0.251058584375 0.316236878125 0.25679144531250003 0.32209674375 0.26130975312500004 0.3481419265625 0.26632382187500003 0.354978940625 0.26594494375 0.36963010937499996 0.26029000625 0.3724519734375 0.25744305624999997 0.3740805515625 0.2492810828125 0.37071683437499997 0.24354822031249998 0.3626865375 0.23861207499999998
1 0.3962080953125 0.37558811875 0.3971852421875 0.370690934375 0.3956662421875 0.36700830624999997 0.38980637812499996 0.36249 0.372442921875 0.3591472859375 0.35095473906249997 0.36518110312499996 0.343140578125 0.3704571640625 0.339993 0.3749365078125 0.3386901375 0.3814660875 0.339883421875 0.3867811109375 0.34357285625 0.3908815796875 0.3475880046875 0.3933496515625 0.3562697328125 0.395021009375 0.3677733234375 0.3938454140625 0.3774322 0.3906195859375 0.39273480156249996 0.38169985781250004 0.3962080953125 0.37558811875
1 0.35029123906250004 0.5040515359375 0.33998093281249997 0.5105421515625 0.3315153421875 0.519083003125 0.3282581859375 0.5354069484374999 0.3312961875 0.54277220625 0.3353113359375 0.545240278125 0.34182263125 0.546493796875 0.351155790625 0.5449003625 0.3639622453125 0.537195190625 0.3734049828125 0.5237571562500001 0.3753592765625 0.5139627875 0.36830612500000004 0.5041294578125 0.36179483125 0.502875940625 0.35029123906250004 0.5040515359375
1 0.4129080515625 0.5178012625 0.39771502812500004 0.5148763890625 0.3905523 0.5168876609375 0.38523429062500003 0.5209491671875 0.3754658359375 0.5360195953125 0.3728601109375 0.5490787546875 0.3780685453125 0.5568618484375001 0.3820836921875 0.5593299218750001 0.388594990625 0.5605834390625 0.39326156874999996 0.5597867234375 0.4032461609375 0.5549285015625001 0.41171175 0.54638765 0.4177907703125 0.527216753125 0.416597484375 0.5219017296875 0.4129080515625 0.5178012625
1 0.47965864375 0.42047023125000005 0.4706512 0.42043126875 0.460992325 0.42365709687499997 0.45817046093749997 0.426504046875 0.4571933140625 0.4314012328125 0.45871231406249996 0.43508386093749996 0.4682616125 0.443702634375 0.47444719375 0.4465885453125 0.5048332421875 0.4524382921875 0.514492115625 0.4492124640625 0.5173139796874999 0.44636551718749995 0.518942559375 0.4382035421875 0.515578840625 0.43247067968749997 0.49919253281250003 0.4242307828125 0.47965864375 0.42047023125000005
1 0.5484700890624999 0.335401640625 0.51992875625 0.3316021265625 0.510595596875 0.3331955609375 0.5031071546875 0.33683922499999996 0.501804290625 0.3433688046875 0.5033232921875 0.3470514328125 0.51070215625 0.35525236875 0.51471730625 0.3577204421875 0.5342511953125 0.36148099375 0.55009565 0.361141078125 0.559754525 0.35791525 0.5650725359375001 0.35385374375 0.5663753984375 0.3473241640625 0.564856396875 0.34364153750000004 0.5484700890624999 0.335401640625
1 0.57560803125 0.255871103125 0.57408903125 0.25218847499999997 0.564539734375 0.24356969999999997 0.5555322890625 0.24353073906249997 0.5455477 0.24838896250000003 0.5420744046875 0.2545007 0.5378401015625001 0.27572182968750003 0.5405523875 0.28471948125 0.5442418203125 0.28881995 0.5504274 0.2917058625 0.5572644109375 0.29132698437500004 0.56225670625 0.2888978734375 0.570722296875 0.2803570234375 0.5741955921875 0.274245284375 0.5768013171875 0.261186125 0.57560803125 0.255871103125
1 0.5470697171875 0.218170178125 0.5451154234375 0.227964546875 0.5463087078125 0.2332795703125 0.549998140625 0.2373800375 0.5720281765624999 0.2399260328125 0.5888497796875 0.234688934375 0.5998115171875 0.224933528125 0.6020915265625 0.21350676562499998 0.594386946875 0.20693822343749999 0.5766977734375 0.20522790781250003 0.5651941828125 0.20640350000000002 0.5527134453125 0.21247627812499997 0.5470697171875 0.218170178125
1 0.5608291796875 0.47677910625 0.5533407375 0.480422771875 0.55008358125 0.49674672031249995 0.554640584375 0.5077946046874999 0.565383165625 0.521728403125 0.5715687468749999 0.5246143156249999 0.5827466218749999 0.5250711156250001 0.5883903484374999 0.5193772140624999 0.5925150765625 0.510000684375 0.5879580734375 0.4989528015625 0.5812306375 0.48748707500000005 0.5756964890625 0.481336375 0.5716813421875 0.4788683015625 0.5608291796875 0.47677910625
1 0.371864675 0.2717383390625 0.3782161296875 0.23990664375 0.3169014234375 0.22810268749999998 0.31054996875 0.259934384375 0.371864675 0.2717383390625
1 0.31985874999999997 0.22740069218749998 0.3273502109375 0.1898556125 0.2660355046875 0.1780516578125 0.25854404531249997 0.2155967359375 0.31985874999999997 0.22740069218749998
1 0.3941833453125 0.40273521875 0.40208195 0.363149646875 0.3418524609375 0.35155461250000003 0.33395385625 0.39114018281249996 0.3941833453125 0.40273521875
1 0.369415840625 0.55222118125 0.378943021875 0.5044736375000001 0.334449165625 0.4959079359375 0.3249219828125 0.5436554796874999 0.369415840625 0.55222118125
1 0.41013807968749993 0.565569865625 0.41966526406250004 0.5178223234375 0.37734183906249996 0.5096744609375 0.36781465625 0.557422003125 0.41013807968749993 0.565569865625
1 0.5159837234375 0.45585624375 0.521683746875 0.4272893375 0.45982643437500004 0.4153809234375 0.45412641093749995 0.4439478296875 0.5159837234375 0.45585624375
1 0.563227940625 0.3687460546875 0.569335109375 0.338138653125 0.5042221484375 0.3256034796875 0.4981149796875 0.35621088125 0.563227940625 0.3687460546875
1 0.5699612890625 0.29546641406249996 0.5798956171875 0.24567837812499999 0.5440834875 0.23878403124999997 0.5341491609375 0.28857206875 0.5699612890625 0.29546641406249996
1 0.5966749109375 0.24635750625 0.60441065625 0.20758813125 0.550692465625 0.1972466140625 0.5429567171875 0.2360159890625 0.5966749109375 0.24635750625
1 0.5884020765625 0.5278464953124999 0.597440684375 0.48254754375 0.5524042203125 0.47387738125 0.5433656109375 0.5191763328125 0.5884020765625 0.5278464953124999
2 0.32965571250000003 0.5199878453125 0.3349485921875 0.4934614328125 0.30293471875 0.48729830625000004 0.2976418390625 0.51382471875 0.32965571250000003 0.5199878453125
2 0.3789924640625 0.35744174218749997 0.384203915625 0.33132342812500004 0.350019609375 0.3247424625 0.344808159375 0.350860778125 0.3789924640625 0.35744174218749997
2 0.4603255671875 0.29427739375 0.465699875 0.2673428828125 0.4342286125 0.2612842171875 0.42885430468749997 0.28821872656249997 0.4603255671875 0.29427739375
2 0.42830432500000004 0.2063158203125 0.4337600609375 0.178973209375 0.3984905421875 0.172183325 0.39303480468749996 0.199525934375 0.42830432500000004 0.2063158203125
2 0.47222968749999994 0.20078750625000003 0.47752256718749997 0.17426109218750002 0.4433382625 0.167680128125 0.43804538125 0.19420653906250002 0.47222968749999994 0.20078750625000003
2 0.5077592828124999 0.21186520937500003 0.5130521625 0.1853387953125 0.479410465625 0.17886228906249999 0.4741175859375 0.20538870468749998 0.5077592828124999 0.21186520937500003
2 0.49441196875 0.5046667609375 0.49970485 0.4781403484375 0.4660631515625 0.4716638421875 0.46077027187499997 0.4981902546875 0.49441196875 0.5046667609375
2 0.620358484375 0.4297584109375 0.6255699359375 0.40364009687499997 0.5919282375 0.397163590625 0.5867167875 0.4232819046875 0.620358484375 0.4297584109375
2 0.6233501140625 0.36675963125 0.6286429953125 0.34023321875 0.595001296875 0.3337567140625 0.5897084171875 0.360283125 0.6233501140625 0.36675963125
2 0.6191804046875 0.271878878125 0.624799 0.24372007031249998 0.5922425203125 0.23745248437500002 0.5866239234374999 0.2656112921875 0.6191804046875 0.271878878125
0 0.48312113749999996 0.23086188437500002 0.48882116093750005 0.202294978125 0.4519238171875 0.1951917140625 0.44622379375000004 0.2237586203125 0.48312113749999996 0.23086188437500002
0 0.4619718546875 0.41027639843749997 0.4674275921875 0.38293378749999996 0.42944503125000005 0.37562160312500004 0.42398929374999994 0.40296421406249994 0.4619718546875 0.41027639843749997
0 0.593871390625 0.3479475359375 0.599327128125 0.320604925 0.5629723890625 0.31360612187500003 0.5575166515625 0.3409487328125 0.593871390625 0.3479475359375
0 0.5919893546874999 0.44209549218750005 0.5972008046874999 0.4159771796875 0.5651869328125 0.409814053125 0.55997548125 0.4359323671875 0.5919893546874999 0.44209549218750005
0 0.618026240625 0.5403384421874999 0.62340055 0.5134039296874999 0.5903014609375 0.507031884375 0.584927153125 0.5339663953125 0.618026240625 0.5403384421874999
2 0.29809129218749997 0.5058679984375 0.29961029375 0.5095506265624999 0.3054701578125 0.5140689328125 0.30948530625 0.51653700625 0.3225078984375 0.519044040625 0.3296706265625 0.51703276875 0.33813621718750003 0.5084919171875 0.3394390796875 0.5019623390625 0.3342306453125 0.49417924375 0.31469675625 0.490418690625 0.3025417328125 0.49485907500000004 0.2997198703125 0.497706025 0.29809129218749997 0.5058679984375
2 0.35377961875 0.3284327421875 0.34813589375 0.3341266421875 0.3465073140625 0.34228861718750003 0.3477005984375 0.3476036390625 0.35356046406249997 0.3521219453125 0.3575756140625 0.35459001875 0.37059820625 0.357097053125 0.3805827953125 0.3522388328125 0.38373037499999996 0.34775948749999996 0.38503323906250003 0.3412299078125 0.3779800875 0.33139657968749997 0.3739649390625 0.32892850625 0.3652832109375 0.32725715 0.35377961875 0.3284327421875
2 0.4385420796875 0.26508104375 0.430727921875 0.27035710625 0.42909934375000003 0.278519078125 0.43213734531250003 0.28588433593749996 0.4379972109375 0.2904026421875 0.4485236546875 0.2941242328125 0.45536066562500005 0.2937453546875 0.460678678125 0.2896838484375 0.46382625781250003 0.285204503125 0.465454834375 0.27704253125 0.46393583437499997 0.27335990312499997 0.456231253125 0.2667913625 0.4432086625 0.26428432812499997 0.4385420796875 0.26508104375
2 0.3964423375 0.1823918625 0.39481375937499996 0.1905538359375 0.40186690937499997 0.2003871671875 0.40588205625 0.20285523906249997 0.416734215625 0.20494443437499998 0.42639309374999995 0.2017186078125 0.43203681875 0.19602470624999999 0.43399111250000005 0.1862303390625 0.4303016796875 0.18212987187500002 0.42010095156249994 0.1767758859375 0.41141922343750004 0.1751045296875 0.399589915625 0.17791251875 0.3964423375 0.1823918625
2 0.44321469531249996 0.1964815078125 0.44722984375 0.1989495796875 0.45591157187500003 0.2006209375 0.474577890625 0.1974340703125 0.4768579 0.1860073078125 0.4716494671875 0.17822421093750002 0.45927830625 0.1724523875 0.45027086250000004 0.172413425 0.44310813437499996 0.174424696875 0.44028627187499997 0.1772716484375 0.4380062609375 0.1886984125 0.44321469531249996 0.1964815078125
2 0.47620646874999994 0.18927209843749998 0.47490360468750004 0.195801675 0.48195675624999995 0.20563500625 0.48781662187499997 0.2101533125 0.49866878124999997 0.2122425078125 0.5033353593750001 0.2114457921875 0.5118009515625 0.2029049421875 0.5131038140624999 0.1963753625 0.5082210953125 0.1869598703125 0.5042059484375 0.18449179843750002 0.4890129234375 0.1815669234375 0.48185019531249995 0.18357819687500002 0.47620646874999994 0.18927209843749998
2 0.5938390578125 0.2661612328125 0.59785420625 0.26862930625 0.6065359328125 0.2703006625 0.6112025156249999 0.2695039453125 0.6240089671875 0.26179877500000004 0.625637546875 0.2536368 0.61825868125 0.24543586718750002 0.614243534375 0.24296779375000002 0.603391371875 0.24087859687500002 0.5890659171875 0.24490114062499999 0.5867859078125 0.2563279046875 0.5938390578125 0.2661612328125
2 0.589056865625 0.3466053734375 0.5899244359375 0.353552790625 0.59513286875 0.3613358859375 0.6013184500000001 0.3642217984375 0.612170609375 0.36631099375 0.6218294859375 0.363085165625 0.6246513484375 0.360238215625 0.6272570749999999 0.34717905781249997 0.6235676390625 0.343078590625 0.6195524921875 0.3406105171875 0.6065299000000001 0.33810348281249997 0.597196740625 0.339696915625 0.589056865625 0.3466053734375
2 0.600664 0.40138799843750006 0.5885089765625 0.40582838125 0.587206115625 0.4123579609375 0.5887251140624999 0.4160405890625 0.5982744140625 0.4246593625 0.606630425 0.42796311249999996 0.6134674375 0.4275842359375 0.62095588125 0.4239405703125 0.6241034609375 0.41946122499999994 0.6254063234375 0.4129316453125 0.6238873234375 0.4092490171875 0.6161827421875 0.4026804765625 0.6075010125 0.40100912031249997 0.600664 0.40138799843750006
2 0.4705355875 0.5000786921875 0.47672116875 0.5029646046875 0.48789904375 0.5034214046875001 0.49256562343750004 0.5026246890625 0.5007054984375 0.49571623125000003 0.5001636453125 0.487136421875 0.490614346875 0.478517646875 0.475421321875 0.475592771875 0.4654367328125 0.48045099531249996 0.463156721875 0.4918777578125 0.4665204390625 0.49761061875 0.4705355875 0.5000786921875
0 0.44840502656250003 0.40767306562499994 0.45307160468749996 0.40687634843750003 0.4608857640625 0.4016002875 0.46284005937500006 0.39180592187499996 0.4532907609375 0.383187146875 0.43809773593749995 0.380262271875 0.42811314375 0.3851204953125 0.4261588515625 0.3949148609375 0.4313672859375 0.402697959375 0.43538243281250005 0.40516603125 0.44840502656250003 0.40767306562499994
0 0.5599736796875 0.3342260453125 0.5614926828125 0.337908675 0.5673525453125 0.34242698125 0.5778789890625 0.34614857187500003 0.58721215 0.3445551390625 0.5922044453125 0.342126028125 0.59752245625 0.33806452187499997 0.5981738890625 0.3347997328125 0.59329116875 0.3253842421875 0.585260871875 0.3204480953125 0.5744087125 0.3183589015625 0.5622536890625 0.322799284375 0.5599736796875 0.3342260453125
0 0.5660436484375 0.41675938125 0.560399921875 0.42245328125 0.559748490625 0.425718071875 0.5609417750000001 0.43103309375 0.5646312078125 0.4351335625 0.5686463578125001 0.437601634375 0.58166895 0.44010866875000004 0.5910021078125001 0.43851523593749997 0.5966458359375 0.4328213359375 0.5976229828124999 0.4279241515625 0.59610398125 0.4242415234375 0.5887251140624999 0.4160405890625 0.5757025234375 0.413533553125 0.5660436484375 0.41675938125
0 0.621923975 0.5207476171875001 0.614219396875 0.5141790765625001 0.5968559390625 0.5108363640625 0.5890417796875 0.516112425 0.587087484375 0.52590679375 0.5926216359375001 0.53205749375 0.5966367828125 0.534525565625 0.6118298078125 0.537450440625 0.61931825 0.533806775 0.621923975 0.5207476171875001
0 0.4556924171875 0.22431013906250002 0.4618779984375 0.2271960515625 0.47055972500000004 0.2288674078125 0.4802186 0.22564157968749998 0.483366178125 0.22116223437500002 0.48532047343749996 0.21136786718749997 0.47577117500000005 0.2027490921875 0.46491901562500004 0.20065989687500002 0.45558585625000003 0.20225333124999997 0.4502678453125 0.2063148375 0.44863926718749997 0.21447680937500002 0.4556924171875 0.22431013906250002