1 0.8103709078125 0.382548525 0.8087477859375 0.378173690625 0.7958175078124999 0.36901464375000004 0.78612891875 0.3664519625 0.7748308781250001 0.3659743546875 0.7716074265625 0.3679911984375 0.763560190625 0.3784165625 0.7619553 0.3826549375 0.7635875375000001 0.39133637499999996 0.771675796875 0.40029073437499996 0.7797549421875 0.40493848750000005 0.8007370125 0.40582547187499995 0.8071839187500001 0.4017917875 0.8103982562500001 0.3954683390625 0.8103709078125 0.382548525
1 0.7862656609374999 0.4310510359375 0.7830285359375 0.42660797031250003 0.7733308265625001 0.4197386859375 0.766870246875 0.4173124640625 0.757186215625 0.416903084375 0.7523487546875 0.4188517 0.7491298609375 0.42302184531250003 0.747524971875 0.42726021875000003 0.7475477609375 0.4380267328125 0.7572591453124999 0.45135592343750003 0.7701803046875 0.4562083671875 0.784706353125 0.456822434375 0.7911487015625001 0.45063544687499996 0.791135028125 0.44417553749999994 0.7862656609374999 0.4310510359375
1 0.7217419078125 0.4455482671875 0.71044386875 0.44507065937499996 0.6975500578125 0.45313803124999996 0.6911168265625001 0.463631625 0.6879070484375001 0.472108375 0.6863158328125001 0.4828066578125 0.68955751875 0.489403025 0.6927900874999999 0.4916927859375 0.7008601140625 0.49203393437500004 0.7056975734375001 0.490085321875 0.7201962734375 0.4777795734375 0.7266203875 0.462979375 0.728211603125 0.4522810921875 0.7217419078125 0.4455482671875
1 0.7396053640625 0.4979780515625 0.7379776828125 0.4914499140625 0.73312199375 0.48478531875 0.726656853125 0.48020579531249996 0.7218148375 0.48000110625000003 0.7169864968749999 0.4862563234375 0.7121718296874999 0.49897145 0.7105988453125 0.518282940625 0.7122356421875 0.529117684375 0.7154818859375001 0.5378673515625 0.7187190140624999 0.542310415625 0.7316310578125 0.5428562546875 0.7348499515625 0.5386861078125 0.73965094375 0.519511075 0.7396053640625 0.4979780515625
1 0.652763578125 0.6428715140625 0.6543684671875 0.638633140625 0.6543547921874999 0.63217323125 0.6511131078125 0.6255768671874999 0.639805953125 0.620792653125 0.6252844609375 0.6223318875 0.6123906515625 0.6303992609375 0.6091717562500001 0.63456940625 0.6092036640625 0.6496425234375 0.612440790625 0.6540855859375 0.6172873640625001 0.656443578125 0.6334274203125 0.657125875 0.6398788843750001 0.655245490625 0.6463257890625 0.65121180625 0.652763578125 0.6428715140625
1 0.5155366484374999 0.619845575 0.5058662875 0.625896103125 0.501037946875 0.632151321875 0.49943305625 0.636389696875 0.49945128906249997 0.64500290625 0.5043069796874999 0.651667503125 0.523675046875 0.6524862578125 0.5397923109375 0.6424020421875001 0.5446160953125 0.633993521875 0.5445978625000001 0.6253803125 0.5381281671875 0.6186474859375 0.5219881109375 0.6179651890625 0.5155366484374999 0.619845575
1 0.45225313125 0.45784023906250004 0.45219843125 0.4320006109375 0.4489521890625 0.42325094218750003 0.44409649843750004 0.41658634687499996 0.434412465625 0.41617696718749997 0.43118901249999997 0.4181938109375 0.427974675 0.42451725781249994 0.42476945625000007 0.4351473125 0.424824153125 0.46098694062499995 0.4280703953125 0.46973660781250004 0.4329260890625 0.4764012046875 0.43777266406250004 0.478759196875 0.44422412656250004 0.4768788125 0.44905246875 0.47062359374999996 0.45225313125 0.45784023906250004
1 0.4633369375 0.357112634375 0.46978384218749997 0.3530789484375 0.4730027359375 0.348908803125 0.4729753875 0.3359889875 0.4713522671875 0.3316141546875 0.4664920171875 0.32279625625 0.4584037578125 0.31384189687499997 0.4470966015625 0.3090576859375 0.43902657500000003 0.30871653593750004 0.4341891171875 0.31066515 0.4309702234375 0.3148352953125 0.42936533125 0.3190736703125 0.4293835640625 0.3276868796875 0.43100668750000004 0.3320617140625 0.44233663281249996 0.3476124390625 0.4601089265625 0.3569761765625 0.4633369375 0.357112634375
1 0.5147754375 0.2602440734375 0.509919746875 0.2535794765625 0.49700770156249996 0.253033640625 0.4841138921875 0.2611010125 0.4744617640625 0.2757647515625 0.472856875 0.2800031265625 0.472879665625 0.2907696375 0.47773535625 0.29743423281250003 0.4825819328125 0.29979222656250004 0.4954894171875 0.2981847609375 0.498712871875 0.2961679171875 0.51158845 0.27948733593749997 0.514798228125 0.2710105859375 0.5147754375 0.2602440734375
1 0.5617046671875 0.320361896875 0.5616499687500001 0.29452226875 0.560022290625 0.2879941328125 0.5583991671875 0.2836192984375 0.5519249125 0.2747331703125 0.5454688890625 0.27446025 0.5374262125 0.28703891875 0.535821321875 0.29127729375 0.5358760218749999 0.31711692187499996 0.537508259375 0.325798359375 0.54236850625 0.334616259375 0.545601075 0.3369060203125 0.553671103125 0.33724716875 0.5601088937500001 0.328906878125 0.5617046671875 0.320361896875
1 0.47236026249999996 0.30080270468750003 0.5164710312499999 0.3026674203125 0.5163661953124999 0.25314146718749997 0.4722554234375 0.2512767484375 0.47236026249999996 0.30080270468750003
1 0.5337668812499999 0.33854809218750004 0.5639003640625 0.339821940625 0.563762115625 0.2745122796875 0.5336286328125001 0.2732384296875 0.5337668812499999 0.33854809218750004
1 0.43052723593750003 0.3571574703125 0.4741053828125 0.35899967187500004 0.47399749375000005 0.3080310046875 0.43041934375 0.306188803125 0.43052723593750003 0.3571574703125
1 0.42486064062500006 0.4782241265625 0.45391274062500003 0.479452259375 0.4537774984375 0.415563778125 0.4247254 0.41433564218749996 0.42486064062500006 0.4782241265625
1 0.6868793156249999 0.4935960265625 0.7283108375 0.49534748124999994 0.728201440625 0.44366822499999997 0.6867699203125001 0.44191676874999997 0.6868793156249999 0.4935960265625
1 0.747048071875 0.45737282968750004 0.7933216078124999 0.45932897500000003 0.7932334984375 0.4177056390625 0.7469599625 0.4157494953125 0.747048071875 0.45737282968750004
1 0.7620039125 0.4056199078125 0.8120380828125 0.40773502656250005 0.8119499749999999 0.36611169062500004 0.761915803125 0.363996571875 0.7620039125 0.4056199078125
1 0.7111876921875 0.544866440625 0.7418537953125 0.5461628046875 0.741710990625 0.47869984218750006 0.7110448859375 0.477403478125 0.7111876921875 0.544866440625
1 0.6086796765625 0.65751151875 0.6560184578125 0.6595126953125 0.6559333578125 0.6193105390625 0.6085945765624999 0.6173093640625 0.6086796765625 0.65751151875
1 0.4983881390625 0.6535704015625 0.5451942984375 0.6555490609375 0.5451122515625 0.6167896203125001 0.49830609218750005 0.6148109578125001 0.4983881390625 0.6535704015625
0 0.4305541234375 0.29743134375 0.456006990625 0.2985073265625 0.4559280890625 0.2612336609375 0.430475221875 0.26015768125 0.4305541234375 0.29743134375
0 0.6533791718749999 0.2894538140625 0.6788320375 0.29052979687499997 0.6787601546875 0.2565722171875 0.6533072890625 0.255496234375 0.6533791718749999 0.2894538140625
0 0.633473525 0.5569220984375 0.660782496875 0.5580765453125001 0.6607000859375 0.5191448359375 0.6333911140625 0.517990390625 0.633473525 0.5569220984375
0 0.45302756874999994 0.644526059375 0.47909375625 0.6456279671875 0.4790183640625 0.6100123468749999 0.4529521765625 0.6089104359374999 0.45302756874999994 0.644526059375
0 0.8491223968750001 0.6811543421875 0.8789169390625 0.6824138625 0.87883630625 0.6443219421874999 0.8490417640624999 0.6430624234375 0.8491223968750001 0.6811543421875
2 0.6111641765625 0.2835352671875 0.6391026109375 0.284716321875 0.639028996875 0.24994048906250002 0.6110905625 0.248759434375 0.6111641765625 0.2835352671875
2 0.897331909375 0.293974684375 0.926513128125 0.29520827656250004 0.9264342265625001 0.2579346125 0.8972530078125001 0.25670102031250003 0.897331909375 0.293974684375
2 0.46442236562500006 0.4619934328125 0.4898752328125 0.4630694125 0.48979984062500004 0.427453790625 0.46434697343750003 0.4263778078125 0.46442236562500006 0.4619934328125
2 0.6017103328125 0.5100410875 0.6284059828124999 0.51116960625 0.6283358796875 0.4780518140625 0.6016402281250001 0.47692329375 0.6017103328125 0.5100410875
2 0.633355034375 0.50475800625 0.659421221875 0.505859915625 0.6593493406250001 0.4719023359375 0.6332831515625 0.470800428125 0.633355034375 0.50475800625
2 0.8516434500000001 0.4121222015625 0.8795818843750001 0.41330325781250005 0.8795082703125001 0.37852742500000003 0.8515698359374999 0.37734636875 0.8516434500000001 0.4121222015625
2 0.7890291140625 0.4442587609375 0.8169675484375001 0.4454398171875 0.816900909375 0.41395853593750004 0.788962475 0.4127774796875 0.7890291140625 0.4442587609375
2 0.7160649578125 0.5769709421875 0.7433739296875 0.5781253859375 0.7432985375000001 0.542509765625 0.7159895656249999 0.5413553203125 0.7160649578125 0.5769709421875
2 0.714949115625 0.6406988796875 0.7404019828124999 0.6417748609375 0.7403265921875 0.606159240625 0.7148737234375 0.605083259375 0.714949115625 0.6406988796875
2 0.782056278125 0.6725273578125 0.8099947140625 0.6737084140625 0.8099158125000001 0.6364347484375 0.781977378125 0.6352536921875 0.782056278125 0.6725273578125
0 0.43570284375 0.263360728125 0.4308745015625 0.2696159453125 0.4309064078125 0.2846890625 0.43252953125 0.2890638953125 0.4357666578125 0.2935069609375 0.4422317953125 0.298086484375 0.4502972640625 0.2962743296875 0.4551210484375 0.287865809375 0.4550936984375 0.2749459953125 0.45184745625 0.266196325 0.44376831250000004 0.2615485734375 0.43570284375 0.263360728125
0 0.6536163734375 0.28333824375 0.658472065625 0.2900028390625 0.6697701031250001 0.290480446875 0.67299355625 0.28846360312499997 0.6778082234375 0.27574847812500003 0.6761623109375 0.26060713281250003 0.6713111796875 0.2560958375 0.658399134375 0.25555000156249996 0.6551802390625 0.259720146875 0.6519704609375 0.26819689687500003 0.6536163734375 0.28333824375
0 0.87550089375 0.6544405109375 0.870645203125 0.6477759140625 0.8657986281250001 0.6454179234375 0.8577286015625001 0.6450767734375 0.8512862531250001 0.6512637625 0.849685921875 0.6576554390625 0.8497087140625 0.6684219515625001 0.85295495625 0.6771716234375 0.857806090625 0.6816829140625 0.86749468125 0.6842455968750001 0.87393246875 0.6759053046875 0.8755373578125001 0.671666928125 0.8771376890625 0.66527525 0.87550089375 0.6544405109375
0 0.4558138859375 0.6151677734375001 0.454208996875 0.6194061484375 0.45424546093749996 0.6366325671874999 0.45586858281250003 0.6410074015625 0.462333721875 0.6455869265625 0.472013196875 0.6438430015625001 0.47523209062499994 0.63967285625 0.4784373125 0.629042803125 0.4751819515625 0.6159865296875 0.471944825 0.6115434671875 0.45903278125 0.610997628125 0.4558138859375 0.6151677734375001
0 0.6347679375 0.5279959609375 0.63318128125 0.5408475453125 0.6396600921875 0.5518869765625001 0.64612523125 0.5564665 0.6493532421875 0.5566029593749999 0.657409596875 0.5504842015625 0.660614815625 0.5398541484375 0.6573640140625 0.5289511765625 0.6541268859375 0.5245081109374999 0.6508943171875 0.5222183499999999 0.6412102843749999 0.521808971875 0.6347679375 0.5279959609375
2 0.46511959375 0.436853053125 0.46352837812500003 0.44755133437500005 0.46515150156249996 0.45192616875 0.47324431718750004 0.4630338296875 0.48292835156249997 0.46344320781250004 0.48775669375 0.45718799062500004 0.48936158281250003 0.45294961406249995 0.48932967656250004 0.4378764984375 0.486087990625 0.43128013125000003 0.4747808359375 0.42649592031249994 0.46833392968750004 0.43052960625000003 0.46511959375 0.436853053125
2 0.60401066875 0.48363354999999997 0.6024103375000001 0.4900252265625 0.6024331296875001 0.5007917390625 0.607293378125 0.5096096375 0.6105259484375 0.5118994 0.6218239859375 0.5123770078125001 0.6250474374999999 0.5103601640625001 0.6282572171874999 0.5018834140624999 0.6282298671875 0.48896360000000005 0.62175105625 0.47792416875 0.6104530171875 0.47744656093750004 0.60401066875 0.48363354999999997
2 0.6491709171875 0.47047086406250005 0.6443289 0.470266175 0.6362679890625 0.4742316296875 0.633053653125 0.480555078125 0.6330810015624999 0.49347489375000003 0.6363272453125 0.5022245625 0.6444063875 0.506872315625 0.6508624109375 0.507145234375 0.6540858625 0.505128390625 0.6589096484375 0.4967198703125 0.658877740625 0.48164675468749996 0.6556360546875 0.4750503859375 0.6491709171875 0.47047086406250005
2 0.6293379203125 0.2500152625 0.6196538875 0.24960588593750002 0.6132160984375 0.2579461765625 0.6116112078125 0.2621845515625 0.6116385578125 0.27510436562499996 0.61649880625 0.2839222625 0.6197313765625 0.286212025 0.6278014015625 0.28655317343750003 0.6358531984375 0.2782811125 0.6374580875 0.2740427359375 0.637435296875 0.263276225 0.632570490625 0.25230502499999996 0.6293379203125 0.2500152625
2 0.7155411421875 0.5658602828125 0.7171642625 0.5702351171875 0.7236339593750001 0.5769679421875 0.7349319984375 0.57744555 0.741365228125 0.5669519578125 0.74133788125 0.55403214375 0.7397147578125 0.5496573078125 0.7332450625 0.5429244828125 0.7171141234375 0.546548790625 0.715509234375 0.550787165625 0.7155411421875 0.5658602828125
2 0.7301492359374999 0.6052337921875 0.7236932140625 0.6049608734375 0.7204697624999999 0.606977715625 0.7140319734375 0.6153180078125 0.7140593234375 0.6282378234375 0.7156870015625 0.634765959375 0.717305565625 0.6369874906249999 0.726998715625 0.641703475 0.735064184375 0.6398913187499999 0.7398879671875 0.6314828 0.7398606203125 0.6185629859375 0.7382374984375 0.61418815 0.7301492359374999 0.6052337921875
2 0.7834934640625 0.646244815625 0.78190225 0.656943096875 0.786771615625 0.6700676 0.7900041843750001 0.6723573625 0.8029162281250001 0.6729031984375 0.8093494609375 0.6624096046875 0.8093221109375 0.6494897921875 0.8076989890625 0.6451149578125001 0.8012292921874999 0.6383821328125 0.7899312546874999 0.637904525 0.786707803125 0.6399213671874999 0.7834934640625 0.646244815625
2 0.80881615625 0.41047322499999994 0.79751811875 0.4099956171875 0.7894663234375 0.418267678125 0.7878614359375 0.4225060546875 0.7878796671875 0.4311192640625 0.7927490328125 0.44424376875 0.7959861593750001 0.44868683125000003 0.8072796406249999 0.4470111375 0.8137219890624999 0.4408241484375 0.8153268765625 0.4365857734375 0.815299528125 0.4236659578125 0.812053284375 0.4149162890625 0.80881615625 0.41047322499999994
2 0.87491289375 0.3766645 0.86038684375 0.376050434375 0.8539444968750001 0.3822374234375 0.8507347171875 0.39071417343750003 0.8507529500000001 0.3993273828125 0.8556131984374999 0.40814527968750003 0.8620783375000001 0.41272480468749995 0.8717623703124999 0.4131341828125 0.87820471875 0.40694719375000005 0.87980960625 0.40270881875000003 0.8797822578125001 0.3897890046875 0.8781500187500001 0.381107565625 0.87491289375 0.3766645
2 0.908551753125 0.257512390625 0.9053282984375001 0.2595292328125 0.898890509375 0.267869525 0.8973038546875 0.280721109375 0.8989360921875 0.289402546875 0.9037917828124999 0.29606714375 0.9102523625 0.2984933640625 0.9167038265624999 0.29661298125 0.9231416156250001 0.288272690625 0.9231005921875 0.2688929703125 0.91824034375 0.2600750703125 0.915007775 0.257785309375 0.908551753125 0.257512390625