1 0.3865147859375 0.7015680640624999 0.383829159375 0.6983667859375 0.37667765468750003 0.695503621875 0.3699788390625 0.6960107921875001 0.36573930468750004 0.698034071875 0.355706334375 0.7073051921875 0.352145834375 0.714383975 0.34949070937500004 0.7282034265624999 0.35062243125000003 0.7366292624999999 0.3535344015625 0.74151570625 0.35845296718749997 0.744547928125 0.3718505984375 0.7435335875 0.37609013281250003 0.7415103078125 0.38544407187499996 0.7271836875 0.388551884375 0.7167345703125 0.3865147859375 0.7015680640624999
1 0.44125471875000005 0.8404172109375001 0.435883465625 0.8340146546874999 0.42649902187500005 0.831320546875 0.41556067187499995 0.833850996875 0.4079869828125 0.8446382265624999 0.40487917187500005 0.8550873453125 0.4080479921875 0.8786796859375 0.415652184375 0.8849131859374999 0.42034440625 0.8862602390625 0.427043221875 0.88575306875 0.43730253750000003 0.8781671171875001 0.44108938125 0.8727735031250001 0.44419719375 0.862324384375 0.444845721875 0.8503591578125 0.44125471875000005 0.8404172109375001
1 0.5372100750000001 0.799106315625 0.5211573171875 0.8139401062499999 0.5196034125 0.819164665625 0.522741728125 0.8257362796875001 0.5323525140625 0.830115553125 0.5544555578125 0.8267398203124999 0.56717415625 0.8206699796875 0.5792137234375 0.809544634375 0.57740296875 0.796063296875 0.570025121875 0.7915149640625 0.5543945484374999 0.7926983609375 0.5372100750000001 0.799106315625
1 0.48088573125 0.6484609984375 0.473960571875 0.6472830015625 0.44716530624999995 0.64931168125 0.438459896875 0.6516730749999999 0.42797423593749995 0.657573859375 0.42619398750000004 0.6611132515625 0.4270993640625 0.6678539203125 0.4324706171875 0.674256475 0.43716283906250003 0.6756035296875 0.4485538765625 0.6764434125000001 0.46418444687499993 0.6752600171875 0.48360186250000003 0.66868300625 0.48962164374999995 0.6631203359375 0.4882635796875 0.6530093296875 0.48088573125 0.6484609984375
1 0.430733690625 0.5773566578125 0.42426121875 0.5795489953125 0.40953602343749995 0.5874730593749999 0.3977228015625 0.600283571875 0.3984018359375 0.6053390734375 0.4060060265625 0.611572571875 0.4196300046875 0.6122434 0.43503423124999996 0.6093748359375 0.4517660171875 0.599596546875 0.4575594578125 0.5923487062499999 0.4562013921875 0.5822377046875 0.44882354218750004 0.577689371875 0.430733690625 0.5773566578125
1 0.354887603125 0.49968610468749997 0.343722909375 0.5005313874999999 0.3372504375 0.5027237234374999 0.3339162828125 0.511487671875 0.335048003125 0.519913509375 0.343557571875 0.532887678125 0.35608032968750003 0.5421533984375 0.3607725515625 0.5435004515624999 0.3721635890625 0.5443403375 0.3764031234375 0.54231705625 0.38242290625 0.5367543859375 0.380385809375 0.521587878125 0.37210258125 0.5102988765625 0.354887603125 0.49968610468749997
1 0.5231895515625 0.5771660046875 0.500860165625 0.5788565703125 0.492154753125 0.5812179656249999 0.47564931093749996 0.592681421875 0.4720888109375 0.5997602046875 0.4729941859375 0.6065008734374999 0.478139096875 0.6112182609375 0.4850642578125 0.612396259375 0.5029277671875 0.61104380625 0.5221188359375 0.6027816265625 0.5319254640625 0.591825340625 0.5305674 0.5817143359375 0.5278817734375 0.5785130578125 0.5231895515625 0.5771660046875
1 0.6009635421875 0.48446020624999997 0.5871132218749999 0.4821042125 0.58041440625 0.4826113828125 0.5761748718749999 0.4846346625 0.57038143125 0.4918825015625 0.5717394984374999 0.50199350625 0.5818029734375 0.509743115625 0.6030311421875 0.5166474421875 0.6188880578125 0.5171492125 0.6273671234375 0.5131026515625 0.6286946859375 0.506192925 0.625330025 0.497936146875 0.6226444 0.49473486875 0.6128072671875 0.488670425 0.6009635421875 0.48446020624999997
1 0.4534370734375 0.410514296875 0.43958675312500006 0.408158303125 0.415024428125 0.4100179265625 0.40855195625 0.4122102640625 0.4025321734375 0.417772934375 0.40120461093750004 0.42468266093749996 0.404342928125 0.43125427343749995 0.41172077500000004 0.4358026046875 0.4255710953125 0.43815859843749994 0.448126825 0.4381532015625 0.459065175 0.4356227515625 0.4653113015625 0.4317452453125 0.46709155156250004 0.42820585468749994 0.4657334875 0.41809485156250004 0.4534370734375 0.410514296875
1 0.6132471374999999 0.6095007 0.6092339484375 0.6132091468749999 0.605899790625 0.621973096875 0.60949079375 0.6319150453125 0.6340836234375 0.64707615 0.6387758453125 0.6484232046875 0.6521734765625 0.647408865625 0.6581932609375001 0.64184619375 0.6595208218749999 0.6349364671875 0.64855196875 0.6204461890624999 0.6384884953125 0.612696578125 0.6244118296875001 0.6086554171875 0.6132471374999999 0.6095007
1 0.33014814375 0.5011505828125 0.3365401046875 0.5487397078125 0.384481296875 0.5451100609374999 0.3780893359375 0.49752093750000004 0.33014814375 0.5011505828125
1 0.3430279828125 0.6959574171875 0.35001749375 0.7479953828125 0.3940287140625 0.7446632765625 0.3870392046875 0.6926253109375 0.3430279828125 0.6959574171875
1 0.39989490625 0.8328410859375 0.40754986875 0.8898334437500001 0.44892622187500003 0.8867008234375 0.441271259375 0.829708465625 0.39989490625 0.8328410859375
1 0.514255278125 0.795133003125 0.519381975 0.833302040625 0.583735265625 0.8284298296875001 0.5786085703125 0.790260790625 0.514255278125 0.795133003125
1 0.3936647734375 0.578971546875 0.3985900234375 0.6156407859375 0.4616482109375 0.6108666281249999 0.45672296093750003 0.5741973875 0.3936647734375 0.578971546875
1 0.42439481562500003 0.64973338125 0.428389790625 0.6794765843749999 0.4927430828125 0.6746043703125 0.48874810625 0.64486116875 0.42439481562500003 0.64973338125
1 0.46941100625 0.579739571875 0.47420497656249994 0.6154314140625 0.5352758468750001 0.610807715625 0.5304818765625 0.5751158734375 0.46941100625 0.579739571875
1 0.604046578125 0.6090992921875 0.609838728125 0.6522227218750001 0.662379771875 0.6482448203125 0.656587625 0.605121390625 0.604046578125 0.6090992921875
1 0.568671346875 0.4841047703125 0.57379804375 0.522273809375 0.63093894375 0.5179476515625 0.625812246875 0.4797786109375 0.568671346875 0.4841047703125
1 0.39830234999999997 0.4108839203125 0.402496509375 0.44211006875000003 0.47013222031249996 0.43698934375 0.4659380609375 0.40576319375000003 0.39830234999999997 0.4108839203125
2 0.34386400781250004 0.6428162859375 0.34745835468749997 0.66957674375 0.3835873015625 0.66684140625 0.37999295625 0.64008095 0.34386400781250004 0.6428162859375
2 0.411396853125 0.76036285625 0.4153918296875 0.790106059375 0.4534857625 0.7872219515625 0.4494907875 0.7574787515625 0.411396853125 0.76036285625
2 0.2948535921875 0.49531973906250004 0.29884856875 0.5250629421874999 0.3336600828125 0.52242735 0.32966510625 0.492684146875 0.2948535921875 0.49531973906250004
2 0.32637771875 0.4583847796875 0.33003996875 0.4856507859375 0.3661689171875 0.48291544999999997 0.3625066671875 0.4556494421875 0.32637771875 0.4583847796875
2 0.368206871875 0.4487150765625 0.37180121875 0.475475534375 0.405295296875 0.472939684375 0.40170095000000006 0.446179228125 0.368206871875 0.4487150765625
2 0.40484309218750003 0.43993220156249996 0.4087045234375 0.46868115625 0.44284615625 0.4660962796875 0.4389847234375 0.437347325 0.40484309218750003 0.43993220156249996
2 0.500236103125 0.443723865625 0.504364621875 0.47446131718749995 0.5398236875 0.471776696875 0.5356951703124999 0.44103924687499996 0.500236103125 0.443723865625
2 0.5659801234375 0.6715534421875 0.569642371875 0.6988194484375 0.6057713203125 0.6960841125 0.602109071875 0.66881810625 0.5659801234375 0.6715534421875
2 0.599229984375 0.7065803953125 0.6025595078125 0.73136920625 0.6367011375 0.7287843296875 0.6333716140625001 0.70399551875 0.599229984375 0.7065803953125
2 0.6057307953125 0.8242536406250001 0.609592228125 0.8530025953125 0.6470162796875 0.85016920625 0.643154846875 0.8214202515625001 0.6057307953125 0.8242536406250001
0 0.282435125 0.7535972265625 0.2864301 0.783340428125 0.3271589015625 0.7802568359375 0.323163925 0.7505136328125 0.282435125 0.7535972265625
0 0.557417853125 0.5780813124999999 0.561080103125 0.6053473203124999 0.59720905 0.602611984375 0.5935468 0.5753459765625 0.557417853125 0.5780813124999999
0 0.5680365734375 0.6028119234375 0.57163091875 0.62957238125 0.6064424328125 0.6269367890625 0.6028480859375 0.6001763296875 0.5680365734375 0.6028119234375
0 0.59121215625 0.5630022890624999 0.5947408640625 0.589274046875 0.628234940625 0.5867381968750001 0.6247062359375 0.5604664390625 0.59121215625 0.5630022890624999
0 0.6173834625 0.46639828593750005 0.620977809375 0.4931587421875 0.6551194421875 0.49057386562499994 0.6515250953125 0.46381341093749995 0.6173834625 0.46639828593750005
0 0.3030821890625 0.7521446796875 0.29460312499999997 0.756191240625 0.2868030921875 0.765293303125 0.28793481249999997 0.773719140625 0.295312659375 0.7782674734375 0.30916298124999997 0.7806234671875 0.31987498593749997 0.7764078484375 0.32589476875 0.770845178125 0.32722233125 0.7639354515625 0.3240840140625 0.7573638390624999 0.3191654484375 0.7543316171875001 0.30754806874999996 0.7518065671875 0.3030821890625 0.7521446796875
0 0.5783949921875 0.6019255453125 0.5741554578125 0.603948825 0.5681356765625 0.6095114984375 0.569493740625 0.6196225015625 0.5770979328125 0.6258560015625 0.5817901546875001 0.6272030562500001 0.597420725 0.626019659375 0.605673446875 0.6202879296875 0.6074536968750001 0.6167485375 0.6065483203125 0.61000786875 0.59648484375 0.6022582578125 0.5917926234374999 0.6009112046875 0.5783949921875 0.6019255453125
0 0.5580416953125 0.5847411578124999 0.5591734171875 0.5931669953125 0.5692368906249999 0.6009166046875001 0.5871004015625 0.5995641515625 0.5933465296875 0.5956866468750001 0.5969070296875 0.588607865625 0.5964543421874999 0.58523753125 0.588397459375 0.5756336953125001 0.5683010125 0.5771552062499999 0.5640614796875 0.5791784859375 0.5580416953125 0.5847411578124999
0 0.6136083140624999 0.561808846875 0.60021068125 0.5628231859375 0.5959711484375 0.5648464671875 0.5901777109374999 0.5720943046875 0.5908567421875001 0.57714980625 0.5962279968749999 0.5835523640625 0.6011465625 0.5865845843749999 0.605838784375 0.5879316375 0.617003478125 0.5870863546875 0.62548254375 0.5830397953124999 0.62726279375 0.5795004015624999 0.625904728125 0.5693894 0.6183005359375 0.5631559015625001 0.6136083140624999 0.561808846875
0 0.62795464375 0.4670959640625 0.6237151140625 0.4691192453125 0.617695328125 0.47468191718749997 0.6188270499999999 0.4831077546875 0.62643124375 0.489341253125 0.6311234640625 0.49068830781250006 0.6445210968749999 0.4896739671875 0.6487606296874999 0.48765068749999996 0.6587936015625 0.47837956875 0.6581145687500001 0.47332406562499996 0.6554289421874999 0.4701227875 0.6458181546875 0.4657435109375 0.62795464375 0.4670959640625
2 0.35804360156250004 0.6407383828125 0.35157113125 0.642930721875 0.34577769062499997 0.6501785609375 0.3444501296875 0.6570882859375 0.3475884453125 0.6636598984375001 0.3571992328125 0.668039175 0.3772956796875 0.6665176640625 0.38130886875000003 0.6628092171875 0.3846430265625 0.6540452671875 0.3841903375 0.6506749328125 0.3785927375 0.642587209375 0.3692082953125 0.6398931 0.35804360156250004 0.6407383828125
2 0.304857575 0.49666467968749994 0.2970575421875 0.5057667421875001 0.2981892640625 0.5141925796875 0.300874890625 0.51739385625 0.310485678125 0.5217731328124999 0.3283491859375 0.5204206796874999 0.332362375 0.5167122296875 0.3336899375 0.50980250625 0.3323318734375 0.49969150156250003 0.32741330625 0.4966592796875 0.31579592500000003 0.49413422812499996 0.304857575 0.49666467968749994
2 0.3315918328125 0.460594540625 0.3280313328125 0.4676733234375 0.329163053125 0.476099159375 0.3343079640625 0.48081654843750005 0.34369240625 0.48351065625 0.3548571 0.48266537343750004 0.3631098203125 0.4769336453125 0.366670321875 0.46985486249999997 0.3610727234375 0.46176713906250005 0.3512355921875 0.455702696875 0.337837959375 0.4567170375 0.3315918328125 0.460594540625
2 0.3693254453125 0.4560354109375 0.368224228125 0.46463030468750005 0.376054765625 0.47254896874999996 0.3807469859375 0.473896025 0.4008434328125 0.472374515625 0.41087640625 0.4631033953125 0.40482611874999996 0.4516453375 0.388516515625 0.4477732328125 0.3818177 0.4482804015625 0.373338634375 0.4523269640625 0.3693254453125 0.4560354109375
2 0.4126261515625 0.44254327499999996 0.40482611874999996 0.4516453375 0.4057314953125 0.45838600625000003 0.41110274843749994 0.4647885625 0.4204871921875 0.46748266875000005 0.4338848234375 0.46646833125000003 0.4381243578125 0.46444504999999997 0.4419112015625 0.45905143437499996 0.44210704375 0.443715871875 0.43942141562500003 0.44051459375 0.4168656859375 0.44051999375 0.4126261515625 0.44254327499999996
2 0.59437391875 0.6705102359375 0.5829828828125 0.66967035 0.5765104109375 0.6718626875 0.5684840343750001 0.6792795843749999 0.566930128125 0.684504140625 0.5673828171874999 0.6878744765625 0.5727540703125 0.6942770328125001 0.5845977953125 0.69848725 0.5912966109375 0.69798008125 0.6020086171875 0.6937644640625 0.60602180625 0.690056015625 0.6044373953125 0.6782598453124999 0.60175176875 0.6750585671875 0.59437391875 0.6705102359375
2 0.5231718671875 0.44268533593750004 0.5077676390625 0.4455539 0.5022005453125 0.4544869046875 0.500872984375 0.46139663124999997 0.503558609375 0.4645979109375 0.5133957421875001 0.470662353125 0.5290263125 0.46947895468749995 0.533265846875 0.46745567499999996 0.5372790359375 0.4637472265625 0.538832940625 0.45852266875 0.5381539078124999 0.45346716562499995 0.5327826546875001 0.4470646109375 0.5231718671875 0.44268533593750004
2 0.425697975 0.758182125 0.4214584421875 0.76020540625 0.415438659375 0.765768078125 0.412104503125 0.774532028125 0.41770209999999997 0.7826197515625 0.4295458265625 0.786829971875 0.44071051875 0.7859846875 0.4491895859375 0.781938125 0.45119618125 0.7800839015625 0.451844709375 0.768118675 0.44378782812499995 0.758514840625 0.4368626671875 0.7573368421875 0.425697975 0.758182125
2 0.6172041828125 0.8236914015625001 0.6091778046874999 0.831108296875 0.60739755625 0.8346476890625001 0.610988559375 0.844589634375 0.6185927515625 0.8508231328125 0.6344496671875001 0.8513249046875 0.6447089828125 0.843738953125 0.6464892328125 0.8401995609374999 0.642671884375 0.8285724468750001 0.63998625625 0.8253711687499999 0.6281425328125 0.8211609515625 0.6172041828125 0.8236914015625001
2 0.6189972515625 0.7026920703124999 0.6122984359375 0.7031992390624999 0.608058903125 0.7052225203125 0.6002588703125 0.714324584375 0.6011642453125 0.721065253125 0.6040762171875 0.7259516984375 0.608994784375 0.7289839203125 0.620612165625 0.7315089718750001 0.62507804375 0.7311708578125 0.633557109375 0.7271242984375 0.6393505484374999 0.7198764578125 0.638671515625 0.71482095625 0.6330739171875 0.706733234375 0.6189972515625 0.7026920703124999