1 0.29252213125000004 0.5923449734374999 0.2993885046875 0.5941386578125 0.3150415515625 0.5944042296875 0.3212762265625 0.5894784468750001 0.3203286828125 0.5793992484375 0.3152246890625 0.5726039046875 0.30804246874999996 0.5674504890625001 0.282655203125 0.5586338265624999 0.26923830625 0.55840619375 0.2630036296875 0.5633319765625 0.2639511734375 0.5734111765625001 0.2808676109375 0.58711568125 0.29252213125000004 0.5923449734374999
1 0.411221196875 0.5725554140625 0.4184034171875 0.577708828125 0.4385287625 0.578050278125 0.4493936640625 0.574880240625 0.4640991671875 0.5650666140625 0.4697021484375 0.553421365625 0.4599679296875 0.544870278125 0.439842584375 0.5445288265625 0.433292059375 0.546094878125 0.42466330937499996 0.5493028546875001 0.41411425625 0.5558326265625 0.4101157296875 0.560796346875 0.411221196875 0.5725554140625
1 0.4022009546875 0.6428442328124999 0.406831178125 0.6445999765625 0.4157757765625 0.64475173125 0.43032335625 0.6332582390625 0.436084259375 0.6232928578125 0.434347096875 0.6048143265625 0.427164878125 0.5996609109375 0.4137479796875 0.5994332765625 0.40304100312499996 0.60428318125 0.3972801 0.6142485625 0.3956756453125 0.6209300890625 0.3972548828125 0.6377287546875 0.4022009546875 0.6428442328124999
1 0.4437402515625 0.6334858734375 0.44452987187500004 0.64188520625 0.456342315625 0.6487943656249999 0.46320868906249996 0.65058805 0.490042484375 0.6510433171875001 0.5009073828124999 0.6478732796875 0.5090623625 0.6396257015625 0.5082727421875 0.6312263703125 0.50572074375 0.6278286984375 0.49869645 0.6243551484375 0.48959392656249995 0.622523525 0.46499628125000003 0.622106196875 0.45189523125 0.625238296875 0.4437402515625 0.6334858734375
1 0.40714038906249994 0.505398690625 0.4096923859375 0.5087963625 0.4191107578125 0.5139877187499999 0.42821327968749995 0.515819340625 0.44594455312500003 0.5144429859375 0.45904560156249996 0.5113108875 0.4694367296875 0.5031012484375 0.468647109375 0.494701915625 0.4660951125 0.49130424531249994 0.4590708171875 0.48783069531249995 0.430000871875 0.48733748906249996 0.41274337031249997 0.4937534421875 0.40666661875 0.5003590921875001 0.40714038906249994 0.505398690625
1 0.2914604578125 0.39106450625 0.2896980796875 0.396066165625 0.2914352421875 0.41454469843749997 0.3014853078125 0.42645551875 0.31106160312500003 0.433326740625 0.3179279734375 0.43512042500000003 0.3268725734375 0.4352721796875 0.33118694843749996 0.433668190625 0.334869628125 0.4253447375 0.3334483125 0.4102259375 0.32818639374999997 0.401750728125 0.313664028125 0.389764028125 0.30903380468749997 0.388008284375 0.2956169078125 0.3877806515625 0.2914604578125 0.39106450625
1 0.5285427406250001 0.34812565 0.529490284375 0.35820485 0.5366725046874999 0.363358265625 0.548011178125 0.3652278265625 0.563190453125 0.3604537984375 0.567346903125 0.3571699453125 0.57550188125 0.34892236875 0.5833410140625 0.337315059375 0.5828672421875 0.332275459375 0.5755270968749999 0.3254421765625 0.568660725 0.32364849218749997 0.5554017515624999 0.3251007265625 0.534303646875 0.33816026875 0.5285427406250001 0.34812565
1 0.5002690515625 0.49859279375 0.5095294984375001 0.5021042828125 0.5251825453125 0.50236985625 0.5294969203125001 0.5007658671875 0.5331796 0.4924424125 0.527601834375 0.48060746875 0.5132373921875 0.47030063593750004 0.49934672343750003 0.46503340312499997 0.48577190156250005 0.463125903125 0.4752228484375 0.469655675 0.4763283171875 0.481414740625 0.48127438749999996 0.4865302171875 0.5002690515625 0.49859279375
1 0.6209640640625 0.40504086250000004 0.6168076124999999 0.40832471875 0.6177551546875 0.4184039171875 0.627489375 0.42695500624999994 0.63914389375 0.4321843 0.646010265625 0.4339779828125 0.6683717609375 0.434357371875 0.6749222859375 0.4327913234375 0.6811569640624999 0.42786554062500004 0.6806831921875001 0.42282593906250004 0.67813119375 0.41942826875000006 0.6615306046875 0.409083496875 0.6386953359375 0.40366450781249996 0.6275145875 0.4034748140625 0.6209640640625 0.40504086250000004
1 0.6343875984375 0.5478295140625 0.6420435890625 0.55802253125 0.661038253125 0.570085109375 0.6747709984375 0.573672475 0.681479446875 0.5737862921875 0.6920284999999999 0.5672565203125 0.6913968046875001 0.56053705625 0.683898734375 0.5520239046875 0.674322440625 0.5451526828125 0.6602738484375 0.5382055828125 0.646541103125 0.5346182171875 0.6377544296875 0.536146328125 0.633597978125 0.5394301828125 0.6343875984375 0.5478295140625
1 0.259875215625 0.5567714140625 0.26333059062499997 0.5935268921875 0.32202951875 0.5945227890625 0.31857414375 0.5577673109375 0.259875215625 0.5567714140625
1 0.39056055624999997 0.5962054296875 0.39520035937500003 0.64555990625 0.439923353125 0.646318684375 0.43528354843750006 0.5969642078125 0.39056055624999997 0.5962054296875
1 0.4402493984375 0.6201013953125 0.443112559375 0.650557375 0.5122990265625 0.6517312046875 0.509435865625 0.621275225 0.4402493984375 0.6201013953125
1 0.4061937359375 0.5398572125000001 0.40984651562499996 0.578712525 0.472749403125 0.579779746875 0.469096621875 0.540924434375 0.4061937359375 0.5398572125000001
1 0.4024226046875 0.4847814921875 0.40523522968750003 0.5146999140624999 0.4730129234375 0.51584984375 0.47020029843750005 0.4859314203125 0.4024226046875 0.4847814921875
1 0.47216069843749997 0.46237504375 0.4759603484375 0.502792634375 0.5367612562499999 0.5038241921875 0.53296160625 0.46340660468749995 0.47216069843749997 0.46237504375
1 0.6295765906249999 0.5337014484375 0.6331788359375 0.572019203125 0.6932865359375 0.5730390015625 0.689684290625 0.5347212453125 0.6295765906249999 0.5337014484375
1 0.61428396875 0.40083519062499995 0.6174424468749999 0.4344325203125 0.680345334375 0.43549974375 0.67718685625 0.40190241406249994 0.61428396875 0.40083519062499995
1 0.5224207796875 0.32171510468750003 0.5265662843750001 0.3658116 0.584572003125 0.3667957359375 0.5804265 0.322699240625 0.5224207796875 0.32171510468750003
2 0.24506755937500002 0.406621584375 0.2475359109375 0.4328778984375 0.2824869296875 0.43347088281249996 0.28001857812500003 0.40721457031249997 0.24506755937500002 0.406621584375
2 0.2803359921875 0.43291446093749997 0.28275380625 0.4586332171875 0.3190912359375 0.45924972343750003 0.31667342187499997 0.43353096874999997 0.2803359921875 0.43291446093749997
2 0.3400162140625 0.3552920890625 0.342681971875 0.3836482359375 0.3825077953125 0.384323928125 0.3798420390625 0.35596778125 0.3400162140625 0.3552920890625
2 0.361912359375 0.2319794203125 0.364627071875 0.2608563234375 0.40096450156249996 0.26147283125 0.39824978906249997 0.2325959265625 0.361912359375 0.2319794203125
2 0.21595738281250002 0.12677540625 0.21877000781249997 0.1566938296875 0.2565162140625 0.1573342390625 0.2537035890625 0.12741581562499998 0.21595738281250002 0.12677540625
2 0.49121959375 0.5685708390624999 0.49378585781249995 0.5958686703125 0.5294300828125 0.5964734171875 0.52686381875 0.5691755859375001 0.49121959375 0.5685708390624999
2 0.626716509375 0.49591621406249997 0.6290364125 0.5205934515624999 0.6646806359374999 0.5211981984375 0.6623607328125 0.4965209609375 0.626716509375 0.49591621406249997
2 0.4905668703125 0.338986390625 0.493133134375 0.366284221875 0.5280841515625 0.3668772078125 0.5255178859375 0.33957937656250003 0.4905668703125 0.338986390625
2 0.5994962187499999 0.32511087656250004 0.6020135265625 0.35188795 0.6411461421875 0.35255188125000003 0.6386288343750001 0.32577480937500003 0.5994962187499999 0.32511087656250004
2 0.625535575 0.25323235781250003 0.6281507953125 0.281050946875 0.6637950203125 0.28165569375 0.6611798 0.25383710625 0.625535575 0.25323235781250003
0 0.2744694890625 0.296535090625 0.277084709375 0.324353678125 0.31831930937499997 0.3250532734375 0.31570408906249997 0.297234684375 0.2744694890625 0.296535090625
0 0.2820156265625 0.61428881875 0.28453293125 0.6410658875 0.3222791375 0.6417062984374999 0.31976183125 0.6149292265625 0.2820156265625 0.61428881875
0 0.45224914531250004 0.40648039843749995 0.4548154109375 0.433778228125 0.49045963437499995 0.434382975 0.4878933703125 0.4070851453125 0.45224914531250004 0.40648039843749995
0 0.42864685937499997 0.25931769843749997 0.43126207968749997 0.2871362859375 0.46621309687499995 0.287729271875 0.46359787812500003 0.259910684375 0.42864685937499997 0.25931769843749997
0 0.621903921875 0.185035015625 0.6244701859374999 0.21233284531250002 0.6587056359375 0.21291369218749998 0.6561393718749999 0.1856158609375 0.621903921875 0.185035015625
0 0.310518821875 0.6412887359375 0.3169114234375 0.63804281875 0.32090995 0.6330790984375 0.31996240625 0.6229998984375 0.3103861140625 0.6161286765625 0.296969215625 0.61590104375 0.28642016406250004 0.622430815625 0.2849736328125 0.630792209375 0.28768355625 0.635869746875 0.2924717015625 0.6393053578125001 0.297101925 0.641061103125 0.310518821875 0.6412887359375
0 0.3054267703125 0.3258911640625 0.311977296875 0.3243251140625 0.31597582343749997 0.3193613921875 0.3150282796875 0.30928219375 0.31247628125000004 0.3058845203125 0.30066383750000003 0.2989753609375 0.287246940625 0.2987477265625 0.2789340375 0.3053154359375 0.27988158125 0.3153946359375 0.2896158 0.323945725 0.29648217187500003 0.3257394078125 0.3054267703125 0.3258911640625
0 0.4600873671875 0.2849083 0.46424381875 0.28162444375 0.46553242499999997 0.271583184375 0.4604284296875 0.2647878390625 0.451010059375 0.259596484375 0.43775108749999997 0.26104871875 0.4334367109375 0.26265270625000003 0.42943818437500003 0.267616428125 0.43054365156249996 0.27937549375000004 0.440119946875 0.2862467171875 0.45145861875 0.2881162765625 0.4600873671875 0.2849083
0 0.490452553125 0.41792126406249996 0.4853485578125 0.4111259203125 0.47832426406249995 0.4076523703125 0.4626712171875 0.40738679843750003 0.45627861562499994 0.4106327140625 0.45243801093749997 0.41727630156249995 0.4554637796875 0.425713571875 0.465040075 0.4325847953125 0.480693121875 0.4328503671875 0.489006025 0.42628265781249997 0.490452553125 0.41792126406249996
0 0.6519981031250001 0.2126908734375 0.6623892312499999 0.204481234375 0.6615996109375 0.1960819015625 0.65186539375 0.187530815625 0.647235171875 0.1857750703125 0.6360544234375001 0.185585375 0.625505371875 0.1921151453125 0.62358506875 0.195436940625 0.6245326109375 0.2055161390625 0.6318727578125001 0.212349421875 0.640975278125 0.2141810453125 0.6519981031250001 0.2126908734375
2 0.24558156874999998 0.42550704531249994 0.24813356562500002 0.42890471718749995 0.2575519359375 0.4340960734375 0.266654459375 0.4359276953125 0.2776772828125 0.4344375234375 0.28183373437500003 0.43115366875000005 0.2835961125 0.42615200781249996 0.28264856875 0.416072809375 0.2730722734375 0.40920158593749995 0.2617336015625 0.407332025 0.25294692812499997 0.4088601359375 0.2465543265625 0.41210605312500004 0.244634025 0.415427846875 0.24558156874999998 0.42550704531249994
2 0.281334746875 0.4495942609375 0.28388674375 0.45299193125 0.293305115625 0.4581832875 0.3001714875 0.4599769703125 0.3111943109375 0.4584868 0.3155086859375 0.456882809375 0.3195072140625 0.451919090625 0.3207958203125 0.4418778296875 0.318243821875 0.4384801578125 0.3041952296875 0.43153305781249995 0.29077833124999997 0.43130542343749995 0.28646395625 0.43290941250000003 0.2803872046875 0.43951506250000005 0.281334746875 0.4495942609375
2 0.37117222031249997 0.384030975 0.37756482343750003 0.380785059375 0.379485125 0.3774632640625 0.378221734375 0.364024334375 0.3708815890625 0.35719105 0.35075624375 0.3568496 0.344363640625 0.3600955171875 0.3424433390625 0.363417309375 0.34354880625 0.375176375 0.350888953125 0.38200965937500003 0.3555191734375 0.383765403125 0.37117222031249997 0.384030975
2 0.3727448265625 0.258268621875 0.3796111984375 0.26006230625 0.388555796875 0.2602140625 0.3991048484375 0.2536842890625 0.4007093015625 0.24700276406250002 0.3976835328125 0.2385654921875 0.3905013125 0.233412075 0.3836349390625 0.231618390625 0.37469034218749997 0.2314666359375 0.366061590625 0.23467461250000002 0.3622209890625 0.24131819999999998 0.3630106078125 0.2497175328125 0.3727448265625 0.258268621875
2 0.229100415625 0.1552002953125 0.23820293750000002 0.15703191875 0.2469896125 0.15550380625 0.25546043906250004 0.1506159640625 0.2540391234375 0.135497165625 0.246856903125 0.13034374843750002 0.24222667968749997 0.1285880046875 0.22880978281250003 0.1283603703125 0.21810280624999998 0.1332102765625 0.2142622046875 0.1398538640625 0.21457805156249998 0.143213596875 0.2196820453125 0.1500089421875 0.229100415625 0.1552002953125
2 0.4988411015625 0.340912978125 0.49260642499999996 0.3458387609375 0.49131781874999997 0.3558800203125 0.49402773906249997 0.36095755937499996 0.5012099609375 0.366110975 0.5058401828125 0.3678667203125 0.51478478125 0.3680184765625 0.52133530625 0.36645242499999997 0.52549175625 0.3631685703125 0.5274120578125 0.359846775 0.526148665625 0.3464078453125 0.5235966703125 0.3430101734375 0.5121000734375001 0.3394607453125 0.5076277765625 0.3393848671875 0.4988411015625 0.340912978125
2 0.6069659 0.351133378125 0.616226346875 0.3546448671875 0.6251709453125 0.3547966234375 0.63172146875 0.353230575 0.635719996875 0.348266853125 0.63732445 0.341585325 0.6341407578125 0.3314681875 0.6271164609375 0.32799463906250004 0.6114634140625 0.327729065625 0.6071490390625 0.3293330546875 0.6012302078125 0.3376185703125 0.6018619046875 0.3443380359375 0.6069659 0.351133378125
2 0.649686309375 0.2830935109375 0.658315059375 0.279885534375 0.6624715109375 0.2766016765625 0.6642338890625 0.27160001718750004 0.6612081187500001 0.26316274375000004 0.6493956765625 0.256253584375 0.6337426296875 0.2559880125 0.6254297265625001 0.262555721875 0.6266931171875 0.275994653125 0.6316391890624999 0.28111013281249997 0.6362694140625 0.2828658765625 0.649686309375 0.2830935109375
2 0.660614909375 0.518085125 0.6644555140625 0.5114415375 0.6638238171874999 0.5047220703125 0.656483675 0.4978887875 0.6496173015625 0.49609510312499994 0.638436553125 0.495905409375 0.6278875015625001 0.5024351796875 0.6259672000000001 0.5057569734375 0.6265988953125 0.512476440625 0.6363331140625 0.5210275296875 0.6521440843749999 0.52297296875 0.660614909375 0.518085125
2 0.492354278125 0.58064068125 0.49298597343750006 0.587360146875 0.5003261171875 0.5941934296875 0.5049563406249999 0.5959491734375 0.5206093875 0.596214746875 0.5268440640625001 0.5912889640625 0.5287643656250001 0.5879671703125 0.5276588984374999 0.5762081046875001 0.522712828125 0.5710926265625 0.515846453125 0.5692989421875 0.5069018562500001 0.5691471875 0.50035133125 0.5707132374999999 0.49411665625 0.5756390203125 0.492354278125 0.58064068125