0 0.6277890625 0.2366145828125 0.6026796875 0.2366145828125 0.6026796875 0.26934375 0.6277890625 0.26934375 0.6277890625 0.2366145828125
0 0.7137265625 0.38244791718750004 0.6886171875 0.38244791718750004 0.6886171875 0.41667708281250004 0.7137265625 0.41667708281250004 0.7137265625 0.38244791718750004
0 0.6953203125 0.49628125 0.6690859375 0.49628125 0.6690859375 0.5305104171874999 0.6953203125 0.5305104171874999 0.6953203125 0.49628125
0 0.8370546875 0.6131041671874999 0.8119453125 0.6131041671874999 0.8119453125 0.6436041671875 0.8370546875 0.6436041671875 0.8370546875 0.6131041671874999
0 0.45200781250000005 0.59078125 0.42746093749999997 0.59078125 0.42746093749999997 0.6235104171875 0.45200781250000005 0.6235104171875 0.45200781250000005 0.59078125
2 0.8889453125 0.24107291718749999 0.8599296875 0.24107291718749999 0.8599296875 0.2745520828125 0.8889453125 0.2745520828125 0.8889453125 0.24107291718749999
2 0.84375 0.3526770828125 0.81640625 0.3526770828125 0.81640625 0.38765625 0.84375 0.38765625 0.84375 0.3526770828125
2 0.7823671875 0.38690625 0.7561328125 0.38690625 0.7561328125 0.41963541718749997 0.7823671875 0.41963541718749997 0.7823671875 0.38690625
2 0.720421875 0.5357083328125001 0.692515625 0.5357083328125001 0.692515625 0.5714166671875 0.720421875 0.5714166671875 0.720421875 0.5357083328125001
2 0.743859375 0.5453854171875 0.716515625 0.5453854171875 0.716515625 0.5803645828125 0.743859375 0.5803645828125 0.743859375 0.5453854171875
2 0.7550234375 0.57515625 0.7299140625 0.57515625 0.7299140625 0.6093854171875 0.7550234375 0.6093854171875 0.7550234375 0.57515625
2 0.7717578125 0.6071354171875 0.7460859375 0.6071354171875 0.7460859375 0.6413645828125001 0.7717578125 0.6413645828125001 0.7717578125 0.6071354171875
2 0.463171875 0.4047604171875 0.439171875 0.4047604171875 0.439171875 0.4374895828125 0.463171875 0.4374895828125 0.463171875 0.4047604171875
2 0.5608203125 0.3735104171875 0.5362734375 0.3735104171875 0.5362734375 0.40848958281250003 0.5608203125 0.40848958281250003 0.5608203125 0.3735104171875
2 0.6004453125 0.2358541671875 0.5758984375 0.2358541671875 0.5758984375 0.26710416718749996 0.6004453125 0.26710416718749996 0.6004453125 0.2358541671875
1 0.5203125 0.2875 0.53125 0.2875 0.5359375 0.2854166671875 0.5484375 0.26875 0.5515625 0.2625 0.553125 0.25625 0.553125 0.24583333281250003 0.5484375 0.23958333281250002 0.540625 0.23958333281250002 0.5359375 0.2416666671875 0.5265625 0.2479166671875 0.5171875 0.2604166671875 0.515625 0.2645833328125 0.5140625 0.2708333328125 0.5140625 0.2791666671875 0.5171875 0.2854166671875 0.5203125 0.2875
1 0.4203125 0.33541666718749996 0.43125 0.3416666671875 0.440625 0.3416666671875 0.446875 0.33541666718749996 0.446875 0.325 0.4453125 0.31875 0.4375 0.30625 0.4296875 0.3 0.4203125 0.2958333328125 0.4109375 0.2979166671875 0.40625 0.30416666718749996 0.40625 0.3145833328125 0.4140625 0.3291666671875 0.4203125 0.33541666718749996
1 0.465625 0.3770833328125 0.475 0.38333333281250004 0.4796875 0.3854166671875 0.4953125 0.3854166671875 0.5046875 0.3791666671875 0.5046875 0.3625 0.5015625 0.35625 0.49375 0.3479166671875 0.4796875 0.3479166671875 0.4671875 0.35208333281250004 0.4625 0.35625 0.4609375 0.3604166671875 0.4609375 0.36875 0.4625 0.3729166671875 0.465625 0.3770833328125
1 0.4109375 0.45625 0.4203125 0.45625 0.425 0.45 0.4296875 0.43333333281249997 0.428125 0.4145833328125 0.425 0.40416666718750005 0.41875 0.3958333328125 0.4125 0.3958333328125 0.409375 0.39791666718749996 0.403125 0.40833333281249995 0.4015625 0.4125 0.4015625 0.43541666718750005 0.403125 0.44375 0.4109375 0.45625
1 0.4890625 0.6354166671875 0.4921875 0.6333333328124999 0.4984375 0.625 0.50625 0.60625 0.50625 0.5875 0.5046875 0.5833333328125 0.5 0.58125 0.4921875 0.5833333328125 0.48125 0.5958333328125 0.478125 0.6041666671875 0.4765625 0.6125 0.4765625 0.6291666671875 0.48125 0.6354166671875 0.4890625 0.6354166671875
1 0.6859375 0.49791666718750005 0.6984375 0.49791666718750005 0.7046875 0.49583333281249997 0.7140625 0.4895833328125 0.7234375 0.4770833328125 0.7234375 0.46458333281249997 0.7140625 0.4583333328125 0.7046875 0.4583333328125 0.6890625 0.46666666718750005 0.68125 0.4770833328125 0.6796875 0.48333333281249996 0.6796875 0.4916666671875 0.6828125 0.49583333281249997 0.6859375 0.49791666718750005
1 0.728125 0.4291666671875 0.7390625 0.43333333281249997 0.746875 0.43333333281249997 0.753125 0.43125 0.75625 0.4270833328125 0.75625 0.4166666671875 0.75 0.4 0.7328125 0.3916666671875 0.7234375 0.3916666671875 0.7171875 0.3958333328125 0.715625 0.4 0.715625 0.4145833328125 0.71875 0.42291666718750004 0.728125 0.4291666671875
1 0.7453125 0.38125 0.753125 0.38333333281250004 0.7609375 0.38333333281250004 0.7671875 0.38125 0.7703125 0.3791666671875 0.7765625 0.36875 0.7765625 0.3625 0.775 0.3583333328125 0.7703125 0.35208333281250004 0.7609375 0.3458333328125 0.7390625 0.3458333328125 0.7359375 0.3479166671875 0.7296875 0.35625 0.7296875 0.3645833328125 0.7375 0.3770833328125 0.7453125 0.38125
1 0.6984375 0.38125 0.7109375 0.375 0.721875 0.3645833328125 0.7265625 0.35625 0.7265625 0.3479166671875 0.7234375 0.3416666671875 0.71875 0.3395833328125 0.7109375 0.3395833328125 0.7046875 0.3416666671875 0.69375 0.3479166671875 0.6859375 0.3583333328125 0.684375 0.3625 0.6828125 0.36875 0.684375 0.375 0.690625 0.38125 0.6984375 0.38125
1 0.6453125 0.3020833328125 0.6578125 0.29375 0.665625 0.2833333328125 0.6703125 0.26875 0.6703125 0.2604166671875 0.66875 0.25625 0.6640625 0.2520833328125 0.653125 0.2541666671875 0.65 0.25625 0.634375 0.2791666671875 0.63125 0.2875 0.6328125 0.2958333328125 0.6390625 0.3020833328125 0.6453125 0.3020833328125
2 0.584375 0.2708333328125 0.59375 0.2708333328125 0.5984375 0.2666666671875 0.6 0.2479166671875 0.5984375 0.2416666671875 0.5953125 0.2375 0.5921875 0.23541666718749998 0.584375 0.23541666718749998 0.578125 0.2416666671875 0.5765625 0.24583333281250003 0.5765625 0.2604166671875 0.58125 0.26875 0.584375 0.2708333328125
2 0.54375 0.40833333281249995 0.5546875 0.40833333281249995 0.5578125 0.40416666718750005 0.5609375 0.3958333328125 0.5609375 0.3875 0.559375 0.38125 0.5546875 0.375 0.54375 0.375 0.5359375 0.38333333281250004 0.534375 0.3916666671875 0.5359375 0.39791666718749996 0.540625 0.40625 0.54375 0.40833333281249995
2 0.4453125 0.4375 0.45 0.43958333281249995 0.4578125 0.4375 0.4625 0.43125 0.4625 0.4145833328125 0.4609375 0.41041666718750003 0.45625 0.40625 0.446875 0.40416666718750005 0.4390625 0.4125 0.4375 0.4166666671875 0.4375 0.425 0.440625 0.43333333281249997 0.4453125 0.4375
2 0.7046875 0.5708333328124999 0.7125 0.5708333328124999 0.715625 0.56875 0.7171875 0.5666666671875 0.71875 0.5541666671875001 0.71875 0.5479166671875 0.7171875 0.54375 0.709375 0.5354166671875 0.7 0.5354166671875 0.6953125 0.5395833328124999 0.6921875 0.5479166671875 0.6921875 0.55625 0.6953125 0.5645833328125 0.7046875 0.5708333328124999
2 0.7328125 0.58125 0.7421875 0.5729166671875 0.74375 0.5604166671875 0.740625 0.5520833328125 0.7359375 0.5458333328125 0.725 0.5458333328125 0.71875 0.5520833328125 0.7171875 0.5666666671875 0.7203125 0.575 0.728125 0.58125 0.7328125 0.58125
2 0.7359375 0.6083333328125 0.740625 0.6104166671875 0.746875 0.6104166671875 0.7546875 0.6020833328124999 0.7546875 0.5854166671875001 0.7484375 0.575 0.740625 0.5729166671875 0.7359375 0.575 0.73125 0.58125 0.728125 0.5895833328125 0.728125 0.59375 0.73125 0.6020833328124999 0.7359375 0.6083333328125
2 0.7578125 0.64375 0.7671875 0.6416666671875 0.7703125 0.6333333328124999 0.7703125 0.6166666671875001 0.7671875 0.6104166671875 0.7609375 0.60625 0.7546875 0.60625 0.7515625 0.6083333328125 0.7453125 0.6166666671875001 0.7453125 0.63125 0.753125 0.6416666671875 0.7578125 0.64375
2 0.825 0.3875 0.834375 0.3875 0.840625 0.38333333281250004 0.8421875 0.3791666671875 0.8421875 0.3604166671875 0.8375 0.35208333281250004 0.825 0.35208333281250004 0.8171875 0.3604166671875 0.815625 0.3645833328125 0.815625 0.3770833328125 0.821875 0.3854166671875 0.825 0.3875
2 0.7703125 0.42291666718750004 0.7765625 0.41875 0.7796875 0.4125 0.7796875 0.3958333328125 0.7765625 0.3875 0.7734375 0.3854166671875 0.765625 0.3854166671875 0.7578125 0.3895833328125 0.7546875 0.3958333328125 0.7546875 0.40833333281249995 0.759375 0.42291666718750004 0.7703125 0.42291666718750004
2 0.878125 0.275 0.8859375 0.2666666671875 0.8875 0.2625 0.8875 0.25 0.8859375 0.24583333281250003 0.8796875 0.2375 0.8765625 0.23541666718749998 0.8703125 0.2375 0.8625 0.2479166671875 0.8609375 0.25833333281250004 0.8640625 0.26875 0.86875 0.275 0.878125 0.275
0 0.6953125 0.4166666671875 0.70625 0.4166666671875 0.7125 0.41041666718750003 0.7125 0.3916666671875 0.70625 0.38333333281250004 0.6953125 0.38333333281250004 0.6890625 0.3895833328125 0.6875 0.39375 0.6875 0.40625 0.6921875 0.4145833328125 0.6953125 0.4166666671875
0 0.6078125 0.2708333328125 0.615625 0.2708333328125 0.61875 0.26875 0.625 0.25833333281250004 0.625 0.2479166671875 0.6234375 0.2416666671875 0.6171875 0.23541666718749998 0.609375 0.23541666718749998 0.603125 0.2416666671875 0.6015625 0.24583333281250003 0.6015625 0.2604166671875 0.603125 0.2645833328125 0.6078125 0.2708333328125
0 0.6765625 0.5291666671875 0.6875 0.5291666671875 0.6921875 0.5229166671875001 0.69375 0.5125 0.6921875 0.5041666671875 0.6875 0.49791666718750005 0.6796875 0.49583333281249997 0.6703125 0.5020833328125 0.66875 0.50625 0.66875 0.5208333328125 0.6734375 0.5270833328125 0.6765625 0.5291666671875
0 0.8203125 0.65 0.8265625 0.65 0.8296875 0.6479166671875001 0.8359375 0.6375 0.8359375 0.6229166671875 0.8328125 0.6166666671875001 0.828125 0.6125 0.8171875 0.6125 0.8140625 0.6145833328125 0.8109375 0.6229166671875 0.8109375 0.6354166671875 0.8140625 0.64375 0.8203125 0.65
0 0.4375 0.625 0.4453125 0.6229166671875 0.45 0.6166666671875001 0.4515625 0.6104166671875 0.45 0.5979166671875 0.44375 0.5916666671875 0.4375 0.5916666671875 0.434375 0.59375 0.428125 0.6020833328124999 0.428125 0.6145833328125 0.4328125 0.6229166671875 0.4375 0.625
1 0.553984375 0.23589583281249998 0.512953125 0.23589583281249998 0.512953125 0.2890625 0.553984375 0.2890625 0.553984375 0.23589583281249998
1 0.50596875 0.34634375 0.46184375 0.34634375 0.46184375 0.3866145828125 0.50596875 0.3866145828125 0.50596875 0.34634375
1 0.44674218750000005 0.2952604171875 0.4072578125 0.2952604171875 0.4072578125 0.34532291718749997 0.44674218750000005 0.34532291718749997 0.44674218750000005 0.2952604171875
1 0.42893749999999997 0.3928125 0.40184375 0.3928125 0.40184375 0.45939583281249996 0.42893749999999997 0.45939583281249996 0.42893749999999997 0.3928125
1 0.5071328125 0.5801770828125 0.4746171875 0.5801770828125 0.4746171875 0.6364479171874999 0.5071328125 0.6364479171874999 0.5071328125 0.5801770828125
1 0.7246953125 0.45578124999999997 0.6801796875 0.45578124999999997 0.6801796875 0.4991354171875 0.7246953125 0.4991354171875 0.7246953125 0.45578124999999997
1 0.7568359375 0.3891875 0.7154140625000001 0.3891875 0.7154140625000001 0.43460416718749995 0.7568359375 0.43460416718749995 0.7568359375 0.3891875
1 0.7769609375 0.3442916671875 0.7293515625 0.3442916671875 0.7293515625 0.383 0.7769609375 0.383 0.7769609375 0.3442916671875
1 0.72740625 0.33809374999999997 0.6832812500000001 0.33809374999999997 0.6832812500000001 0.37990625 0.72740625 0.37990625 0.72740625 0.33809374999999997