1 0.363531753125 0.336572734375 0.36107770625 0.33208553749999997 0.3548281125 0.325523475 0.34112930625 0.3264233796875 0.328913890625 0.3365226515625 0.32488938125 0.34375964375 0.32308995937499996 0.3647956859375 0.3262857015625 0.373882565625 0.33767235 0.380107165625 0.34928795625000003 0.37701990625000004 0.3630738359375 0.355196446875 0.364644296875 0.3434722609375 0.363531753125 0.336572734375
1 0.5282882703125 0.3280737234375 0.5256923359375001 0.31197483125000003 0.522867440625 0.305187790625 0.5137929515625 0.291838690625 0.49958141093749997 0.2788270546875 0.48759495468749997 0.2796144703125 0.48565364375 0.289038815625 0.490332778125 0.3073250640625 0.5001489609374999 0.3252738484375 0.5105649546875 0.33621062031250004 0.5160728546875 0.33817299843750004 0.524634609375 0.3376105578125 0.527317615625 0.33278589687500004 0.5282882703125 0.3280737234375
1 0.489700715625 0.3677958890625 0.48345112187500006 0.361233825 0.466185725 0.35074700625 0.45896547343750005 0.3488971171875 0.44697902031250003 0.349684534375 0.4412421609375 0.3570340125 0.44383809375 0.37313290781249997 0.4525417359375 0.384182165625 0.46772393125 0.3924816296875 0.4855891375 0.395956434375 0.49132599531250004 0.38860695624999997 0.49229665 0.3838947828125 0.489700715625 0.3677958890625
1 0.531703278125 0.467301621875 0.5342443984374999 0.4508652640625 0.53276100625 0.4416658953125 0.5265114109375 0.4351038328125 0.5227158625 0.433028965625 0.5141541078125 0.43359140625 0.5063340484375 0.43875353125 0.502309540625 0.4459905203125 0.4973143765625 0.45793968281249997 0.4953730671875 0.467364028125 0.49796900156249996 0.48346292343749997 0.5021353984375 0.48783763281250003 0.509726496875 0.4919873640625 0.522312759375 0.48418793281249994 0.531703278125 0.467301621875
1 0.577053165625 0.4480530625 0.5862147265625001 0.44047860781250003 0.59426374375 0.42600462656250004 0.59486355 0.41899261250000003 0.5920386578125 0.41220557500000005 0.582364359375 0.4058684875 0.57037790625 0.406655903125 0.5621869984375001 0.40951818749999996 0.5530254375 0.41709264062500007 0.5490009312499999 0.42432963125 0.5470596203125 0.433753975 0.547801315625 0.438353659375 0.552709409375 0.447328053125 0.55650495625 0.4494029171875 0.5722869609375001 0.45069036875 0.577053165625 0.4480530625
1 0.6104391578125 0.515585984375 0.6126094296875 0.49684978125 0.609642646875 0.47845104374999997 0.6068177515625 0.47166400468749997 0.6019096578124999 0.4626896125 0.5939477140625 0.4562400390625 0.587098309375 0.45668999218749995 0.5796491015624999 0.4641519578125 0.578820334375 0.480475828125 0.581787115625 0.49887456406249997 0.58989095 0.5169358390625 0.594057346875 0.521310546875 0.597852896875 0.5233854140624999 0.6047023 0.5229354625 0.6104391578125 0.515585984375
1 0.5426448796875001 0.717596871875 0.550235978125 0.7217466031249999 0.5570853812500001 0.72129665 0.5614807374999999 0.716359503125 0.5624513921875 0.71164733125 0.5609680015625 0.7024479609375 0.55814310625 0.6956609234375 0.5532350140625 0.68668653125 0.542819021875 0.6757497609375 0.5310615265624999 0.66722531875 0.5272659765625 0.665150453125 0.5204165749999999 0.66560040625 0.51773356875 0.6704250671875001 0.5167629125000001 0.6751372375 0.51787545625 0.682036765625 0.5210712 0.6911236453125 0.5259792921875001 0.7000980375 0.5426448796875001 0.717596871875
1 0.4167048765625 0.6770618609375 0.41045527968749995 0.6704997968749999 0.40494737968749994 0.66853741875 0.3967564734375 0.671399703125 0.3887074578125 0.6858736828125 0.385195684375 0.7070222140625 0.387420771875 0.7208212656249999 0.389874815625 0.7253084640624999 0.397465915625 0.7294581953125 0.41005217812500006 0.721658765625 0.41273518437499995 0.7168341046875 0.41930081093749993 0.6931607546875 0.4167048765625 0.6770618609375
1 0.3176271859375 0.5348214359375 0.3150312515625 0.5187225421874999 0.310864853125 0.5143478328125 0.30156140468750003 0.5103105875 0.28786259687500004 0.5112104921875 0.281754890625 0.5162601296875 0.2723643703125 0.533146440625 0.27139371562500003 0.5378586140625 0.2732479546875 0.5493578234375 0.27949755 0.5559198859375 0.28500545 0.5578822640625 0.2918548515625 0.5574323109375 0.3078658171875 0.5494079046875 0.3176271859375 0.5348214359375
1 0.4447990578125 0.50787360625 0.455901928125 0.490874809375 0.45770134999999995 0.46983876406249997 0.453393065625 0.453852359375 0.4488558203125 0.44717780781250005 0.44506027187499997 0.445102940625 0.43821086875 0.44555289374999996 0.43515701562500003 0.44807771250000006 0.4284495 0.4601393640625 0.42553753437499997 0.47427588125 0.4256794234375 0.4858875796875 0.4296168609375 0.49957414375000003 0.43415410625 0.5062486953125 0.4379496546875 0.508323559375 0.4447990578125 0.50787360625
1 0.521322025 0.2747841375 0.4827941328125 0.2773151171875 0.49322608125 0.3420096765625 0.5317539734375 0.3394786953125 0.521322025 0.2747841375
1 0.4856501546875 0.34541260937499996 0.4380296796875 0.348540903125 0.445910196875 0.39741255 0.4935306703125 0.39428425625 0.4856501546875 0.34541260937499996
1 0.45470312812499997 0.4418547515625 0.416706065625 0.4443508609375 0.42736794062500005 0.510471321875 0.46536500312499995 0.5079752140625 0.45470312812499997 0.4418547515625
1 0.3617566671875 0.3215936390625 0.31627663125 0.324581321875 0.3256627875 0.382790325 0.3711428234375 0.37980264375 0.3617566671875 0.3215936390625
1 0.5327318875 0.4294657359375 0.48725185312499997 0.43245341875000004 0.4971015703125 0.493537225 0.5425816046875 0.4905495421875 0.5327318875 0.4294657359375
1 0.5920580859375 0.40159430625 0.5406875656250001 0.40496894687499996 0.548219484375 0.4516787421875 0.5995900062499999 0.4483041 0.5920580859375 0.40159430625
1 0.6054560625 0.45447300156250003 0.5733494890624999 0.45658215156250004 0.5843599609375 0.524864465625 0.6164665359375 0.522755315625 0.6054560625 0.45447300156250003
1 0.5554965140625 0.6611111765625 0.5126877453125 0.663923378125 0.522656134375 0.725743134375 0.5654649015625 0.722930934375 0.5554965140625 0.6611111765625
1 0.4179299328125 0.6665224656250001 0.3767307765625 0.6692289265625 0.3865804921875 0.730312734375 0.4277796515625 0.727606271875 0.4179299328125 0.6665224656250001
1 0.31479984375000003 0.509882525 0.2650389296875 0.513151428125 0.27245588593750003 0.5591482703125 0.3222167984375 0.5558793671875 0.31479984375000003 0.509882525
0 0.311619021875 0.3292335515625 0.28485497656250003 0.3309917375 0.29088125468750003 0.3683641734375 0.317645296875 0.3666059859375 0.311619021875 0.3292335515625
0 0.420817559375 0.4564339125 0.39405351718750004 0.4581921015625 0.40019475625 0.4962774875 0.42695879999999997 0.4945193 0.420817559375 0.4564339125
0 0.572295671875 0.2925044765625 0.544469971875 0.2943324078125 0.5503812859375 0.3309918890625 0.5782069859375001 0.329163959375 0.572295671875 0.2925044765625
0 0.233158590625 0.49997569531249997 0.20372328125 0.501909365625 0.2096345953125 0.53856885 0.2390699046875 0.5366351796875 0.233158590625 0.49997569531249997
0 0.1902130015625 0.7098137312499999 0.1607776921875 0.7117474015624999 0.1669189328125 0.7498327859375 0.196354240625 0.7478991171875 0.1902130015625 0.7098137312499999
2 0.35597073125 0.2856580421875 0.3292066890625 0.28741623125000004 0.33476940625 0.3219138625 0.3615334484375 0.320155675 0.35597073125 0.2856580421875
2 0.07357596093749999 0.2983986578125 0.0420002140625 0.30047293750000004 0.0484900515625 0.3407201765625 0.0800657984375 0.3386458953125 0.07357596093749999 0.2983986578125
2 0.19842962656250002 0.43543625468749997 0.16952514531250001 0.43733505156249997 0.17543645937500002 0.4739945375 0.204340940625 0.4720957375 0.19842962656250002 0.43543625468749997
2 0.3191583140625 0.4463894828125 0.28972300624999997 0.4483231515625 0.2955193578125 0.48426968437499995 0.3249546671875 0.48233601562499995 0.3191583140625 0.4463894828125
2 0.3560656015625 0.43380819062500003 0.32556863593749996 0.4358116015625 0.3315949125 0.4731840375 0.362091878125 0.47118062656250004 0.3560656015625 0.43380819062500003
2 0.4345028328125 0.3669130015625 0.40828674375 0.36863519375 0.41477657968750004 0.4088824296875 0.44099266875 0.4071602375 0.4345028328125 0.3669130015625
2 0.558948628125 0.514889528125 0.530044146875 0.5167883265625 0.5358404984375 0.5527348609375 0.564744978125 0.5508360609375 0.558948628125 0.514889528125
2 0.5015629796875001 0.6653863125 0.47479893906250004 0.6671445 0.480825215625 0.704516934375 0.5075892578125 0.7027587468750001 0.5015629796875001 0.6653863125
2 0.3299597546875 0.6643177765625 0.3010552734375 0.666216575 0.30708155000000004 0.703589009375 0.3359860328125 0.7016902125 0.3299597546875 0.6643177765625
2 0.2597277015625 0.7016097796875 0.23082322031250002 0.703508578125 0.23684949687499998 0.7408810124999999 0.2657539765625 0.7389822140625 0.2597277015625 0.7016097796875
0 0.575721353125 0.31101251875 0.5725256109375 0.3019256390625 0.56798836875 0.2952510890625 0.5641928187499999 0.293176221875 0.5556310640625 0.29373866249999997 0.5525772109375 0.2962634796875 0.547582046875 0.3082126421875 0.5494362859375 0.3197118546875 0.5543443781249999 0.328686246875 0.558139928125 0.33076111406250003 0.5667016828125 0.3301986734375 0.5728093890625 0.3251490359375 0.575721353125 0.31101251875
0 0.42553753437499997 0.47427588125 0.42025859531250004 0.463001646875 0.41229664843749997 0.456552071875 0.40544724531250004 0.45700202343749996 0.4023933921875 0.459526840625 0.39739822812500003 0.4714760046875 0.39962331406249996 0.48527505625 0.4020773609375 0.489762253125 0.41175165781249995 0.496099340625 0.4186010609375 0.4956493875 0.42336726406249997 0.49301208281250003 0.4256794234375 0.4858875796875 0.42553753437499997 0.47427588125
0 0.31781101875 0.3535214515625 0.3138735828125 0.3398348859375 0.3093363375 0.33316033749999996 0.3055407875 0.3310854703125 0.2952666828125 0.3317603984375 0.289529825 0.33910987656249997 0.28855916875 0.34382204843749997 0.2907842546875 0.35762110156250004 0.2974047 0.36648300625 0.304995796875 0.3706327390625 0.3118452015625 0.3701827875 0.31624055625 0.36524563906249996 0.31781101875 0.3535214515625
0 0.2347797265625 0.514697621875 0.2323256796875 0.5102104265625 0.224363734375 0.50376085 0.2171434828125 0.5019109609375 0.210664928125 0.5046607546875 0.20701126718750001 0.5141975875 0.20960720312499997 0.530296484375 0.212061246875 0.5347836796875 0.21793999375 0.5390459 0.22821410000000003 0.5383709703124999 0.2343218078125 0.533321334375 0.23626311875 0.5238969906250001 0.2347797265625 0.514697621875
0 0.191700053125 0.7197333609375 0.1871628078125 0.7130588109375 0.183367259375 0.710983946875 0.173093153125 0.711658875 0.16601479218749998 0.7214206828124999 0.168981575 0.7398194203124999 0.17768521718750002 0.750868678125 0.18148076562499998 0.7529435453125 0.1879593203125 0.75019375 0.19466683437500001 0.7381320984374999 0.194524946875 0.7265204 0.191700053125 0.7197333609375
2 0.356114796875 0.290575890625 0.3481528515625 0.284126315625 0.337878746875 0.2848012453125 0.3338542375 0.292038234375 0.3332544296875 0.29905024999999996 0.33622121250000003 0.3174489875 0.34075845781249997 0.3241235390625 0.35616961406250003 0.3231111453125 0.3605649703125 0.31817399687500003 0.361535625 0.31346182499999997 0.35856884375 0.2950630875 0.356114796875 0.290575890625
2 0.43810123437500004 0.3804823859375 0.43564718906250005 0.375995190625 0.42560204375 0.3673582609375 0.418752640625 0.3678082125 0.41264493281250003 0.37285785 0.40973296875000004 0.386994365625 0.4104746640625 0.3915940515625 0.4157536046875 0.4028682859375 0.41992000156250003 0.40724299531249997 0.43056495312500004 0.40886790624999997 0.43801416406250004 0.401405940625 0.4403263203125 0.3942814390625 0.43810123437500004 0.3804823859375
2 0.359213775 0.46003920000000004 0.356617840625 0.4439403046875 0.3541637953125 0.4394531078125 0.3462018484375 0.4330035328125 0.33592774375 0.4336784625 0.33056173437499997 0.443327784375 0.3295910765625 0.44803995625 0.33107446875 0.4572393234375 0.3338993625 0.4640263625 0.3401489578125 0.47058842500000003 0.3456568578125 0.47255080312500003 0.3507939109375 0.4722133390625 0.3569016171875 0.46716370312500005 0.359213775 0.46003920000000004
2 0.324366953125 0.469300975 0.3204295171875 0.4556144125 0.315892271875 0.4489398609375 0.30830117343749996 0.444790128125 0.29973941875 0.44535256875 0.296685565625 0.4478773859375 0.29303190625000003 0.45741422031249995 0.29599868906250004 0.4758129578125 0.3022482828125 0.48237501875 0.309468534375 0.48422490781249994 0.317659440625 0.48136262656250006 0.3233963 0.47401314843750003 0.324366953125 0.469300975
2 0.2013937328125 0.4471647015625 0.1989396875 0.4426775046875 0.18681134375 0.43185322187499997 0.1786204375 0.4347155046875 0.17422508125 0.439652653125 0.1730254671875 0.453676684375 0.17696290312500002 0.467363246875 0.1811293 0.47173795625 0.18663720156250002 0.47370033281249996 0.195198953125 0.47313789375 0.19996515937499998 0.4705005875 0.20361881875 0.46096375468749995 0.2013937328125 0.4471647015625
2 0.076401821875 0.3159234546875 0.071493728125 0.3069490625 0.061448584375000004 0.2983121328125 0.054599181249999997 0.29876208593750003 0.048862321874999996 0.3061115640625 0.0469210109375 0.315535909375 0.0491460984375 0.3293349609375 0.057849740625 0.3403842203125 0.06849469375 0.34200913593750004 0.07326089687500001 0.339371828125 0.075943903125 0.3345471671875 0.077514365625 0.3228229796875 0.076401821875 0.3159234546875
2 0.2636187828125 0.7150088640625001 0.2607938875 0.7082218265625 0.25454429375 0.7016597640625 0.2425578375 0.7024471812499999 0.23950398437499998 0.7049719984375 0.23547947656249998 0.7122089890625001 0.238446259375 0.730607725 0.24090030312500002 0.735094921875 0.24886225 0.7415444953125 0.2574240046875 0.74098205625 0.26353171249999996 0.7359324218750001 0.265102175 0.724208234375 0.2636187828125 0.7150088640625001
2 0.32752075 0.6712995390625001 0.3216420015625 0.66703731875 0.311367896875 0.6677122468750001 0.305260190625 0.6727618843750001 0.30443142343749996 0.6890857546875 0.3076271671875 0.6981726359375 0.3155891125 0.704622209375 0.324150865625 0.70405976875 0.3319709234375 0.6988976453125 0.333912234375 0.6894733 0.33242884375 0.6802739296875 0.32752075 0.6712995390625001
2 0.5055181531249999 0.6805243390625 0.502693259375 0.6737373 0.5002392125 0.6692501046875 0.49436046562499997 0.6649878859375 0.4840863609375 0.6656628125 0.48103250781250007 0.6681876296875 0.47737884687500004 0.6777244625 0.47997478125 0.693823359375 0.48242882812500004 0.6983105546874999 0.49210312500000003 0.704647640625 0.5016355328125 0.699373028125 0.5070015453125001 0.6897237078125 0.5055181531249999 0.6805243390625
2 0.5612937234375 0.5327596765625 0.55809798125 0.5236727953125 0.5535607359375 0.5169982453124999 0.5497651875 0.5149233796875 0.5377787328125 0.5157107953125 0.5324127203125 0.5253601171875 0.5318129140625001 0.53237213125 0.533667153125 0.543871340625 0.5437122984375 0.5525082703125 0.5539864031249999 0.5518333421875 0.5570402546875 0.549308521875 0.5610647640625 0.5420715328125 0.5612937234375 0.5327596765625