2 0.6357421875 0.306 0.6074140625 0.306 0.6074140625 0.34245833281250004 0.6357421875 0.34245833281250004 0.6357421875 0.306
1 0.7080078125 0.3046875 0.6601484375 0.3046875 0.6601484375 0.3463541671875 0.7080078125 0.3463541671875 0.7080078125 0.3046875
1 0.6671875 0.3458333328125 0.6828125 0.3458333328125 0.696875 0.3375 0.7046875 0.3270833328125 0.7046875 0.3166666671875 0.703125 0.3125 0.7 0.3104166671875 0.6921875 0.3083333328125 0.6828125 0.3104166671875 0.6703125 0.3166666671875 0.6625 0.3270833328125 0.6609375 0.33125 0.6609375 0.3375 0.6640625 0.34375 0.6671875 0.3458333328125
1 0.52196875 0.3226354171875 0.4793125 0.3226354171875 0.4793125 0.3648645828125 0.52196875 0.3648645828125 0.52196875 0.3226354171875
1 0.5895312500000001 0.3795 0.5435 0.3795 0.5435 0.41216666718750006 0.5895312500000001 0.41216666718750006 0.5895312500000001 0.3795
1 0.42948437500000003 0.39582291718749996 0.403296875 0.39582291718749996 0.403296875 0.4566354171875 0.42948437500000003 0.4566354171875 0.42948437500000003 0.39582291718749996
1 0.5608046875 0.41216666718750006 0.5223828125 0.41216666718750006 0.5223828125 0.4639583328125 0.5608046875 0.4639583328125 0.5608046875 0.41216666718750006
1 0.5546875 0.4125 0.5734375 0.4125 0.58125 0.41041666718750003 0.584375 0.40833333281249995 0.5890625 0.4 0.5875 0.3895833328125 0.5796875 0.38125 0.575 0.3791666671875 0.559375 0.3791666671875 0.5515625 0.38333333281250004 0.5453125 0.3916666671875 0.5453125 0.40208333281249997 0.5515625 0.41041666718750003 0.5546875 0.4125
1 0.5078125 0.3645833328125 0.5171875 0.3625 0.5203125 0.3583333328125 0.5203125 0.3416666671875 0.51875 0.3375 0.5109375 0.3291666671875 0.496875 0.32083333281250004 0.490625 0.32083333281250004 0.48125 0.325 0.478125 0.3333333328125 0.4796875 0.3416666671875 0.490625 0.35625 0.5078125 0.3645833328125
1 0.4109375 0.45416666718750004 0.4203125 0.45625 0.4265625 0.45 0.428125 0.44375 0.428125 0.4145833328125 0.425 0.40416666718750005 0.4171875 0.3958333328125 0.409375 0.3958333328125 0.403125 0.40208333281249997 0.4015625 0.41041666718750003 0.4015625 0.43125 0.4046875 0.44375 0.4109375 0.45416666718750004
1 0.528125 0.4625 0.5375 0.4625 0.54375 0.4583333328125 0.5546875 0.44375 0.5578125 0.43333333281249997 0.5578125 0.41875 0.5515625 0.4125 0.5453125 0.4125 0.5359375 0.41875 0.525 0.43541666718750005 0.521875 0.4458333328125 0.521875 0.45416666718750004 0.5234375 0.4583333328125 0.528125 0.4625
1 0.6546875 0.4145833328125 0.6640625 0.4166666671875 0.68125 0.41041666718750003 0.6875 0.40208333281249997 0.6890625 0.39791666718749996 0.6875 0.3875 0.6828125 0.38125 0.675 0.3791666671875 0.6625 0.3791666671875 0.6515625 0.3854166671875 0.6453125 0.39375 0.6453125 0.40208333281249997 0.646875 0.40625 0.6546875 0.4145833328125
1 0.6515625 0.4770833328125 0.659375 0.4770833328125 0.6671875 0.46666666718750005 0.66875 0.4625 0.66875 0.43333333281249997 0.665625 0.425 0.659375 0.41875 0.6546875 0.41875 0.65 0.42291666718750004 0.64375 0.43958333281249995 0.6421875 0.45 0.64375 0.46666666718750005 0.6484375 0.475 0.6515625 0.4770833328125
1 0.66875 0.5166666671875 0.6796875 0.5125 0.690625 0.5041666671875 0.6984375 0.4895833328125 0.6984375 0.48125 0.696875 0.4770833328125 0.690625 0.47083333281249995 0.68125 0.47083333281249995 0.66875 0.4791666671875 0.6578125 0.49375 0.65625 0.5020833328125 0.6578125 0.5104166671875 0.6609375 0.5145833328125 0.66875 0.5166666671875
1 0.7984375 0.3791666671875 0.8078125 0.38125 0.81875 0.3791666671875 0.828125 0.375 0.8375 0.3645833328125 0.8390625 0.3583333328125 0.8375 0.35 0.83125 0.34375 0.8109375 0.34375 0.8 0.3479166671875 0.790625 0.35625 0.7890625 0.3625 0.7890625 0.36875 0.790625 0.3729166671875 0.7984375 0.3791666671875
1 0.76875 0.5104166671875 0.778125 0.5104166671875 0.7875 0.5 0.79375 0.48333333281249996 0.7953125 0.475 0.7953125 0.46666666718750005 0.79375 0.4604166671875 0.790625 0.45625 0.7859375 0.45416666718750004 0.78125 0.45625 0.775 0.4604166671875 0.765625 0.4791666671875 0.7625 0.4895833328125 0.7625 0.5020833328125 0.7640625 0.50625 0.76875 0.5104166671875
1 0.690453125 0.3772604171875 0.6452656250000001 0.3772604171875 0.6452656250000001 0.4149895828125 0.690453125 0.4149895828125 0.690453125 0.3772604171875
1 0.6701875 0.41721874999999997 0.64146875 0.41721874999999997 0.64146875 0.47690625000000003 0.6701875 0.47690625000000003 0.6701875 0.41721874999999997
1 0.6997421875 0.4690416671875 0.6549765625 0.4690416671875 0.6549765625 0.5163333328124999 0.6997421875 0.5163333328124999 0.6997421875 0.4690416671875
1 0.7972890625 0.45438541718750003 0.7613984375 0.45438541718750003 0.7613984375 0.5129479171875 0.7972890625 0.5129479171875 0.7972890625 0.45438541718750003
1 0.8412109375 0.34234375 0.7880078125 0.34234375 0.7880078125 0.3823229171875 0.8412109375 0.3823229171875 0.8412109375 0.34234375
2 0.496625 0.2877291671875 0.47296875 0.2877291671875 0.47296875 0.3192708328125 0.496625 0.3192708328125 0.496625 0.2877291671875
2 0.46410937499999994 0.3220729171875 0.440453125 0.3220729171875 0.440453125 0.35417708281250004 0.46410937499999994 0.35417708281250004 0.46410937499999994 0.3220729171875
2 0.45988281249999996 0.3586770828125 0.43411718749999995 0.3586770828125 0.43411718749999995 0.39303125 0.45988281249999996 0.39303125 0.45988281249999996 0.3586770828125
2 0.45565625 0.3963958328125 0.43115625 0.3963958328125 0.43115625 0.42793749999999997 0.45565625 0.42793749999999997 0.45565625 0.3963958328125
2 0.46495312499999997 0.4831041671875 0.44129687500000003 0.4831041671875 0.44129687500000003 0.5140625 0.46495312499999997 0.5140625 0.46495312499999997 0.4831041671875
2 0.7111562499999999 0.54390625 0.6858125 0.54390625 0.6858125 0.5760104171875 0.7111562499999999 0.5760104171875 0.7111562499999999 0.54390625
2 0.722125 0.48647916718750006 0.697625 0.48647916718750006 0.697625 0.5191458328125 0.722125 0.5191458328125 0.722125 0.48647916718750006
2 0.7483203125 0.3631875 0.7225546875 0.3631875 0.7225546875 0.3941458328125 0.7483203125 0.3941458328125 0.7483203125 0.3631875
2 0.8217890625000001 0.53434375 0.7960234374999999 0.53434375 0.7960234374999999 0.5675729171875 0.8217890625000001 0.5675729171875 0.8217890625000001 0.53434375
0 0.7360703125 0.2460625 0.7086171875 0.2460625 0.7086171875 0.2809791671875 0.7360703125 0.2809791671875 0.7360703125 0.2460625
0 0.6059609375 0.4778645828125 0.5805703125 0.4778645828125 0.5805703125 0.5136770828125 0.6059609375 0.5136770828125 0.6059609375 0.4778645828125
0 0.63428125 0.52734375 0.609375 0.52734375 0.609375 0.5611979171875 0.63428125 0.5611979171875 0.63428125 0.52734375
0 0.5293046875 0.5240833328125001 0.5039140625 0.5240833328125001 0.5039140625 0.5585833328125 0.5293046875 0.5585833328125 0.5293046875 0.5240833328125001
0 0.493171875 0.58659375 0.466796875 0.58659375 0.466796875 0.61915625 0.493171875 0.61915625 0.493171875 0.58659375
2 0.625 0.3416666671875 0.63125 0.33541666718749996 0.6328125 0.33125 0.6328125 0.3166666671875 0.628125 0.3083333328125 0.625 0.30625 0.6171875 0.30625 0.609375 0.3145833328125 0.6078125 0.32083333281250004 0.6078125 0.3291666671875 0.6140625 0.3395833328125 0.625 0.3416666671875
2 0.7328125 0.39791666718749996 0.7390625 0.39791666718749996 0.7453125 0.39375 0.7484375 0.3770833328125 0.746875 0.3708333328125 0.740625 0.3625 0.73125 0.3625 0.7234375 0.3708333328125 0.721875 0.375 0.721875 0.3875 0.725 0.39375 0.7328125 0.39791666718749996
2 0.709375 0.5229166671875001 0.7171875 0.51875 0.7203125 0.5145833328125 0.721875 0.50625 0.7203125 0.49583333281249997 0.7140625 0.4875 0.7015625 0.4875 0.696875 0.49583333281249997 0.6953125 0.5 0.6953125 0.5104166671875 0.7 0.51875 0.709375 0.5229166671875001
2 0.696875 0.5770833328125 0.7015625 0.5770833328125 0.709375 0.56875 0.7109375 0.5645833328125 0.7109375 0.5583333328125 0.7078125 0.5479166671875 0.7046875 0.54375 0.6953125 0.5416666671875 0.690625 0.54375 0.6859375 0.55 0.684375 0.5541666671875001 0.684375 0.5645833328125 0.6890625 0.5729166671875 0.696875 0.5770833328125
2 0.8125 0.56875 0.81875 0.5645833328125 0.8203125 0.5604166671875 0.8203125 0.5416666671875 0.815625 0.5354166671875 0.809375 0.5333333328125 0.8015625 0.5354166671875 0.7984375 0.5375 0.7953125 0.5458333328125 0.79375 0.5541666671875001 0.7984375 0.5645833328125 0.80625 0.56875 0.8125 0.56875
2 0.4578125 0.5166666671875 0.4640625 0.5083333328124999 0.4640625 0.49375 0.4578125 0.48333333281249996 0.4484375 0.48333333281249996 0.440625 0.4895833328125 0.4390625 0.5041666671875 0.440625 0.5083333328124999 0.4484375 0.5166666671875 0.4578125 0.5166666671875
2 0.446875 0.4270833328125 0.4546875 0.41875 0.4546875 0.40625 0.4484375 0.3958333328125 0.4390625 0.39375 0.4328125 0.4 0.4296875 0.40833333281249995 0.43125 0.4270833328125 0.434375 0.4291666671875 0.446875 0.4270833328125
2 0.4515625 0.3958333328125 0.4578125 0.3854166671875 0.4578125 0.36875 0.453125 0.3625 0.446875 0.3583333328125 0.440625 0.3604166671875 0.4375 0.3645833328125 0.434375 0.3708333328125 0.434375 0.3791666671875 0.4390625 0.39375 0.4515625 0.3958333328125
2 0.4515625 0.35625 0.4578125 0.3541666671875 0.4640625 0.34375 0.4640625 0.33541666718749996 0.4609375 0.325 0.45625 0.32083333281250004 0.4484375 0.32083333281250004 0.4421875 0.325 0.4390625 0.33125 0.4390625 0.34375 0.446875 0.3541666671875 0.4515625 0.35625
2 0.4875 0.32083333281250004 0.496875 0.3145833328125 0.496875 0.3 0.4953125 0.29375 0.4921875 0.28958333281250004 0.4890625 0.2875 0.48125 0.2875 0.4734375 0.2958333328125 0.471875 0.3083333328125 0.4734375 0.3145833328125 0.478125 0.32083333281250004 0.4875 0.32083333281250004
0 0.5953125 0.5125 0.603125 0.5041666671875 0.603125 0.4895833328125 0.5984375 0.48125 0.5953125 0.4791666671875 0.5875 0.4791666671875 0.5796875 0.4875 0.578125 0.49375 0.5796875 0.5041666671875 0.5875 0.5125 0.5953125 0.5125
0 0.5109375 0.5583333328125 0.5171875 0.5604166671875 0.521875 0.5583333328125 0.528125 0.5479166671875 0.528125 0.5375 0.5265625 0.5333333328125 0.51875 0.525 0.5125 0.525 0.5078125 0.5291666671875 0.5046875 0.5375 0.5046875 0.55 0.5078125 0.55625 0.5109375 0.5583333328125
0 0.6203125 0.5625 0.6265625 0.5604166671875 0.6296875 0.55625 0.6328125 0.5479166671875 0.63125 0.5354166671875 0.628125 0.53125 0.621875 0.5270833328125 0.6140625 0.5291666671875 0.6109375 0.5333333328125 0.609375 0.5375 0.609375 0.5520833328125 0.615625 0.5604166671875 0.6203125 0.5625
0 0.48125 0.6229166671875 0.4890625 0.6145833328125 0.490625 0.6104166671875 0.490625 0.5958333328125 0.4859375 0.5895833328125 0.4828125 0.5875 0.4734375 0.5895833328125 0.46875 0.5979166671875 0.4671875 0.6104166671875 0.4734375 0.6208333328125 0.4765625 0.6229166671875 0.48125 0.6229166671875
0 0.7140625 0.28125 0.725 0.28125 0.73125 0.275 0.734375 0.2625 0.73125 0.2520833328125 0.728125 0.2479166671875 0.725 0.24583333281250003 0.71875 0.24583333281250003 0.7109375 0.2541666671875 0.7078125 0.2625 0.7078125 0.26875 0.709375 0.275 0.7140625 0.28125