1 0.6009552640625 0.5216987718749999 0.5998536171875 0.5848120812500001 0.6396705609375 0.5855070890625 0.6407722078125 0.5223937796875 0.6009552640625 0.5216987718749999
1 0.31350242968750003 0.332929025 0.3123717921875 0.3977032125 0.3544007890625 0.39843683125 0.3555314265625 0.33366264375 0.31350242968750003 0.332929025
1 0.4256398015625 0.5890779296875001 0.425030996875 0.6239563359375 0.5090889890625 0.625423575 0.50969779375 0.5905451671875 0.4256398015625 0.5890779296875001
1 0.3549255296875 0.38067085624999997 0.3543167234375 0.415549265625 0.4383747171875 0.417016503125 0.438983521875 0.38213809374999996 0.3549255296875 0.38067085624999997
1 0.5674507859375 0.362443603125 0.5669579453125 0.3906785046875 0.655440040625 0.392222965625 0.6559328828125001 0.3639880640625 0.5674507859375 0.362443603125
1 0.62519891875 0.4767645390625 0.6243581890625001 0.5249299609375 0.6995679703125 0.5262427515625 0.7004087015625 0.47807733125 0.62519891875 0.4767645390625
1 0.6682107546875 0.2944243046875 0.6671380984375 0.3558767390625 0.722439409375 0.356842028125 0.723512065625 0.29538959375 0.6682107546875 0.2944243046875
1 0.6922397421875 0.27408475781249997 0.6911380953124999 0.3371980671875 0.744227353125 0.33812474375 0.745329 0.275011434375 0.6922397421875 0.27408475781249997
0 0.4146365671875 0.46480882812499996 0.414143725 0.49304373124999995 0.4539606703125 0.4937387390625 0.45445351250000005 0.4655038359375 0.4146365671875 0.46480882812499996
0 0.5184612640624999 0.43861683124999995 0.5179394312500001 0.468512609375 0.5599684265625 0.469246228125 0.5604902593750001 0.43935044999999995 0.5184612640624999 0.43861683124999995
0 0.531466996875 0.40987930156249996 0.531006334375 0.43627063125000004 0.566930065625 0.43689768281249997 0.567390728125 0.410506353125 0.531466996875 0.40987930156249996
0 0.5416853578125 0.378441553125 0.5412246953125 0.40483288125000005 0.575599990625 0.4054329046875 0.576060653125 0.37904157656250004 0.5416853578125 0.378441553125
0 0.538377165625 0.346759390625 0.5379115750000001 0.3734330703125 0.575759790625 0.3740937125 0.57622538125 0.347420034375 0.538377165625 0.346759390625
0 0.6115746171875001 0.22503659687500002 0.6110733671874999 0.2537531515625 0.649319753125 0.2544207453125 0.649821003125 0.225704190625 0.6115746171875001 0.22503659687500002
1 0.42727194375 0.6100431625 0.42715598125 0.61668666875 0.4336761765625 0.6234460078125 0.44028334375 0.6252227203125 0.4647028921875 0.620664815625 0.4913634828125 0.6144846484375 0.504722771875 0.6097336875 0.5069928046875 0.606450546875 0.5071377578125 0.5981461625 0.500588571875 0.5930477 0.48510420625000006 0.59277741875 0.46513775312499994 0.59575166875 0.43402406562499996 0.6035154890625 0.42727194375 0.6100431625
1 0.6026618828125 0.5765541875 0.6091820765625 0.5833135281249999 0.62466644375 0.5835838078125 0.6291485296875 0.5803392781250001 0.633746578125 0.5704512421875 0.6388374703124999 0.5323283046875 0.636712390625 0.5273070625 0.6323462656250001 0.5239080859375 0.6168619 0.52363780625 0.6123798125000001 0.5268823359375 0.610051796875 0.53348723125 0.6028358265625 0.5665889281250001 0.6026618828125 0.5765541875
1 0.6262609328125001 0.49223559687499996 0.628415003125 0.4955959609375 0.6502746109374999 0.5109299671875001 0.6765873140625 0.5246803171875001 0.6898596296874999 0.5249119859375 0.694341715625 0.52166745625 0.6966117484375001 0.5183843140625 0.6967277125 0.511740809375 0.694573640625 0.50838044375 0.67708015625 0.4964454140625 0.6441892765625 0.4792574765625 0.6353410671875 0.47910303125000003 0.6286469296874999 0.48230895 0.6263768953125 0.485592090625 0.6262609328125001 0.49223559687499996
1 0.630212428125 0.39262161406249996 0.645725784375 0.39123101875 0.6524779046875 0.38470334687499996 0.652564878125 0.3797207171875 0.6482277437499999 0.3746608640625 0.6438326296875 0.3729227640625 0.5797990734375 0.3651595234375 0.5686228484375 0.3716099734375 0.56847789375 0.37991435625 0.5749980890625 0.38667369687500003 0.630212428125 0.39262161406249996
1 0.6906916 0.350481334375 0.7016359 0.3573178984375 0.7149661968750001 0.35422781406250003 0.7194482828125001 0.350983284375 0.7196222265625 0.3410180234375 0.6981105078125001 0.30575350156250003 0.6937733749999999 0.3006936484375 0.684983146875 0.2972174484375 0.676105946875 0.29872387968749997 0.669353825 0.3052515515625 0.66929584375 0.3085733046875 0.6906916 0.350481334375
1 0.7088228812499999 0.325877078125 0.7175261374999999 0.3343359078125 0.7219212515625 0.3360740078125 0.73522255625 0.3346448 0.7419456859375 0.32977800468749996 0.7421486203125001 0.31815186875 0.7335903187499999 0.30138865625 0.7206948828125 0.27956559062499997 0.71411670625 0.276128003125 0.7030564453125 0.2759349453125 0.69636230625 0.2791408640625 0.6939763109375 0.2890675140625 0.7088228812499999 0.325877078125
1 0.3577531 0.40946379374999997 0.364302284375 0.4145622578125 0.37536254687500004 0.414755315625 0.4042062015625 0.410274634375 0.4308957828125 0.40243358906250004 0.4353778703125 0.3991890609375 0.437734875 0.39092328906249996 0.43121468125 0.384163946875 0.420183409375 0.3823100140625 0.3691032703125 0.39304808593749996 0.360197078125 0.3962153921875 0.3556570109375 0.40278167500000006 0.3577531 0.40946379374999997
1 0.324920203125 0.3889541015625 0.33144039687500004 0.39571344218750004 0.3358355109375 0.3974515421875 0.3469247640625 0.3959837234375 0.35140685 0.39273919375 0.35169675625 0.376130428125 0.3456114234375 0.3444579375 0.34130328125 0.3377372078125 0.3369081671875 0.33599910781250003 0.3214238 0.335728828125 0.3146716796875 0.3422565 0.31455571718750003 0.34890000625 0.324920203125 0.3889541015625
0 0.4249351703125 0.490382825 0.4315423375 0.4921595359375 0.44484364374999996 0.490730328125 0.4515957640625 0.4842026578125 0.4517697078125 0.4742373984375 0.4496156359375 0.47087703281250004 0.44306645156249996 0.4657785703125 0.43200618906250005 0.4655855125 0.4208589546875 0.4703750828125 0.41628989531249994 0.47860224375 0.4183859859375 0.4852843625 0.4249351703125 0.490382825
0 0.5315485484375 0.46732303125 0.5448208625000001 0.4675547 0.5492739578125 0.4659710453125 0.556026078125 0.4594433734375 0.556200021875 0.44947811406250004 0.5540459515625 0.44611775 0.5430726625 0.4409420625 0.5342244515625 0.44078761718750004 0.52977135625 0.4423712703125 0.5230192359375 0.448898940625 0.5228163015625 0.460525078125 0.5315485484375 0.46732303125
0 0.5453426953125 0.43765892031250003 0.5541909046875 0.4378133671875 0.563097096875 0.434646059375 0.5676371640625 0.42807977656249996 0.5677531265625 0.4214362703125 0.5590498703125 0.412977440625 0.5413534515625 0.4126685484375 0.534630321875 0.41753534531250003 0.5323602875 0.4208184859375 0.532244325 0.4274619921875 0.54094758125 0.43592082187500003 0.5453426953125 0.43765892031250003
0 0.5569537812500001 0.40629532343749997 0.568043034375 0.40482750312500004 0.5747951546875 0.3982998328125 0.5749690984375 0.3883345734375 0.5662658421875 0.3798757453125 0.5552055796875 0.3796826875 0.5440293546875 0.38613313437499996 0.5417593218750001 0.3894162765625 0.54161436875 0.3977206609375 0.5459514999999999 0.40278051406250004 0.5569537812500001 0.40629532343749997
0 0.5486853843749999 0.372923346875 0.55971665625 0.3747772796875 0.5641697531250001 0.3731936265625 0.575403959375 0.36342142499999996 0.575519921875 0.35677791875 0.5711827890625 0.35171806562499996 0.5667876749999999 0.349979965625 0.5535443515625 0.3480874203125 0.5423681265625 0.3545378703125 0.540098090625 0.3578210109375 0.539982128125 0.3644645171875 0.5486853843749999 0.372923346875
0 0.6150092078125 0.24947733749999998 0.6237704468749999 0.2546144125 0.6370427609375 0.25484608125 0.6414958578125 0.253262428125 0.6459779421875 0.2500178984375 0.650547 0.24179073906249998 0.646296840625 0.23174825625 0.6397186640625 0.22831066875 0.6242342984375 0.22804038906250002 0.6175691484375 0.22958543125 0.6130870640625 0.232829959375 0.6128841281249999 0.24445609687499997 0.6150092078125 0.24947733749999998