1 0.5937903640625 0.47218340937500003 0.59485509375 0.4416935203125 0.50667355 0.43861415312499996 0.5056088203125 0.4691040421875 0.5937903640625 0.47218340937500003
1 0.6024136312499999 0.6358620328125 0.603892425 0.5935149625 0.5202330109375 0.5905935125 0.51875421875 0.63294058125 0.6024136312499999 0.6358620328125
1 0.4197084875 0.6600088984375 0.4217196453125 0.6024168859375 0.3516266234375 0.5999691828125 0.349615465625 0.6575611968749999 0.4197084875 0.6600088984375
1 0.373969871875 0.5436536281250001 0.3753895125 0.5030004421875 0.28946903281249997 0.5000000328125 0.2880493921875 0.5406532187499999 0.373969871875 0.5436536281250001
1 0.25852075625 0.37059196875 0.2608276734375 0.30453054218750003 0.2223895640625 0.3031882546875 0.22008264687499998 0.3692496796875 0.25852075625 0.37059196875
1 0.5414932890624999 0.58681284375 0.5429129296874999 0.5461596578125001 0.45925351562500005 0.5432382062500001 0.4578338765625 0.5838913921875 0.5414932890624999 0.58681284375
1 0.296303646875 0.6715294890625 0.298669715625 0.603774178125 0.2602316078125 0.602431890625 0.2578655390625 0.6701872015625 0.296303646875 0.6715294890625
0 0.577400603125 0.566692715625 0.5784653343749999 0.536202828125 0.5332440296875001 0.5346236656250001 0.5321792984375 0.565113553125 0.577400603125 0.566692715625
0 0.3346456828125 0.4852897484375 0.33565126093750003 0.45649374218750005 0.29269102187499996 0.45499353749999993 0.29168544375 0.48378954375000005 0.3346456828125 0.4852897484375
0 0.3809161375 0.5042788421875 0.381921715625 0.47548283593749996 0.341222540625 0.47406158906250007 0.3402169625 0.502857596875 0.3809161375 0.5042788421875
0 0.3375865546875 0.5133552421875 0.338592134375 0.4845592359375 0.29789295937500004 0.48313798906249994 0.2968873796875 0.5119339968750001 0.3375865546875 0.5133552421875
1 0.349540325 0.693358346875 0.35177034375 0.6294989671875 0.29669079531250003 0.627575546875 0.29446077656249997 0.6914349265624999 0.349540325 0.693358346875
0 0.3961721484375 0.34629129999999997 0.3971818671875 0.317376721875 0.358042828125 0.31600995625 0.357033109375 0.344924534375 0.3961721484375 0.34629129999999997
0 0.4858831421875 0.35354523125 0.4868490890625 0.3258841265625 0.4504685484375 0.3246136890625 0.4495026015625 0.3522747953125 0.4858831421875 0.35354523125
0 0.5500969078125 0.3318153953125 0.5509912828125 0.3062038875 0.5118522421875 0.30483712343749997 0.51095786875 0.3304486296875 0.5500969078125 0.3318153953125
0 0.44905732656249997 0.6813834671875 0.4500380625 0.6532988921875 0.411441678125 0.6519510765625001 0.41046094375 0.6800356515625 0.44905732656249997 0.6813834671875
1 0.2465433375 0.302898828125 0.2329769453125 0.302425078125 0.2283956625 0.3039610453125 0.223696078125 0.3088847765625 0.223045409375 0.3275174890625 0.22650280937499997 0.35816529531249996 0.230847484375 0.363404859375 0.23531046406249997 0.3652566578125 0.24887685468749998 0.3657304078125 0.25351728906250004 0.3625005578125 0.2552326875 0.3133779578125 0.2465433375 0.302898828125
1 0.370350309375 0.5175198625 0.37064606875 0.5090504484375 0.36630139375000004 0.503810884375 0.3618384140625 0.5019590843749999 0.35505522031250003 0.5017222109375 0.3276858296875 0.50755024375 0.31168091875 0.512079184375 0.2909764203125 0.5215318578125 0.28847875 0.52822843125 0.290562359375 0.5333890375 0.2949661859375 0.5369347203125 0.299429165625 0.53878651875 0.31073449218750004 0.539181309375 0.365650725 0.52244359375 0.370350309375 0.5175198625
1 0.29814112812500004 0.6404984406249999 0.2969447953125 0.6099295953125 0.2881371390625 0.60283823125 0.2767726625 0.604137321875 0.27219138125 0.6056732890625 0.267373490625 0.6139847875 0.26458006093750003 0.6291507734375 0.263456178125 0.6613345453125 0.2700619203125 0.66665306875 0.2813672453125 0.667047859375 0.2905889609375 0.66228204375 0.2929683296875 0.6589732359375 0.29814112812500004 0.6404984406249999
1 0.321106690625 0.6311247265625 0.3166437125 0.629272928125 0.30759945312500003 0.6289570953125 0.3030181703125 0.6304930625 0.2983777359375 0.6337229109375 0.2957617609375 0.6438072499999999 0.3192729890625 0.6836350921875 0.3258787296875 0.688953615625 0.3348638390625 0.6909633296875 0.346405771875 0.6845825890625 0.34676068125000004 0.67441929375 0.336224328125 0.6520040265625 0.321106690625 0.6311247265625
1 0.4104121171875 0.602020321875 0.40136785625 0.6017044890625 0.39678657500000003 0.60324045625 0.3547860625 0.6390846296875 0.3522883921875 0.645781203125 0.354372 0.650941809375 0.3632388078125 0.6563392890624999 0.37228306875 0.656655121875 0.381504784375 0.65188930625 0.416662946875 0.617502140625 0.4170178578125 0.6073388453125 0.4104121171875 0.602020321875
1 0.59209885625 0.45572960937499996 0.5923354625 0.448954078125 0.585788875 0.441941671875 0.5404492671875001 0.443750275 0.513139028125 0.447884425 0.5084394421875 0.45280815781249995 0.508143684375 0.4612775703125 0.512488359375 0.4665171359375 0.5169513390625 0.4683689359375 0.5327787953125 0.4689216421875 0.57823670625 0.463725271875 0.5850790546875 0.462268265625 0.59209885625 0.45572960937499996
1 0.5382739546875001 0.5708704390625 0.53613119375 0.567403715625 0.5228014078125 0.5601544359374999 0.482575446875 0.545182128125 0.4690090578125 0.5447083796875 0.464427775 0.5462443453125 0.45966903593749997 0.552861959375 0.4595507328125 0.556249725 0.46389540937499996 0.5614892890625 0.4705603015625 0.5651139296875 0.5151900890625 0.5836319203125 0.5241751984375 0.5856416359375001 0.5310175453125 0.5841846265624999 0.5379781953125 0.579339853125 0.5382739546875001 0.5708704390625
1 0.5488103078125001 0.59328570625 0.5307809390625 0.5909601578125 0.52619965625 0.592496125 0.521500071875 0.5974198562499999 0.5212043125 0.6058892703125001 0.5322730328125 0.6130595921875 0.5791638859375 0.631656540625 0.592730275 0.6321302890625 0.597370709375 0.6289004390625 0.599927534375 0.6205099859375001 0.59338094375 0.6134975796875 0.5488103078125001 0.59328570625
0 0.5385165093750001 0.3046150140625 0.5249501171875 0.304141265625 0.5203688359374999 0.30567723125 0.51108796875 0.3121369296875 0.5109105140625 0.3172185796875 0.512994121875 0.322379184375 0.5218017781250001 0.3294705484375 0.5376292328125001 0.3300232546875 0.549171165625 0.323642515625 0.549466925 0.3151731015625 0.5429794875 0.30646681249999996 0.5385165093750001 0.3046150140625
0 0.47217664531250003 0.324345703125 0.46539345 0.324108828125 0.45623088593750005 0.3271807625 0.4490927796875 0.3371071859375 0.4532600015625 0.347428396875 0.46444702343750005 0.3512109546875 0.47807256562499995 0.3499908203125 0.48271300000000006 0.34676097031249997 0.4875308890625 0.3384494734375 0.4833045171875 0.32982214375 0.4789006890625 0.3262764609375 0.47217664531250003 0.324345703125
0 0.381852340625 0.3177996125 0.3682859484375 0.31732586406249996 0.36596573125 0.3189407890625 0.3589459296875 0.3254794453125 0.35865017187500003 0.333948859375 0.3607929328125 0.3374155828125 0.3696005875 0.344506946875 0.38542804375 0.345059653125 0.3900684765625 0.3418298046875 0.394827215625 0.33521219062499996 0.392921059375 0.324969934375 0.381852340625 0.3177996125
0 0.3226180328125 0.45819076875000003 0.313632925 0.456181053125 0.3045295109375 0.4575591046875 0.2951894921875 0.46571268593750004 0.297095646875 0.47595493906249997 0.3081643671875 0.4831252609375 0.3194696921875 0.4835200515625 0.324050975 0.4819840859375 0.33101162500000003 0.47713931093750006 0.333450146875 0.472136621875 0.3314256875 0.4652821328125 0.3226180328125 0.45819076875000003
0 0.30810521562500004 0.48481914374999996 0.298824346875 0.49127884218749995 0.2984694375 0.501442140625 0.3028141125 0.5066817046875001 0.3094790046875 0.5103063453125001 0.3208434828125 0.5090072515624999 0.330006046875 0.50593531875 0.3348239359375 0.497623821875 0.332799478125 0.49076933125 0.323932671875 0.4853718515625 0.30810521562500004 0.48481914374999996
0 0.3514203640625 0.476156053125 0.342139496875 0.4826157515625 0.3417845859375 0.49277904687499996 0.3461292625 0.4980186125 0.350592240625 0.49987041093749995 0.36868076250000004 0.5005020765625 0.3757005640625 0.49396341875000005 0.37819823750000003 0.487266846875 0.3761146265625 0.482106240625 0.36950888593750003 0.47678771875 0.3514203640625 0.476156053125
0 0.57301805625 0.548340453125 0.5708752953125 0.5448737296874999 0.56653061875 0.539634165625 0.562067640625 0.537782365625 0.5530825312500001 0.53577265 0.546240184375 0.537229659375 0.539338684375 0.54038055 0.5369593171875 0.5436893578124999 0.536663559375 0.5521587718750001 0.5388063187500001 0.55562549375 0.5498750390625 0.562795815625 0.5634414296875 0.5632695640625001 0.5680818640624999 0.560039715625 0.5728406015624999 0.5534221015624999 0.57301805625 0.548340453125
0 0.4468982203125 0.659260740625 0.43809056562500004 0.6521693765625 0.424524175 0.6516956281249999 0.41994289374999993 0.6532315953125 0.4129230890625 0.6597702515625 0.4125681796875 0.6699335484375 0.416853703125 0.6768669953125 0.42131668125 0.6787187953125 0.4371441390625 0.6792715015625 0.441725421875 0.6777355359375 0.4463658546875 0.6745056859375 0.44880437500000003 0.6695029953125 0.4468982203125 0.659260740625