1 0.608103125 0.4235354171875 0.548728125 0.4235354171875 0.548728125 0.4652020828125 0.608103125 0.4652020828125 0.608103125 0.4235354171875
1 0.725 0.3512354171875 0.675 0.3512354171875 0.675 0.4179020828125 0.725 0.4179020828125 0.725 0.3512354171875
1 0.5596656249999999 0.3958333328125 0.5049781249999999 0.3958333328125 0.5049781249999999 0.45625 0.5596656249999999 0.45625 0.5596656249999999 0.3958333328125
1 0.5004640625000001 0.4643541671875 0.44733906250000005 0.4643541671875 0.44733906250000005 0.5268541671875 0.5004640625000001 0.5268541671875 0.5004640625000001 0.4643541671875
1 0.707640625 0.4893541671875 0.660765625 0.4893541671875 0.660765625 0.5581041671875 0.707640625 0.5581041671875 0.707640625 0.4893541671875
1 0.4234375 0.2670541671875 0.3625 0.2670541671875 0.3625 0.3024708328125 0.4234375 0.3024708328125 0.4234375 0.2670541671875
1 0.7181140625 0.5270833328125 0.6899890625 0.5270833328125 0.6899890625 0.60625 0.7181140625 0.60625 0.7181140625 0.5270833328125
1 0.790915625 0.2801729171875 0.7299781249999999 0.2801729171875 0.7299781249999999 0.3280895828125 0.790915625 0.3280895828125 0.790915625 0.2801729171875
0 0.507715625 0.3461916671875 0.479590625 0.3461916671875 0.479590625 0.38369166718750003 0.507715625 0.38369166718750003 0.507715625 0.3461916671875
0 0.615625 0.5008479171875 0.5859375 0.5008479171875 0.5859375 0.5404312499999999 0.615625 0.5404312499999999 0.615625 0.5008479171875
0 0.506615625 0.43112083281249997 0.48005312499999997 0.43112083281249997 0.48005312499999997 0.4686208328125 0.506615625 0.4686208328125 0.506615625 0.43112083281249997
0 0.3820234375 0.5328229171875 0.3567578125 0.5328229171875 0.3567578125 0.56896875 0.3820234375 0.56896875 0.3820234375 0.5328229171875
0 0.49446874999999996 0.5103541671875 0.46846875 0.5103541671875 0.46846875 0.5435625 0.49446874999999996 0.5435625 0.49446874999999996 0.5103541671875
0 0.5486796875 0.4434479171875 0.5245078125 0.4434479171875 0.5245078125 0.4771354171875 0.5486796875 0.4771354171875 0.5486796875 0.4434479171875
0 0.556015625 0.4732291671875 0.531109375 0.4732291671875 0.531109375 0.5083958328125 0.556015625 0.5083958328125 0.556015625 0.4732291671875
0 0.5798203125 0.4639583328125 0.5556484375 0.4639583328125 0.5556484375 0.498625 0.5798203125 0.498625 0.5798203125 0.4639583328125
1 0.3765625 0.2979166671875 0.4171875 0.2979166671875 0.421875 0.2916666671875 0.421875 0.28125 0.4171875 0.27291666718749996 0.3859375 0.26875 0.36875 0.26875 0.3640625 0.275 0.3640625 0.28958333281250004 0.3703125 0.2958333328125 0.3765625 0.2979166671875
1 0.5203125 0.45416666718750004 0.5546875 0.42291666718750004 0.55625 0.42083333281249996 0.55625 0.40625 0.5515625 0.4 0.5453125 0.4 0.50625 0.43333333281249997 0.5046875 0.4375 0.5046875 0.4479166671875 0.5109375 0.45416666718750004 0.5203125 0.45416666718750004
1 0.4578125 0.525 0.4640625 0.5229166671875001 0.478125 0.5104166671875 0.496875 0.4895833328125 0.4984375 0.48541666718750004 0.4984375 0.47291666718750003 0.49375 0.46666666718750005 0.4859375 0.46666666718750005 0.4609375 0.4895833328125 0.45 0.5020833328125 0.4484375 0.50625 0.4484375 0.5166666671875 0.453125 0.5229166671875001 0.4578125 0.525
1 0.5640625 0.46458333281249997 0.596875 0.45416666718750004 0.6046875 0.4458333328125 0.60625 0.43958333281249995 0.603125 0.43125 0.5984375 0.4270833328125 0.5921875 0.4270833328125 0.5546875 0.4375 0.5484375 0.44375 0.546875 0.4479166671875 0.5484375 0.4583333328125 0.5546875 0.46458333281249997 0.5640625 0.46458333281249997
1 0.7078125 0.4145833328125 0.71875 0.4145833328125 0.7234375 0.40833333281249995 0.7234375 0.3958333328125 0.721875 0.3916666671875 0.6921875 0.35625 0.6828125 0.3541666671875 0.6765625 0.3604166671875 0.675 0.36666666718749996 0.6765625 0.3729166671875 0.6828125 0.38333333281250004 0.7078125 0.4145833328125
1 0.7734375 0.3270833328125 0.78125 0.3270833328125 0.7875 0.31875 0.7890625 0.3125 0.7875 0.30416666718749996 0.778125 0.29375 0.7453125 0.28125 0.7375 0.28125 0.73125 0.2875 0.7296875 0.2916666671875 0.7296875 0.3020833328125 0.7390625 0.3104166671875 0.7734375 0.3270833328125
1 0.6671875 0.55625 0.6765625 0.55625 0.6890625 0.5395833328124999 0.7015625 0.51875 0.70625 0.5083333328124999 0.70625 0.49791666718750005 0.7015625 0.4916666671875 0.6921875 0.4916666671875 0.6625 0.5354166671875 0.6609375 0.5395833328124999 0.6609375 0.5479166671875 0.6625 0.5520833328125 0.6671875 0.55625
1 0.696875 0.60625 0.7046875 0.60625 0.7078125 0.6041666671875 0.7109375 0.5958333328125 0.715625 0.55625 0.715625 0.5354166671875 0.7109375 0.5291666671875 0.703125 0.5291666671875 0.6984375 0.5333333328125 0.6921875 0.5645833328125 0.690625 0.5770833328125 0.690625 0.5979166671875 0.6921875 0.6020833328124999 0.696875 0.60625
0 0.371875 0.56875 0.378125 0.5604166671875 0.3796875 0.55625 0.3796875 0.5458333328125 0.3765625 0.5375 0.371875 0.5333333328125 0.3640625 0.53125 0.3578125 0.5395833328124999 0.35625 0.54375 0.35625 0.5604166671875 0.359375 0.5645833328125 0.371875 0.56875
0 0.4890625 0.38125 0.496875 0.38125 0.503125 0.375 0.5046875 0.3708333328125 0.5046875 0.3604166671875 0.5 0.35 0.4953125 0.3479166671875 0.4890625 0.3479166671875 0.48125 0.35625 0.4796875 0.36666666718749996 0.48125 0.3729166671875 0.4859375 0.3791666671875 0.4890625 0.38125
0 0.496875 0.46875 0.5015625 0.46458333281249997 0.5078125 0.45416666718750004 0.503125 0.43958333281249995 0.4984375 0.43541666718750005 0.49375 0.43333333281249997 0.4875 0.43541666718750005 0.4828125 0.44166666718750003 0.48125 0.4458333328125 0.48125 0.45625 0.4875 0.46666666718750005 0.496875 0.46875
0 0.4859375 0.5416666671875 0.4890625 0.5395833328124999 0.49375 0.5270833328125 0.490625 0.5145833328125 0.4875 0.5125 0.478125 0.5125 0.4703125 0.5208333328125 0.46875 0.5270833328125 0.4703125 0.5354166671875 0.4765625 0.5416666671875 0.4859375 0.5416666671875
0 0.528125 0.47291666718750003 0.53125 0.475 0.5375 0.475 0.54375 0.47291666718750003 0.5453125 0.47083333281249995 0.546875 0.46666666718750005 0.546875 0.45625 0.5453125 0.45 0.5421875 0.4458333328125 0.5359375 0.44375 0.525 0.45208333281249996 0.5234375 0.45416666718750004 0.5234375 0.4625 0.525 0.46875 0.528125 0.47291666718750003
0 0.5390625 0.50625 0.5453125 0.50625 0.5484375 0.5041666671875 0.5546875 0.49583333281249997 0.5546875 0.4875 0.553125 0.48125 0.5484375 0.475 0.54375 0.47291666718750003 0.534375 0.4770833328125 0.5328125 0.4791666671875 0.53125 0.48541666718750004 0.53125 0.49583333281249997 0.5359375 0.5041666671875 0.5390625 0.50625
0 0.5609375 0.49583333281249997 0.5671875 0.49791666718750005 0.5734375 0.49583333281249997 0.578125 0.4895833328125 0.5796875 0.48125 0.5765625 0.47083333281249995 0.5734375 0.46875 0.5609375 0.46875 0.55625 0.47291666718750003 0.5546875 0.4770833328125 0.5546875 0.48333333281249996 0.55625 0.4895833328125 0.5609375 0.49583333281249997
0 0.596875 0.5354166671875 0.60625 0.5354166671875 0.6125 0.5270833328125 0.6125 0.5125 0.60625 0.5041666671875 0.5953125 0.5041666671875 0.590625 0.5083333328124999 0.5890625 0.5125 0.5890625 0.525 0.59375 0.5333333328125 0.596875 0.5354166671875