1 0.5002195703125001 0.6793007046875 0.49912519531250005 0.616603984375 0.450674425 0.6174496953124999 0.45176879999999997 0.680146415625 0.5002195703125001 0.6793007046875
1 0.725558565625 0.41796350625 0.7244353921875 0.3536168734375 0.6869961609375 0.354270378125 0.688119334375 0.41861701093750003 0.725558565625 0.41796350625
1 0.5398393265625 0.591665203125 0.53874495 0.5289684828125 0.494698796875 0.5297373125 0.4957931734375 0.59243403125 0.5398393265625 0.591665203125
1 0.527436203125 0.51213358125 0.5269178140624999 0.482435134375 0.44102781562500004 0.48393435 0.441546203125 0.513632796875 0.527436203125 0.51213358125
1 0.6990608484374999 0.7121390765625 0.6979664734375 0.64944235625 0.6495157046875 0.65028806875 0.6506100796875 0.7129847875 0.6990608484374999 0.7121390765625
1 0.6630017875 0.706166825 0.6619650109374999 0.6467699328125 0.6047050109375001 0.647769409375 0.6057417890625 0.7071663015625 0.6630017875 0.706166825
1 0.6250175625 0.7970102421874999 0.62421118125 0.750812659375 0.5471304109374999 0.752158109375 0.54793679375 0.7983556921875 0.6250175625 0.7970102421874999
1 0.716193009375 0.8053839843749999 0.715069834375 0.74103735 0.66221445 0.74195994375 0.663337625 0.806306578125 0.716193009375 0.8053839843749999
0 0.5938504484375 0.3967126890625 0.59332918125 0.36684925156250003 0.5534674109375 0.3675450421875 0.553988678125 0.397408478125 0.5938504484375 0.3967126890625
0 0.5032822796875001 0.39965515625000003 0.5028004671875 0.3720521 0.465955859375 0.372695225 0.46643767187499996 0.40029828125 0.5032822796875001 0.39965515625000003
0 0.44250016406250003 0.378088903125 0.442026415625 0.350947821875 0.40518180781249996 0.351590946875 0.40565555625 0.378732028125 0.44250016406250003 0.378088903125
0 0.5157516656250001 0.766952221875 0.515277915625 0.7398111421875 0.4802392015625 0.7404227453125001 0.48071295156250005 0.7675638250000001 0.5157516656250001 0.766952221875
0 0.417331015625 0.8406365671874999 0.41683336249999997 0.8121260593749999 0.3806054015625 0.8127584203125 0.3811030546875 0.841268928125 0.417331015625 0.8406365671874999
0 0.3921979328125 0.8193475359375 0.391684440625 0.789929575 0.3548398328125 0.7905727 0.355353325 0.8199906609375001 0.3921979328125 0.8193475359375
0 0.3575967484375 0.8443941687500001 0.35709131875 0.8154381828125 0.3196520875 0.8160916859375 0.3201575171875 0.845047671875 0.3575967484375 0.8443941687500001
0 0.46236900312499996 0.8941656296874999 0.46184773437500004 0.8643021921875 0.42077469531249995 0.8650191234375001 0.4212959640625 0.8948825625 0.46236900312499996 0.8941656296874999
1 0.7222738375 0.360786053125 0.7155805171875 0.3559516359375 0.7001643640624999 0.356220725 0.6936726375 0.3629357046875 0.6916143265625 0.371223715625 0.692334309375 0.41247155625 0.696825325 0.417344415625 0.7100391687500001 0.4171137671875 0.7144149859375 0.41538697031250005 0.718733203125 0.41036034531250004 0.7222738375 0.360786053125
1 0.5241677859375 0.4962773171875 0.5174744640625 0.4914429 0.4799200359375 0.48549675 0.45126123749999997 0.484346575 0.44256720468750005 0.49109999374999996 0.4427112015625 0.49934956250000007 0.44497110624999997 0.50261095 0.462675965625 0.5072531578125 0.49576818125 0.509976365625 0.5177912578125 0.5095919515625 0.5243117828125 0.5045268859375 0.5241677859375 0.4962773171875
1 0.5367056906250001 0.583530534375 0.534128990625 0.5621200984375 0.5225990640625 0.5326138593749999 0.51813685 0.529390915625 0.502720696875 0.5296600046875 0.49840247812499994 0.5346866296874999 0.4986328734375 0.5478859390624999 0.5057005859375 0.5741692328125 0.5103067984375 0.585641746875 0.51697131875 0.58882625 0.5301851640625 0.5885956 0.5367056906250001 0.583530534375
1 0.48986768437499995 0.6767714125000001 0.4942147 0.6733947031249999 0.4939843046875 0.66019539375 0.4869741921875 0.6372119265625 0.48010807499999997 0.6224780265625001 0.47341475468749994 0.617643609375 0.46020090781249995 0.6178742578125 0.45368038281249995 0.6229393234375 0.4515932734375 0.6295774203125 0.4585457875 0.6492610609375 0.4722204234375 0.67542903125 0.47665383749999995 0.6770020609375 0.48986768437499995 0.6767714125000001
1 0.6597333703125 0.6903105593750001 0.646116334375 0.6674424171875 0.6326432921875 0.6528238421875 0.625949971875 0.6479894265625 0.612736125 0.648220075 0.6062444 0.654935053125 0.606388396875 0.6631846218749999 0.633420875 0.6973715125 0.6423453046875001 0.7038174015625 0.65555915 0.7035867515625001 0.6598773671875 0.698560128125 0.6597333703125 0.6903105593750001
1 0.6754951171875 0.709840434375 0.6887089625 0.7096097859375 0.693084778125 0.7078829890625 0.6952294875 0.7045447203124999 0.6950854921875 0.696295153125 0.6881329765624999 0.6766115125 0.6767758453125 0.6570047546875 0.6678514171875001 0.6505588671875 0.6546375703125 0.650789515625 0.650290553125 0.654166225 0.64826104375 0.6641041484375 0.6574734640625 0.6870491734375 0.6665418890625 0.7017446328125 0.6754951171875 0.709840434375
1 0.6903217265625 0.8020049531250001 0.70116046875 0.7919132624999999 0.7137407296875 0.7553845140625 0.71365433125 0.7504347734375 0.7069322109375 0.7439504421875001 0.7024987968749999 0.7423774109375 0.6914872578125 0.7425696187499999 0.687140240625 0.745946328125 0.6657507500000001 0.7826288453125 0.6660387437499999 0.7991279812500001 0.6749343734375 0.8039239578125 0.6859459109375 0.8037317500000001 0.6903217265625 0.8020049531250001
1 0.61272256875 0.7736519562499999 0.6235901109374999 0.76521018125 0.6233885156250001 0.7536607859375 0.61672399375 0.75047628125 0.6035101468749999 0.7507069296875 0.5794575578125001 0.7610292671875001 0.5511443515625001 0.7796780578125 0.551317146875 0.7895775390625001 0.55801046875 0.79441195625 0.5734266234375001 0.794142865625 0.5778024390625001 0.7924160703124999 0.61272256875 0.7736519562499999
0 0.588393859375 0.3895295984375 0.5926832765625 0.3828530609375 0.590336971875 0.3746419328125 0.5836148515625 0.368157603125 0.568198696875 0.36842669375 0.56382288125 0.3701534890625 0.55733115625 0.37686846875 0.5575039515625 0.38676794999999997 0.5597638593750001 0.3900293375 0.5730641015625 0.3947484296875 0.5840468421875 0.3929063078125 0.588393859375 0.3895295984375
0 0.49380982500000004 0.39778223437500004 0.49818564062500004 0.3960554390625 0.5024750578125 0.3893789 0.5023886609375 0.3844291578125 0.4978400484375 0.3762564734375 0.48897321875 0.3731104125 0.4801639890625 0.373264178125 0.4735858640625 0.375029415625 0.46709413906249997 0.38174439375 0.46723813593749997 0.3899939625 0.4694980421875 0.3932553484375 0.4761913640625 0.398089765625 0.49380982500000004 0.39778223437500004
0 0.4207592796875 0.3776019234375 0.429568509375 0.3774481578125 0.43394432656250004 0.37572136093749997 0.44046485156250004 0.3706562953125 0.4447254703125 0.3623298453125 0.4446966703125 0.36067993125000003 0.4357722421875 0.3542340421875 0.4313388265625 0.3526610109375 0.4159226734375 0.35293009999999997 0.41154685625000004 0.3546568984375 0.40937334999999997 0.35634525156249997 0.40519912968750005 0.36962144375 0.41412355625 0.376067334375 0.4207592796875 0.3776019234375
0 0.5111860203124999 0.7622209515625 0.517648946875 0.753856059375 0.5130715359375 0.744033459375 0.5064070140625 0.74084895625 0.49319316718749995 0.7410796046875 0.484441534375 0.7445331984375 0.48015211718749995 0.7512097359375 0.48035371250000003 0.7627591312499999 0.4825848203125 0.7643706046875 0.4958562625 0.7674397828124999 0.5046654953124999 0.7672860171875 0.5111860203124999 0.7622209515625
0 0.36409219375 0.791195146875 0.355426959375 0.79959848125 0.35565735468750004 0.8127977906250001 0.364552984375 0.817593765625 0.38217144531249997 0.8172862343749999 0.390865478125 0.8105328140625 0.3906350828125 0.7973335031250001 0.3861440703125 0.7924606453124999 0.38171065625 0.790887615625 0.36409219375 0.791195146875
0 0.4154652546875 0.8315588359375001 0.41523485937500004 0.8183595265625 0.4129749546875 0.8150981406250001 0.40628163281249996 0.8102637234375001 0.39306778593749997 0.8104943718750001 0.3822002453125 0.818936146875 0.380055534375 0.822274415625 0.38022833125 0.8321738984374999 0.389152759375 0.8386197890625 0.406771221875 0.8383122578125001 0.4111470375 0.8365854593750001 0.4154652546875 0.8315588359375001
0 0.3473377125 0.8410000890625 0.3538870375 0.8375849375 0.35809005781250003 0.8259586593750001 0.3558013515625 0.8210473593750001 0.3468769234375 0.81460146875 0.3402412015625 0.8130668812499999 0.33143196875 0.8132206468750001 0.3227379375 0.8199740656250001 0.3206220265625 0.8249622484374999 0.3207948234375 0.83486173125 0.32305472968750004 0.8381231171874999 0.3297192515625 0.8413076203125 0.3473377125 0.8410000890625
0 0.4626064953125 0.881898890625 0.46243369999999995 0.8719994078125 0.4557403796875 0.8671649921875 0.442468934375 0.8640958124999999 0.43368850156249994 0.8658994921875 0.42499446875 0.8726529125000001 0.425167265625 0.8825523953125 0.4274271703125 0.8858137796875001 0.4363228 0.8906097562499999 0.451738953125 0.890340665625 0.45611477031250003 0.88861386875 0.4626064953125 0.881898890625