1 0.702084375 0.3020854171875 0.641146875 0.3020854171875 0.641146875 0.3458354171875 0.702084375 0.3458354171875 0.702084375 0.3020854171875
1 0.7187515624999999 0.33402916718750003 0.6640640624999999 0.33402916718750003 0.6640640624999999 0.3923625 0.7187515624999999 0.3923625 0.7187515624999999 0.33402916718750003
1 0.5395859375 0.49653125 0.49427343749999997 0.49653125 0.49427343749999997 0.5694479171875 0.5395859375 0.5694479171875 0.5395859375 0.49653125
1 0.658334375 0.56180625 0.628646875 0.56180625 0.628646875 0.64305625 0.658334375 0.64305625 0.658334375 0.56180625
1 0.43698125 0.29236249999999997 0.37916875 0.29236249999999997 0.37916875 0.3402791671875 0.43698125 0.3402791671875 0.43698125 0.29236249999999997
1 0.42708593749999996 0.2597229171875 0.36614843750000003 0.2597229171875 0.36614843750000003 0.29305625 0.42708593749999996 0.29305625 0.42708593749999996 0.2597229171875
1 0.6489609375 0.5250020828124999 0.5880234375 0.5250020828124999 0.5880234375 0.5625020828125 0.6489609375 0.5625020828125 0.6489609375 0.5250020828124999
1 0.5484390625 0.5750020828125 0.4875015625 0.5750020828125 0.4875015625 0.61041875 0.5484390625 0.61041875 0.5484390625 0.5750020828125
0 0.640146875 0.48894583281250004 0.612021875 0.48894583281250004 0.612021875 0.5264458328125 0.640146875 0.5264458328125 0.640146875 0.48894583281250004
0 0.6094390625 0.3160291671875 0.5813140625 0.3160291671875 0.5813140625 0.3535291671875 0.6094390625 0.3535291671875 0.6094390625 0.3160291671875
0 0.5844390625 0.30841875 0.5578765625 0.30841875 0.5578765625 0.3480020828125 0.5844390625 0.3480020828125 0.5844390625 0.30841875
0 0.5078765625 0.5278916671875 0.4813140625 0.5278916671875 0.4813140625 0.5653916671875 0.5078765625 0.5653916671875 0.5078765625 0.5278916671875
0 0.3839765625 0.59375 0.3588359375 0.59375 0.3588359375 0.6252500000000001 0.3839765625 0.6252500000000001 0.3839765625 0.59375
0 0.4620703125 0.6140729171875 0.4369296875 0.6140729171875 0.4369296875 0.64759375 0.4620703125 0.64759375 0.4620703125 0.6140729171875
0 0.596546875 0.5597083328125 0.570640625 0.5597083328125 0.570640625 0.59425 0.596546875 0.59425 0.596546875 0.5597083328125
0 0.7393828124999999 0.457625 0.7142421875 0.457625 0.7142421875 0.4926666671875 0.7393828124999999 0.4926666671875 0.7393828124999999 0.457625
1 0.3828125 0.2916666671875 0.4203125 0.28958333281250004 0.4234375 0.2854166671875 0.425 0.2791666671875 0.4234375 0.2708333328125 0.4171875 0.2645833328125 0.371875 0.2625 0.3671875 0.2666666671875 0.365625 0.27291666718749996 0.3671875 0.2833333328125 0.375 0.28958333281250004 0.3828125 0.2916666671875
1 0.4015625 0.3291666671875 0.4234375 0.3395833328125 0.4296875 0.3375 0.434375 0.33125 0.434375 0.32083333281250004 0.4328125 0.3166666671875 0.425 0.3104166671875 0.3953125 0.2958333328125 0.3828125 0.2958333328125 0.3796875 0.2979166671875 0.378125 0.3020833328125 0.378125 0.3104166671875 0.3828125 0.3166666671875 0.4015625 0.3291666671875
1 0.65625 0.34375 0.684375 0.33541666718749996 0.696875 0.3291666671875 0.7 0.325 0.7 0.3125 0.6984375 0.3083333328125 0.69375 0.30416666718749996 0.6859375 0.30416666718749996 0.65625 0.3145833328125 0.6453125 0.32083333281250004 0.6421875 0.325 0.6421875 0.3375 0.646875 0.34375 0.65625 0.34375
1 0.678125 0.3916666671875 0.7109375 0.3625 0.7171875 0.35208333281250004 0.7171875 0.34375 0.715625 0.3395833328125 0.7109375 0.33541666718749996 0.7046875 0.33541666718749996 0.68125 0.3541666671875 0.665625 0.3708333328125 0.6640625 0.3770833328125 0.665625 0.3875 0.6703125 0.3916666671875 0.678125 0.3916666671875
1 0.5203125 0.5645833328125 0.5234375 0.5666666671875 0.53125 0.5666666671875 0.5359375 0.5604166671875 0.5359375 0.55 0.5171875 0.5104166671875 0.50625 0.49791666718750005 0.4984375 0.5 0.4953125 0.5041666671875 0.49375 0.5083333328124999 0.4953125 0.5208333328125 0.5046875 0.5395833328124999 0.5203125 0.5645833328125
1 0.4984375 0.6041666671875 0.521875 0.6083333328125 0.540625 0.6083333328125 0.546875 0.5979166671875 0.5453125 0.5875 0.54375 0.5833333328125 0.540625 0.58125 0.50625 0.5770833328125 0.4953125 0.5770833328125 0.4921875 0.5791666671875 0.4890625 0.5833333328125 0.4890625 0.5958333328125 0.49375 0.6020833328124999 0.4984375 0.6041666671875
1 0.596875 0.5541666671875001 0.634375 0.5625 0.640625 0.5604166671875 0.6453125 0.5541666671875001 0.6453125 0.54375 0.64375 0.5395833328124999 0.6390625 0.5354166671875 0.609375 0.5270833328125 0.59375 0.5270833328125 0.5890625 0.53125 0.5875 0.5354166671875 0.5875 0.5458333328125 0.5921875 0.5520833328125 0.596875 0.5541666671875001
1 0.64375 0.6395833328125 0.653125 0.6395833328125 0.65625 0.6354166671875 0.65625 0.6125 0.65 0.5729166671875 0.6453125 0.5645833328125 0.640625 0.5625 0.6328125 0.5666666671875 0.6296875 0.575 0.6296875 0.5854166671875001 0.6375 0.63125 0.64375 0.6395833328125
0 0.365625 0.625 0.375 0.625 0.3796875 0.6208333328125 0.3828125 0.60625 0.38125 0.6 0.375 0.5916666671875 0.3671875 0.5916666671875 0.359375 0.6 0.3578125 0.6041666671875 0.3578125 0.6125 0.359375 0.6166666671875001 0.365625 0.625
0 0.4453125 0.6458333328125 0.4515625 0.6458333328125 0.4578125 0.6395833328125 0.459375 0.6354166671875 0.459375 0.6229166671875 0.4546875 0.6145833328125 0.446875 0.6125 0.4421875 0.6145833328125 0.4375 0.6208333328125 0.4359375 0.625 0.4359375 0.6333333328124999 0.4390625 0.6416666671875 0.4453125 0.6458333328125
0 0.496875 0.5625 0.5078125 0.5520833328125 0.5078125 0.5458333328125 0.496875 0.5270833328125 0.4890625 0.5291666671875 0.4828125 0.5375 0.48125 0.54375 0.4828125 0.5541666671875001 0.490625 0.5625 0.496875 0.5625
0 0.578125 0.5916666671875 0.5875 0.5916666671875 0.59375 0.5833333328125 0.59375 0.56875 0.5875 0.5604166671875 0.5828125 0.5583333328125 0.5765625 0.5604166671875 0.571875 0.5666666671875 0.5703125 0.5708333328124999 0.5703125 0.5791666671875 0.575 0.5895833328125 0.578125 0.5916666671875
0 0.6296875 0.525 0.634375 0.5229166671875001 0.6375 0.5166666671875 0.6375 0.5020833328125 0.6359375 0.49791666718750005 0.6265625 0.4916666671875 0.621875 0.4916666671875 0.61875 0.49375 0.6140625 0.5 0.6140625 0.5166666671875 0.621875 0.525 0.6296875 0.525
0 0.725 0.49375 0.734375 0.4916666671875 0.7359375 0.4875 0.7359375 0.46666666718750005 0.734375 0.4625 0.7328125 0.4604166671875 0.7265625 0.4583333328125 0.71875 0.4604166671875 0.7140625 0.46458333281249997 0.7125 0.47083333281249995 0.7125 0.48333333281249996 0.7140625 0.4875 0.725 0.49375
0 0.565625 0.34375 0.575 0.34375 0.5796875 0.3395833328125 0.5828125 0.3229166671875 0.5765625 0.3125 0.56875 0.3104166671875 0.5640625 0.3125 0.559375 0.31875 0.5578125 0.33125 0.559375 0.3375 0.5625 0.3416666671875 0.565625 0.34375
0 0.5953125 0.35208333281250004 0.6046875 0.3458333328125 0.60625 0.3416666671875 0.60625 0.3270833328125 0.603125 0.32083333281250004 0.6 0.31875 0.5890625 0.31875 0.584375 0.3229166671875 0.5828125 0.3270833328125 0.5828125 0.3416666671875 0.5859375 0.3479166671875 0.5953125 0.35208333281250004