1 0.38599177500000004 0.2837212921875 0.386979496875 0.3120059375 0.47096192031250006 0.30907320625 0.4699741984375 0.2807885625 0.38599177500000004 0.2837212921875
1 0.6609568609375 0.4115583703125 0.6630420499999999 0.4712704 0.7092323828125 0.4696573984375 0.7071471921875 0.40994536718749996 0.6609568609375 0.4115583703125
1 0.4559384203125 0.6012188843749999 0.4574748765625 0.6452172218750001 0.5288599359374999 0.6427244015625 0.5273234796875 0.5987260625 0.4559384203125 0.6012188843749999
1 0.7111965703124999 0.56455074375 0.713336634375 0.62583414375 0.746929603125 0.6246610515625 0.7447895390625 0.5633776515625 0.7111965703124999 0.56455074375
1 0.3998020953125 0.578066425 0.40172266562500003 0.6330643484375 0.46260992187500005 0.6309381187499999 0.460689353125 0.5759401953125 0.3998020953125 0.578066425
1 0.5631815437500001 0.41518829999999995 0.5642729765625 0.44644283281249997 0.641725765625 0.44373812187499995 0.6406343328124999 0.41248358906249993 0.5631815437500001 0.41518829999999995
1 0.5786189640625 0.393441325 0.5796225984375 0.42218166718749994 0.661127540625 0.41933545156249996 0.6601239046875 0.390595109375 0.5786189640625 0.393441325
1 0.5105016953125 0.3937983609375 0.512226915625 0.443202209375 0.5755496609375 0.4409909296875 0.5738244406249999 0.39158708125 0.5105016953125 0.3937983609375
0 0.428812990625 0.6198294 0.4297409 0.646401253125 0.46398473124999995 0.6452054328125 0.46305682187499997 0.6186335796875 0.428812990625 0.6198294
0 0.6202375875 0.4950775 0.6211166593749999 0.5202508359375 0.65785896875 0.518967765625 0.656979896875 0.4937944296875 0.6202375875 0.4950775
0 0.6348848953124999 0.432043640625 0.6358616421875001 0.4600140125 0.670105475 0.458818190625 0.669128728125 0.4308478203125 0.6348848953124999 0.432043640625
0 0.580417728125 0.44374724375 0.5813615515625 0.4707747953125 0.6174739921875 0.46951372031250005 0.61653016875 0.4424861703125 0.580417728125 0.44374724375
0 0.53221890625 0.4561680578125 0.5331138921874999 0.4817970890625 0.5686174609375 0.48055727656249997 0.567722475 0.4549282453125 0.53221890625 0.4561680578125
0 0.49337335156249995 0.46825438124999996 0.49426833593749997 0.49388341249999995 0.5285121687500001 0.492687590625 0.527617184375 0.46705856093750003 0.49337335156249995 0.46825438124999996
0 0.5043471796875 0.44359537187500003 0.505258628125 0.4696958140625 0.540762196875 0.468456003125 0.53985075 0.44235556093749995 0.5043471796875 0.44359537187500003
0 0.46757276875000003 0.4439591921875 0.46851659218749997 0.4709867421875 0.5077573796875 0.4696164234375 0.50681355625 0.44258887343750003 0.46757276875000003 0.4439591921875
1 0.7377154625 0.62542805625 0.7418597109375 0.62371005 0.7458942125 0.61884930625 0.7421484484375 0.5717815484375001 0.7356851453125001 0.5672873953125 0.7251324703125 0.566082615625 0.7168988484375001 0.571089996875 0.718599925 0.61980244375 0.722963665625 0.624369915625 0.727217659375 0.625794646875 0.7377154625 0.62542805625
1 0.5028390468749999 0.6414965484375 0.5070930421875001 0.64292128125 0.51969040625 0.642481371875 0.5258244671875001 0.637547309375 0.5254952265624999 0.62811909375 0.51472305625 0.6206288390625 0.4805264796875 0.60451686875 0.476272484375 0.6030921375 0.4615755609375 0.603605365625 0.4574861875 0.606894740625 0.45560612031250003 0.6132535359375 0.45787030156249997 0.617894325 0.5028390468749999 0.6414965484375
1 0.40344634687500003 0.6245147078125 0.41211895624999995 0.6320782796875 0.420517196875 0.63178500625 0.4246614453125 0.6300670015625001 0.43488488125 0.6218435640625 0.4591467609375 0.5942504671875 0.4588175203125 0.5848222515625 0.4502546578125 0.5804014171875 0.43975685468750003 0.5807680093750001 0.43561260625 0.582486015625 0.41936485625 0.598786253125 0.405271540625 0.6165845421875 0.40344634687500003 0.6245147078125
1 0.6838284812500001 0.466834715625 0.6881373484375 0.4698308171875 0.6965355921875 0.46953754375 0.7006798390625 0.46781953906249996 0.7068139015625 0.46288547500000005 0.7064846609375001 0.45345725937500003 0.6905256468750001 0.41782899531249995 0.6819627859375 0.41340816093750005 0.6714649828125 0.41377475312499995 0.6652760468750001 0.417137446875 0.663450853125 0.425067609375 0.6726721984374999 0.4483448765625 0.6838284812500001 0.466834715625
1 0.5873728125000001 0.41356474531250004 0.642290628125 0.4210866859375 0.650633996875 0.41922204374999994 0.65682293125 0.41585935156250003 0.6588127453125 0.41264329375 0.658538378125 0.40478644687500004 0.649975515625 0.4003656140625 0.60566525 0.39561981875 0.588868765625 0.396206365625 0.5826798296875 0.399569059375 0.580744890625 0.40435648593750007 0.5873728125000001 0.41356474531250004
1 0.6031123328125 0.4429075328125 0.6346606140625 0.443379128125 0.640794675 0.438445065625 0.640465434375 0.42901685 0.638256128125 0.4259474296875 0.627648578125 0.42317128281249994 0.58963699375 0.4182055359375 0.57074095 0.41886539999999994 0.5646068875 0.4237994625 0.56482638125 0.4300849390625 0.5713445562499999 0.43615046093750004 0.6031123328125 0.4429075328125
1 0.5295728375000001 0.44390230312499995 0.5337170859375 0.442184296875 0.5582533328125 0.42244804687500004 0.5724563953125 0.40779249531249995 0.5742815890624999 0.3998623328125 0.5677634140625 0.39379681093749996 0.55516605 0.3942367203125 0.51432718125 0.4287018390625 0.514656421875 0.4381300546875 0.5211197234375 0.4426242078125 0.5295728375000001 0.44390230312499995
1 0.3898233671875 0.29460048906249997 0.3901526078125 0.3040287046875 0.39451635 0.30859617500000003 0.40926814531250005 0.309654315625 0.4302088796875 0.3073497640625 0.46153766718749994 0.3015358828125 0.467671728125 0.2966018203125 0.46739736093750006 0.2887449734375 0.465188053125 0.2856755546875 0.4566800640625 0.2828260875 0.45248094375000003 0.282972725 0.40220123750000003 0.28787510156249996 0.39181318125 0.29138443125 0.3898233671875 0.29460048906249997
0 0.45250446875000006 0.64482755625 0.4566487140625 0.6431095515624999 0.464772590625 0.63495943125 0.46234378906250007 0.6256045343750001 0.45803492187500006 0.6226084328125 0.44322825000000005 0.619978921875 0.42676100625 0.6299936828125 0.4269256265625 0.634707790625 0.4377526703125 0.643769415625 0.442006665625 0.645194146875 0.45250446875000006 0.64482755625
0 0.473543184375 0.46473832656249997 0.48210604687499997 0.4691591625 0.494703409375 0.4687192515625 0.49884765781249996 0.46700124687500005 0.5049268453125 0.46049581406250006 0.5047073515625 0.4542103375 0.5002887375 0.44807149687500003 0.4917807484375 0.44522203125 0.48128294531250004 0.4455886234375 0.4771386984375 0.4473066296875 0.471059509375 0.45381206093750004 0.47133387656250003 0.46166890625 0.473543184375 0.46473832656249997
0 0.497516325 0.48907373437499996 0.5060791874999999 0.49349456875 0.5165769921875001 0.49312797656249996 0.5207212375 0.4914099703125 0.5268553 0.486475909375 0.5264711859375 0.4754763234375 0.524261878125 0.4724069046875 0.5114998953125001 0.46813270625000003 0.5052012125 0.4683526609375 0.501056965625 0.47007066562500005 0.49497777656249997 0.476576096875 0.4953070171875 0.4860043125 0.497516325 0.48907373437499996
0 0.5199530109375 0.4694108015625 0.5283512515625 0.46911752812499996 0.5324955 0.4673995234375 0.536584875 0.4641101484375 0.5405096281249999 0.456106665625 0.536036140625 0.44839645624999996 0.5191299093749999 0.4458402640625 0.5087967265625 0.4509209625 0.5068069125 0.45413701875 0.50702640625 0.46042249531249996 0.5156990171875 0.46798607031249995 0.5199530109375 0.4694108015625
0 0.5369689890625 0.47510973281249996 0.5455867249999999 0.48110193749999997 0.5581840890625 0.480662028125 0.562328334375 0.47894402031250005 0.5684075234375 0.4724385890625 0.5681331562499999 0.46458174375 0.5659238484375 0.4615123234375 0.56161498125 0.4585162203125 0.5552614265625 0.45716480625000006 0.5426640625 0.45760471718750007 0.5385746874999999 0.4608940921875 0.5345950609375001 0.4673262046875 0.5369689890625 0.47510973281249996
0 0.593547378125 0.4699874015625 0.6082443 0.46947417343750003 0.6143783625 0.46454011093750003 0.6163681765625 0.46132405312499997 0.6160389359375 0.45189583750000006 0.61167519375 0.4473283671875 0.5948238359375 0.44634354375 0.586535340625 0.44977955625000005 0.5846004 0.45456698281249996 0.584929640625 0.46399519843750003 0.5892933828125 0.4685626671875 0.593547378125 0.4699874015625
0 0.6330954156249999 0.5189514875000001 0.6415485328125 0.5202295828125 0.6498919015625 0.5183649421875 0.6580157765625 0.510214821875 0.6577962828125 0.5039293453125 0.6512781078125001 0.4978638234375 0.6427701171875 0.4950143578125 0.6364714359375 0.49523431249999994 0.6323271874999999 0.4969523171875 0.624148440625 0.50353106875 0.6244776812499999 0.5129592828125 0.6330954156249999 0.5189514875000001
0 0.664548321875 0.4564949953125 0.6705726375000001 0.44841819374999997 0.666044275 0.439136615625 0.6595809734375 0.4346424625 0.6448840484375 0.435155690625 0.6368150484374999 0.44487717812499994 0.6391889765625 0.4526607078125 0.649906271875 0.45857959218750005 0.660404075 0.4582130015625 0.664548321875 0.4564949953125