1 0.58991875 0.6204645828124999 0.52898125 0.6204645828124999 0.52898125 0.6662979171875001 0.58991875 0.6662979171875001 0.58991875 0.6204645828124999
1 0.678553125 0.37614166718750003 0.619178125 0.37614166718750003 0.619178125 0.42197500000000004 0.678553125 0.42197500000000004 0.678553125 0.37614166718750003
1 0.7184734374999999 0.4861895828125 0.6590984375 0.4861895828125 0.6590984375 0.5382729171875 0.7184734374999999 0.5382729171875 0.7184734374999999 0.4861895828125
1 0.46464218749999997 0.4382729171875 0.40526718749999996 0.4382729171875 0.40526718749999996 0.47160624999999995 0.46464218749999997 0.47160624999999995 0.46464218749999997 0.4382729171875
1 0.6173390624999999 0.42463125 0.5564015625 0.42463125 0.5564015625 0.46004791718750004 0.6173390624999999 0.46004791718750004 0.6173390624999999 0.42463125
1 0.49120468749999996 0.47614166718749995 0.43182968749999995 0.47614166718749995 0.43182968749999995 0.5198916671875 0.49120468749999996 0.5198916671875 0.49120468749999996 0.47614166718749995
1 0.59148125 0.3490583328125 0.53835625 0.3490583328125 0.53835625 0.4115583328125 0.59148125 0.4115583328125 0.59148125 0.3490583328125
1 0.51960625 0.415725 0.47116875 0.415725 0.47116875 0.48447500000000004 0.51960625 0.48447500000000004 0.51960625 0.415725
0 0.66721875 0.3343791671875 0.63753125 0.3343791671875 0.63753125 0.3718791671875 0.66721875 0.3718791671875 0.66721875 0.3343791671875
0 0.5585171875 0.3456291671875 0.5303921875000001 0.3456291671875 0.5303921875000001 0.3852125 0.5585171875 0.3852125 0.5585171875 0.3456291671875
0 0.5369937499999999 0.37640833281249997 0.50886875 0.37640833281249997 0.50886875 0.4159916671875 0.5369937499999999 0.4159916671875 0.5369937499999999 0.37640833281249997
0 0.41312499999999996 0.49776041718749997 0.38846875000000003 0.49776041718749997 0.38846875000000003 0.5315729171875 0.41312499999999996 0.5315729171875 0.41312499999999996 0.49776041718749997
0 0.5032890625 0.5583437499999999 0.4768671875 0.5583437499999999 0.4768671875 0.59403125 0.5032890625 0.59403125 0.5032890625 0.5583437499999999
0 0.6385234375 0.4855625 0.6128203125 0.4855625 0.6128203125 0.5203125 0.6385234375 0.5203125 0.6385234375 0.4855625
0 0.646625 0.44048958281250006 0.621625 0.44048958281250006 0.621625 0.47476041718750006 0.646625 0.47476041718750006 0.646625 0.44048958281250006
1 0.4140625 0.46875 0.440625 0.46875 0.453125 0.46666666718750005 0.4578125 0.46458333281249997 0.4625 0.4583333328125 0.4625 0.4458333328125 0.45625 0.43958333281249995 0.4328125 0.43958333281249995 0.4171875 0.44166666718750003 0.4109375 0.44375 0.40625 0.4479166671875 0.4046875 0.45208333281249996 0.4046875 0.4604166671875 0.409375 0.46666666718750005 0.4140625 0.46875
1 0.4421875 0.51875 0.45625 0.5145833328125 0.4859375 0.5 0.4875 0.49791666718750005 0.4875 0.48541666718750004 0.4859375 0.48125 0.4828125 0.4791666671875 0.471875 0.4791666671875 0.4515625 0.48541666718750004 0.4375 0.4916666671875 0.4328125 0.49583333281249997 0.43125 0.5 0.43125 0.5104166671875 0.4359375 0.5166666671875 0.4421875 0.51875
1 0.4890625 0.46458333281249997 0.5015625 0.48125 0.5046875 0.48333333281249996 0.5125 0.48333333281249996 0.5171875 0.475 0.5171875 0.46458333281249997 0.5140625 0.4583333328125 0.4859375 0.41875 0.478125 0.41875 0.4734375 0.425 0.4734375 0.4375 0.4765625 0.44375 0.4890625 0.46458333281249997
1 0.5515625 0.41041666718750003 0.58125 0.38333333281250004 0.5890625 0.3729166671875 0.5890625 0.3604166671875 0.58125 0.35208333281250004 0.575 0.3541666671875 0.5578125 0.36875 0.5421875 0.3875 0.5390625 0.3958333328125 0.5390625 0.40416666718750005 0.5453125 0.41041666718750003 0.5515625 0.41041666718750003
1 0.5671875 0.45416666718750004 0.584375 0.45625 0.6109375 0.45625 0.6140625 0.45 0.6140625 0.4375 0.6125 0.43333333281249997 0.60625 0.4291666671875 0.590625 0.4270833328125 0.5625 0.4270833328125 0.5578125 0.43125 0.55625 0.43541666718750005 0.55625 0.44375 0.5625 0.45208333281249996 0.5671875 0.45416666718750004
1 0.6296875 0.42083333281249996 0.665625 0.40625 0.675 0.4 0.6765625 0.3958333328125 0.6765625 0.38333333281250004 0.671875 0.3791666671875 0.6609375 0.3791666671875 0.6375 0.3875 0.621875 0.39791666718749996 0.6203125 0.40208333281249997 0.6203125 0.4125 0.625 0.41875 0.6296875 0.42083333281249996
1 0.675 0.5208333328125 0.7046875 0.5354166671875 0.7125 0.5333333328125 0.715625 0.5291666671875 0.715625 0.5166666671875 0.7109375 0.5104166671875 0.6921875 0.49791666718750005 0.6765625 0.4895833328125 0.665625 0.4895833328125 0.6609375 0.49583333281249997 0.659375 0.5041666671875 0.6609375 0.5083333328124999 0.665625 0.5145833328125 0.675 0.5208333328125
1 0.5734375 0.6645833328124999 0.58125 0.6645833328124999 0.584375 0.6625 0.5875 0.65625 0.5875 0.64375 0.5828125 0.6375 0.54375 0.6229166671875 0.5375 0.6229166671875 0.534375 0.625 0.53125 0.6291666671875 0.53125 0.6416666671875 0.5390625 0.65 0.5734375 0.6645833328124999
0 0.3953125 0.53125 0.4046875 0.53125 0.4078125 0.5291666671875 0.4125 0.5208333328125 0.4125 0.5104166671875 0.409375 0.5020833328125 0.403125 0.49791666718750005 0.3984375 0.49791666718750005 0.3921875 0.5020833328125 0.3890625 0.5083333328124999 0.3890625 0.5208333328125 0.390625 0.5270833328125 0.3953125 0.53125
0 0.4859375 0.5916666671875 0.49375 0.5916666671875 0.4984375 0.5875 0.5015625 0.5791666671875 0.5015625 0.5729166671875 0.496875 0.5604166671875 0.49375 0.5583333328125 0.484375 0.5583333328125 0.478125 0.5645833328125 0.4765625 0.5708333328124999 0.4765625 0.5791666671875 0.4796875 0.5875 0.4859375 0.5916666671875
0 0.53125 0.40625 0.534375 0.3958333328125 0.534375 0.3916666671875 0.528125 0.38125 0.5203125 0.3791666671875 0.5140625 0.38333333281250004 0.5109375 0.3875 0.509375 0.4 0.515625 0.41041666718750003 0.525 0.4125 0.53125 0.40625
0 0.5359375 0.3791666671875 0.54375 0.38333333281250004 0.5546875 0.3729166671875 0.55625 0.36875 0.55625 0.3604166671875 0.5515625 0.35208333281250004 0.5484375 0.35 0.5390625 0.35 0.534375 0.3541666671875 0.53125 0.3625 0.53125 0.36875 0.5328125 0.375 0.5359375 0.3791666671875
0 0.6203125 0.51875 0.6296875 0.51875 0.6359375 0.5125 0.6375 0.5 0.634375 0.4916666671875 0.63125 0.4875 0.61875 0.4875 0.6140625 0.49375 0.6125 0.49791666718750005 0.6125 0.5083333328124999 0.6171875 0.5166666671875 0.6203125 0.51875
0 0.63125 0.475 0.6375 0.475 0.640625 0.47291666718750003 0.6453125 0.46458333281249997 0.6453125 0.45208333281249996 0.64375 0.4479166671875 0.6390625 0.44375 0.6265625 0.44375 0.621875 0.45208333281249996 0.6203125 0.4604166671875 0.621875 0.46666666718750005 0.6265625 0.47291666718750003 0.63125 0.475
0 0.6625 0.3645833328125 0.6640625 0.3604166671875 0.6640625 0.3479166671875 0.6578125 0.3375 0.6484375 0.3375 0.640625 0.3458333328125 0.6390625 0.3583333328125 0.6453125 0.36875 0.653125 0.3708333328125 0.6625 0.3645833328125