1 0.32470981718749997 0.38977958125 0.379540175 0.3907366484375 0.38066856250000003 0.32609132343749997 0.32583820625 0.32513425625000003 0.32470981718749997 0.38977958125
1 0.2928151625 0.3026924375 0.3557088078125 0.30379025 0.356385840625 0.26500305625 0.2934921953125 0.2639052421875 0.2928151625 0.3026924375
1 0.434407015625 0.37629545468750003 0.49568800468749996 0.37736511875 0.49640265 0.33642308125 0.4351216625 0.3353534171875 0.434407015625 0.37629545468750003
1 0.3537969359375 0.5584163531249999 0.389275403125 0.5590356328125 0.3907046953125 0.47715155468750003 0.355226228125 0.476532275 0.3537969359375 0.5584163531249999
1 0.375203965625 0.6391578578125 0.4380976125 0.6402556703125 0.4387370328125 0.6036233203125 0.3758433859375 0.60252550625 0.375203965625 0.6391578578125
1 0.3600064703125 0.66475859375 0.42290011562499996 0.66585640625 0.423464309375 0.6335337437499999 0.360570665625 0.6324359312500001 0.3600064703125 0.66475859375
1 0.51115409375 0.33637664218749996 0.570822425 0.33741815625 0.571649909375 0.290011584375 0.511981578125 0.2889700703125 0.51115409375 0.33637664218749996
0 0.330476484375 0.587571984375 0.3595043203125 0.5880786671875 0.360218965625 0.5471366296875 0.3311911296875 0.546629946875 0.330476484375 0.587571984375
0 0.44757838593750005 0.41409358437500005 0.474993565625 0.41457211875000005 0.47567059843750004 0.37578492343750003 0.44825541874999997 0.3753063890625 0.44757838593750005 0.41409358437500005
0 0.38265940781249996 0.39492965625 0.4100745859375 0.39540818906249997 0.41075161875 0.3566209953125 0.383336440625 0.3561424609375 0.38265940781249996 0.39492965625
0 0.39026799687499997 0.44542573750000003 0.420908490625 0.44596057031249997 0.4215855234375 0.407173375 0.3909450296875 0.40663854375 0.39026799687499997 0.44542573750000003
1 0.5022908640625 0.39370913750000003 0.5413816828125 0.3943914703125 0.5426906140625001 0.31940289375 0.5035997953125 0.3187205609375 0.5022908640625 0.39370913750000003
0 0.548104540625 0.48426386718750003 0.574326353125 0.4847215703125 0.5749379390625 0.4496838046875 0.5487161281249999 0.4492261015625 0.548104540625 0.48426386718750003
0 0.41318962968750006 0.4112084953125 0.43665379687500006 0.4116180640625 0.43726538281250005 0.3765802984375 0.4138012171875 0.3761707296875 0.41318962968750006 0.4112084953125
0 0.40544499375000004 0.3803358734375 0.43211835 0.38080145781249997 0.43274046874999994 0.3451603359375 0.4060671109375 0.34469475 0.40544499375000004 0.3803358734375
1 0.5641395703125001 0.33730150625 0.570703040625 0.3309495703125 0.5709287187500001 0.31802050625 0.5677786296875 0.31365451875 0.5454271015625001 0.3003313671875 0.5278007062500001 0.2935571953125 0.51973741875 0.29341645 0.5164744906250001 0.2955149953125 0.5147866062500001 0.2997965359375 0.514560928125 0.3127256 0.5176734062499999 0.31924643124999996 0.5560762828125 0.33716076250000004 0.5641395703125001 0.33730150625
1 0.532521140625 0.3927926234375 0.5373967265624999 0.390722225 0.54069726875 0.38646883593750003 0.542460378125 0.3778776078125 0.5394607390624999 0.3648922453125 0.524011196875 0.32582355937499996 0.5208611078125001 0.3214575734375 0.514485703125 0.3170352890625 0.5096101171874999 0.3191056859375 0.50465930625 0.325485771875 0.504471240625 0.33625999218749997 0.5198079453125 0.381793209375 0.524495465625 0.39049703281250003 0.532521140625 0.3927926234375
1 0.4942311015625 0.3684137609375 0.4944567796875 0.35548469531250004 0.48973164531249996 0.34893571562500003 0.4721052515625 0.34216154374999996 0.443152640625 0.337345171875 0.43823944062500003 0.3415704140625 0.4365515578125 0.345851953125 0.43636349374999994 0.35662617343749997 0.441088628125 0.363175153125 0.46512804062499996 0.37221676718749996 0.48766763125 0.374765696875 0.4942311015625 0.3684137609375
1 0.3766951640625 0.355584659375 0.3800333171875 0.349176425 0.3786463375 0.3362192109375 0.3706958890625 0.3296139328125 0.367470575 0.329557634375 0.35768178906250003 0.33585327343750004 0.33799138125 0.35490908125 0.32808975937499996 0.367669253125 0.32782646875 0.3827531625 0.3325892140625 0.387147296875 0.340652503125 0.3872880421875 0.3766951640625 0.355584659375
1 0.3551711203125 0.2948549359375 0.3554344109375 0.2797710265625 0.3538969796875 0.27543318906250003 0.3491342328125 0.2710390546875 0.3394958984375 0.268715315625 0.2991794609375 0.2680115890625 0.29587892031249996 0.27226497968749996 0.2956156296875 0.2873488890625 0.3019534203125 0.29392601875 0.34376967812500003 0.3011224265625 0.350257921875 0.2990801765625 0.3551711203125 0.2948549359375
1 0.3828731046875 0.5561540609375 0.3878239171875 0.549773975 0.3880119828125 0.53899975625 0.38208793124999996 0.508719340625 0.37605104375 0.484903459375 0.3729009546875 0.48053747187500007 0.36487528125 0.4782418828125 0.356699153125 0.4845656703125 0.35639824999999997 0.5018044234375 0.3669345953125 0.5450983515625001 0.371584503125 0.5559570171875 0.37799751875 0.558224459375 0.3828731046875 0.5561540609375
1 0.429823540625 0.6388826109375 0.4363870109375 0.632530675 0.4381877328125 0.621784603125 0.43665030156249995 0.617446765625 0.4303125078125 0.6108696375 0.399747240625 0.6060251171875 0.38523332187500003 0.605771775 0.378669853125 0.6121237109375001 0.37840656250000004 0.627207621875 0.3815566515625 0.63157360625 0.3863570125 0.6338129 0.4201099828125 0.6408685609375 0.429823540625 0.6388826109375
1 0.42145934843750005 0.65598061875 0.42164741406250006 0.6452063984375 0.418497325 0.6408404125 0.4153096234375 0.63862926875 0.3863570125 0.6338129 0.3702304359375 0.633531409375 0.362016696875 0.6420100390625 0.3617910203125 0.6549391046874999 0.3697038546875 0.663699228125 0.4148582671875 0.6644874 0.41977146562499995 0.660262159375 0.42145934843750005 0.65598061875
0 0.5763214875 0.47115518593749994 0.57489689375 0.460352815625 0.5702093734375 0.45164899218750004 0.5573081125 0.4514238 0.5506694171875 0.462085425 0.550518965625 0.47070480156250005 0.552018784375 0.47719748281249996 0.558356575 0.4837746125 0.5664198640625 0.48391535625 0.5696827921875001 0.48181681093749995 0.5763214875 0.47115518593749994
0 0.47093925 0.40896171406250004 0.474239790625 0.4047083234375 0.4760029 0.39611709375 0.4745783078125 0.385314725 0.4698155609375 0.3809205890625 0.4634025421875 0.37865315 0.4553016421875 0.3806672484375 0.45027560468749994 0.391357021875 0.450162765625 0.3978215546875 0.45323762968750003 0.4064972296875 0.45800037656250003 0.41089136562500006 0.46767632187499997 0.411060259375 0.47093925 0.40896171406250004
0 0.43129984375 0.369470790625 0.433062953125 0.3608795640625 0.43160074687499994 0.3522320390625 0.42368791093749997 0.343471915625 0.41723728125 0.3433593203125 0.41397435156249995 0.3454578671875 0.40902354062499996 0.351837953125 0.40729804375 0.3582743359375 0.41029768125 0.3712596984375 0.4166354734375 0.377836828125 0.42634903125 0.3758508765625 0.43129984375 0.369470790625
0 0.4322354671875 0.40828613750000003 0.437148665625 0.4040608953125 0.43883655 0.39977935468750003 0.44056204687499995 0.393342971875 0.4390622265625 0.386850290625 0.43437470625 0.3781464671875 0.4311870046875 0.37593532343749997 0.424736375 0.375822728125 0.41656024843750006 0.382146515625 0.41487236562499996 0.38642805468749997 0.4146466875 0.39935712031250004 0.4193342078125 0.40806094374999996 0.42735988281250004 0.41035653281249995 0.4322354671875 0.40828613750000003
0 0.41026006875 0.37341454218750003 0.40876025 0.3669218609375 0.4008474140625 0.358161740625 0.39113385625 0.3601476890625 0.38614543125 0.36868261874999997 0.385919753125 0.3816116828125 0.387457184375 0.38594952031249996 0.393794978125 0.39252665000000003 0.403470921875 0.39269554375000004 0.41010961718749994 0.38203391875000003 0.41026006875 0.37341454218750003
0 0.41393204062500005 0.440299159375 0.41723258281250003 0.43604576875 0.418958078125 0.42960938593750003 0.4191085296875 0.420990009375 0.41757109843749995 0.41665217187500003 0.414421009375 0.412286184375 0.40804560468749995 0.40786390156249996 0.4048202890625 0.40780760312500003 0.3982944328125 0.41200469375 0.3949562796875 0.41841292812499997 0.3946553765625 0.4356516828125 0.4009931671875 0.4422288109375 0.41066911250000004 0.44239770468749995 0.41393204062500005 0.440299159375
0 0.358344725 0.5751254234375 0.3600326078125 0.570843884375 0.358608015625 0.5600415140624999 0.3523078375 0.5513095421875 0.3426318921875 0.5511406484375 0.33606842187499997 0.557492584375 0.33434292499999996 0.5639289671875 0.3341924734375 0.5725483437500001 0.340455040625 0.5834351609375 0.34686805781249996 0.5857026000000001 0.3517436421875 0.5836322046875 0.358344725 0.5751254234375