1 0.39163977656250004 0.6682003140624999 0.45494182031249997 0.6670953734375 0.45411075468749995 0.6194835765625 0.390808709375 0.62058851875 0.39163977656250004 0.6682003140624999
1 0.2951359859375 0.41600413437499995 0.3568149015625 0.41492752499999996 0.35598383437500003 0.36731573125 0.29430491875000003 0.368392340625 0.2951359859375 0.41600413437499995
1 0.255775409375 0.5375385859375 0.3174543265625 0.5364619765625 0.3165099328125 0.48235766562500004 0.254831015625 0.483434275 0.255775409375 0.5375385859375
1 0.5182471984375 0.4636825046875 0.5799261140625 0.46260589531249996 0.5793217015625001 0.42797913593750003 0.5176427859375 0.4290557453125 0.5182471984375 0.4636825046875
1 0.3594156765625 0.4544444328125 0.42271772187499995 0.453339490625 0.42207553437499995 0.4165485578125 0.35877348750000004 0.41765349843750005 0.3594156765625 0.4544444328125
1 0.49152952812499995 0.514323171875 0.5532084453125 0.5132465625 0.552415153125 0.46779893906250003 0.4907362359375 0.4688755484375 0.49152952812499995 0.514323171875
1 0.3853976140625 0.403604453125 0.4405840125 0.4026411703125 0.4394507390625 0.337715996875 0.38426434062500003 0.338679278125 0.3853976140625 0.403604453125
1 0.46138371562499997 0.4780472265625 0.511700728125 0.47716894062500004 0.510454128125 0.40575124687499997 0.460137115625 0.40662953437500005 0.46138371562499997 0.4780472265625
0 0.306001809375 0.3637589234375 0.33684126718749996 0.36322061875 0.33616130312500003 0.32426551406250004 0.3053218453125 0.32480381875000003 0.306001809375 0.3637589234375
0 0.4191630625 0.3756386109375 0.448379390625 0.3751286390625 0.44766165 0.3340093609375 0.41844532343749996 0.33451933437500003 0.4191630625 0.3756386109375
0 0.44207976875000005 0.407221825 0.471296096875 0.4067118515625 0.47057835781249996 0.36559257500000003 0.441362028125 0.3661025484375 0.44207976875000005 0.407221825
0 0.572850734375 0.5250419171875 0.5984637171875 0.5245948406250001 0.597850615625 0.48947032031250004 0.5722376328125 0.489917396875 0.572850734375 0.5250419171875
0 0.480320571875 0.591558696875 0.5077676890625 0.5910796046875 0.507120590625 0.55400733125 0.4796734734375 0.554486421875 0.480320571875 0.591558696875
0 0.3385020296875 0.517431571875 0.36520250781249997 0.5169655140625 0.3645724078125 0.48086711718749997 0.3378719296875 0.48133317499999995 0.3385020296875 0.517431571875
0 0.3292601359375 0.4702588421875 0.3552302046875 0.46980553281250004 0.35460879375 0.43420489531250006 0.328638725 0.434658203125 0.3292601359375 0.4702588421875
1 0.5431445296875 0.4602799359375 0.5707377296875 0.45979829375000003 0.575569340625 0.45754912656249996 0.5803254015625 0.45097161406249997 0.5801742984375 0.4423149234375 0.5784756171875001 0.438014909375 0.573530678125 0.43377156093749997 0.5670003859375 0.43172071562500003 0.550731315625 0.4298398625 0.526384375 0.4302648390625 0.5200051859375 0.436870684375 0.5202318406249999 0.44985571875 0.5252145546875 0.45626324062499996 0.53012171875 0.45834241875000004 0.5431445296875 0.4602799359375
1 0.527744303125 0.50817505 0.54242801875 0.51224840625 0.548882759375 0.5099709078125 0.5536388203125 0.5033933953124999 0.5534499421875 0.4925725328125 0.5517512609375 0.48827251875 0.546806321875 0.48402916874999996 0.5320848296875 0.47779163750000003 0.5108708203125001 0.471667434375 0.499508915625 0.47186575781249995 0.49630043281249997 0.47408659374999995 0.49475285468749997 0.4784432703125 0.49497950937499996 0.4914283046875 0.49664041406250004 0.493564146875 0.527744303125 0.50817505
1 0.50535924375 0.434961496875 0.508492175 0.428412315625 0.5082655203125 0.41542728125000006 0.50328280625 0.409019759375 0.49516715937500005 0.40916141875 0.46666856875 0.45079066875 0.4635356375 0.45733985 0.46372451718749996 0.4681607125 0.4687450078125 0.47673240781250004 0.47686065468749994 0.4765907484375 0.48006913906250004 0.47436991093750003 0.49275196718750003 0.4568298765625 0.50535924375 0.434961496875
1 0.4397163296875 0.39497549374999996 0.4395652265625 0.3863188046875 0.436167865625 0.37771877656249997 0.41959658906249997 0.35852454375 0.40147773593749997 0.34368698593749997 0.3949474421875 0.3416361390625 0.3869828984375 0.3504344890625 0.387209553125 0.3634195234375 0.39551407968749996 0.3740987265625 0.42684462187500005 0.401694665625 0.43333713906250004 0.40158133749999997 0.4397163296875 0.39497549374999996
1 0.41140662031249997 0.44742560625000005 0.41623823125000003 0.44517643749999997 0.4225796453125 0.43640642031250004 0.4224285421875 0.42774973125000004 0.4207298625 0.42344971718749996 0.415784921875 0.41920636718750004 0.38656859374999997 0.41971634062499996 0.3703750765625 0.4221638328125 0.36395811093749997 0.42660550468749997 0.3624105328125 0.43096218124999996 0.36263718749999996 0.44394721718749997 0.3659967734375 0.45038307031249997 0.393589971875 0.4499014296875 0.41140662031249997 0.44742560625000005
1 0.35070864375 0.41168295156249995 0.35546470625 0.40510543906249996 0.3552758265625 0.3942845765625 0.353577146875 0.3899845625 0.337156971875 0.37944701875 0.31265892968750003 0.3712153046875 0.3012970234375 0.371413628125 0.29650318593749997 0.37582696875 0.29672984062499996 0.3888120046875 0.298428521875 0.3931120171875 0.308280625 0.3994345453125 0.34587703125 0.41393211875 0.35070864375 0.41168295156249995
1 0.3006195171875 0.5186340234375 0.31024496562500004 0.5119715140625 0.315001028125 0.505394 0.3165486046875 0.501037325 0.31477437343750003 0.492408965625 0.30979165625 0.48600144375000004 0.29842975156249996 0.48619976718749996 0.2823495609375 0.495139775 0.26309866249999997 0.5084647921875 0.2583426015625 0.5150423046875 0.25856925625 0.5280273390625 0.2618910671875 0.532299021875 0.2700444890625 0.534321534375 0.3006195171875 0.5186340234375
1 0.444173871875 0.6503478484375 0.4521384140625 0.6415494984375 0.45191176093749996 0.6285644640625 0.44858995 0.6242927828125 0.445305915625 0.622185275 0.438813396875 0.6222986015624999 0.39849959375 0.6381561046875001 0.39374353281249996 0.6447336171875 0.3939701875 0.657718653125 0.3973297734375 0.6641545062499999 0.40061380937499996 0.6662620140625 0.40872945468750005 0.66612035625 0.444173871875 0.6503478484375
0 0.5961423906250001 0.519970146875 0.5976521921875 0.5134492984375 0.5974255375 0.5004642625 0.5940659515625 0.4940284078125 0.5874978828125 0.489813390625 0.5826284953124999 0.4898983859375 0.5762115296875 0.494340059375 0.5731163734375 0.5030534125 0.573305253125 0.5138742749999999 0.57832574375 0.5224459687499999 0.581609778125 0.5245534796875 0.5913485546875 0.5243834875 0.5961423906250001 0.519970146875
0 0.5047195140625 0.5843460640625 0.50781466875 0.575632709375 0.5076635656249999 0.5669760203124999 0.505927109375 0.560511834375 0.499321265625 0.5541326453125001 0.48958248906249996 0.5543026359375001 0.48637400625 0.5565234718750001 0.4817312734375 0.5695935015625 0.48184459999999996 0.57608601875 0.48524196249999996 0.5846860453125 0.49018690156250005 0.5889293953125 0.4983025484375 0.5887877359375 0.5047195140625 0.5843460640625
0 0.4704802359375 0.39010884375 0.46863045156250005 0.377152140625 0.4653086421875 0.37288045937500003 0.4587405734375 0.368665440625 0.4506627015625 0.3709712734375 0.4443590640625 0.3819054625 0.444434615625 0.3862338078125 0.447869753125 0.3969980078125 0.45447559687499994 0.403377196875 0.46417659687499996 0.40104303281250003 0.4704802359375 0.39010884375
0 0.4456799875 0.3645637515625 0.44718978906249995 0.3580429015625 0.44707646093750003 0.3515503828125 0.44367910000000005 0.3429503578125 0.43873416093750006 0.33870700781249996 0.42899538281250005 0.3388769984375 0.4257869 0.341097834375 0.42106861562500003 0.3498395203125 0.42121971875 0.3584962109375 0.4229183984375 0.3627962234375 0.43446918281249997 0.3734187640625 0.4425092796875 0.368948759375 0.4456799875 0.3645637515625
0 0.36531803749999997 0.5045157140625001 0.365129159375 0.4936948515625 0.363430478125 0.4893948390625 0.3584477625 0.4829873171875 0.3454627265625 0.483213971875 0.3422920203125 0.48759897968750004 0.3391968640625 0.49631233437500005 0.3410466484375 0.5092690359375001 0.3476524921875 0.5156482265625 0.3573912703125 0.5154782359375 0.360599753125 0.5132574 0.36531803749999997 0.5045157140625001
0 0.350067684375 0.46797976874999997 0.354823746875 0.46140225625 0.3563335484375 0.45488140625 0.354559315625 0.44625304843749997 0.3495388234375 0.437681353125 0.3365537890625 0.4379080078125 0.331759953125 0.44232134843750004 0.330212375 0.44667802500000003 0.3304390296875 0.45966305937499996 0.33545952031250004 0.46823475468750003 0.3387435546875 0.4703422625 0.345236071875 0.47022893593750004 0.350067684375 0.46797976874999997
0 0.33315519843749997 0.33622023125 0.3248884484375 0.3277052015625 0.3151496734375 0.3278751921875 0.3088460328125 0.3388093828125 0.3090726875 0.3517944171875 0.3107713703125 0.35609443125 0.32062347343750003 0.36241695625000003 0.32870134375000004 0.3601111265625 0.3350049828125 0.3491769359375 0.33315519843749997 0.33622023125