1 0.7328125 0.5375 0.678125 0.5375 0.678125 0.5979166671875 0.7328125 0.5979166671875 0.7328125 0.5375
1 0.8613031250000001 0.490225 0.803490625 0.490225 0.803490625 0.5506416671875 0.8613031250000001 0.5506416671875 0.8613031250000001 0.490225
1 0.8587765624999999 0.3492020828125 0.8306515624999999 0.3492020828125 0.8306515624999999 0.43253541718750005 0.8587765624999999 0.43253541718750005 0.8587765624999999 0.3492020828125
1 0.426928125 0.2636291671875 0.365990625 0.2636291671875 0.365990625 0.2948791671875 0.426928125 0.2948791671875 0.426928125 0.2636291671875
1 0.4171875 0.5381416671875 0.371875 0.5381416671875 0.371875 0.608975 0.4171875 0.608975 0.4171875 0.5381416671875
1 0.825 0.3048083328125 0.7671875 0.3048083328125 0.7671875 0.3735583328125 0.825 0.3735583328125 0.825 0.3048083328125
0 0.6671015625 0.33464583281250004 0.6389765625 0.33464583281250004 0.6389765625 0.3742291671875 0.6671015625 0.3742291671875 0.6671015625 0.33464583281250004
0 0.67696875 0.5471458328125001 0.64728125 0.5471458328125001 0.64728125 0.5867291671875 0.67696875 0.5867291671875 0.67696875 0.5471458328125001
1 0.3778828125 0.413875 0.3557109375 0.413875 0.3557109375 0.49420833281250004 0.3778828125 0.49420833281250004 0.3778828125 0.413875
1 0.41452343750000004 0.3804583328125 0.3557265625 0.3804583328125 0.3557265625 0.4337916671875 0.41452343750000004 0.4337916671875 0.41452343750000004 0.3804583328125
0 0.3828828125 0.5413541671875 0.3568046875 0.5413541671875 0.3568046875 0.5774375 0.3828828125 0.5774375 0.3828828125 0.5413541671875
0 0.499515625 0.347125 0.474421875 0.347125 0.474421875 0.38125 0.499515625 0.38125 0.499515625 0.347125
0 0.562515625 0.3333333328125 0.535453125 0.3333333328125 0.535453125 0.3700833328125 0.562515625 0.3700833328125 0.562515625 0.3333333328125
0 0.52265625 0.49936458281249996 0.4975625 0.49936458281249996 0.4975625 0.5341354171875 0.52265625 0.5341354171875 0.52265625 0.49936458281249996
0 0.5935234375 0.4488333328125 0.5669453125 0.4488333328125 0.5669453125 0.48491666718750004 0.5935234375 0.48491666718750004 0.5935234375 0.4488333328125
0 0.5925390625 0.5177291671875001 0.5659609375 0.5177291671875001 0.5659609375 0.5544791671875 0.5925390625 0.5544791671875 0.5925390625 0.5177291671875001
1 0.81875 0.3375 0.825 0.3270833328125 0.825 0.31875 0.8203125 0.3104166671875 0.809375 0.3104166671875 0.79375 0.3229166671875 0.7734375 0.3458333328125 0.7703125 0.35208333281250004 0.7703125 0.36875 0.7796875 0.3729166671875 0.81875 0.3375
1 0.8359375 0.4291666671875 0.846875 0.43125 0.853125 0.425 0.8546875 0.41875 0.85625 0.40208333281249997 0.85625 0.3625 0.8546875 0.35625 0.8515625 0.35208333281250004 0.8453125 0.35 0.840625 0.35208333281250004 0.834375 0.3625 0.8328125 0.38125 0.83125 0.40208333281249997 0.83125 0.41875 0.8328125 0.425 0.8359375 0.4291666671875
1 0.8234375 0.5333333328125 0.84375 0.5479166671875 0.853125 0.5479166671875 0.8578125 0.5416666671875 0.859375 0.5375 0.8578125 0.5270833328125 0.853125 0.5208333328125 0.8375 0.5083333328124999 0.815625 0.49375 0.809375 0.49375 0.803125 0.5 0.8015625 0.50625 0.803125 0.5125 0.8109375 0.5229166671875001 0.8234375 0.5333333328125
1 0.7203125 0.5979166671875 0.7296875 0.59375 0.7328125 0.5854166671875001 0.73125 0.5770833328125 0.7203125 0.5645833328125 0.6921875 0.5416666671875 0.684375 0.5416666671875 0.6796875 0.5479166671875 0.678125 0.5541666671875001 0.6796875 0.5604166671875 0.7 0.5833333328125 0.7203125 0.5979166671875
1 0.3625 0.4916666671875 0.3703125 0.4916666671875 0.3734375 0.4895833328125 0.375 0.48541666718750004 0.3765625 0.47291666718750003 0.3765625 0.4270833328125 0.371875 0.4145833328125 0.365625 0.4125 0.3625 0.4145833328125 0.35625 0.42291666718750004 0.35625 0.48125 0.359375 0.4895833328125 0.3625 0.4916666671875
1 0.3875 0.6083333328125 0.4125 0.5666666671875 0.415625 0.5583333328125 0.415625 0.55 0.4140625 0.5458333328125 0.4109375 0.5416666671875 0.4015625 0.5416666671875 0.3984375 0.54375 0.3765625 0.5833333328125 0.3734375 0.5916666671875 0.3734375 0.6020833328124999 0.3796875 0.6083333328125 0.3875 0.6083333328125
1 0.3984375 0.4291666671875 0.40625 0.4291666671875 0.4109375 0.425 0.4125 0.4145833328125 0.40625 0.40416666718750005 0.371875 0.38333333281250004 0.3625 0.38333333281250004 0.3578125 0.3895833328125 0.3578125 0.40208333281249997 0.3703125 0.4166666671875 0.3984375 0.4291666671875
1 0.4171875 0.2916666671875 0.4234375 0.2854166671875 0.4234375 0.27291666718749996 0.41875 0.2666666671875 0.4109375 0.2645833328125 0.36875 0.2645833328125 0.365625 0.2708333328125 0.365625 0.2833333328125 0.3734375 0.2916666671875 0.4171875 0.2916666671875
0 0.375 0.5770833328125 0.38125 0.5666666671875 0.38125 0.55625 0.3796875 0.5520833328125 0.3734375 0.54375 0.365625 0.54375 0.359375 0.55 0.3578125 0.5541666671875001 0.3578125 0.5666666671875 0.365625 0.5770833328125 0.375 0.5770833328125
0 0.5015625 0.53125 0.5046875 0.5333333328125 0.5125 0.5333333328125 0.5171875 0.5291666671875 0.5203125 0.5208333328125 0.5203125 0.5125 0.5171875 0.5041666671875 0.5125 0.5 0.5046875 0.5 0.496875 0.5083333328124999 0.4953125 0.5125 0.4953125 0.51875 0.496875 0.525 0.5015625 0.53125
0 0.571875 0.5520833328125 0.578125 0.5541666671875001 0.5875 0.55 0.590625 0.54375 0.590625 0.53125 0.5890625 0.5270833328125 0.5828125 0.5208333328125 0.575 0.5208333328125 0.571875 0.5229166671875001 0.5671875 0.5291666671875 0.5671875 0.54375 0.56875 0.5479166671875 0.571875 0.5520833328125
0 0.6578125 0.5833333328125 0.665625 0.5833333328125 0.671875 0.5770833328125 0.6734375 0.5729166671875 0.6734375 0.5604166671875 0.6703125 0.5541666671875001 0.6640625 0.55 0.6578125 0.55 0.653125 0.5520833328125 0.65 0.55625 0.6484375 0.5604166671875 0.6484375 0.5729166671875 0.653125 0.58125 0.6578125 0.5833333328125
0 0.575 0.48333333281249996 0.584375 0.48333333281249996 0.5875 0.48125 0.5921875 0.47291666718750003 0.5921875 0.46458333281249997 0.590625 0.4583333328125 0.5828125 0.45 0.5765625 0.45 0.56875 0.4583333328125 0.5671875 0.4625 0.5671875 0.47083333281249995 0.56875 0.4770833328125 0.575 0.48333333281249996
0 0.490625 0.3791666671875 0.496875 0.3729166671875 0.4984375 0.3625 0.49375 0.35 0.490625 0.3479166671875 0.48125 0.3479166671875 0.475 0.3541666671875 0.4734375 0.3604166671875 0.475 0.3729166671875 0.4796875 0.3791666671875 0.490625 0.3791666671875
0 0.54375 0.36666666718749996 0.5515625 0.36666666718749996 0.5546875 0.3645833328125 0.5609375 0.35625 0.5609375 0.3479166671875 0.559375 0.3416666671875 0.5515625 0.3333333328125 0.5453125 0.3333333328125 0.5421875 0.33541666718749996 0.5359375 0.34375 0.5359375 0.35625 0.540625 0.3645833328125 0.54375 0.36666666718749996
0 0.6546875 0.3708333328125 0.6609375 0.36666666718749996 0.6640625 0.3625 0.6640625 0.3458333328125 0.6609375 0.3395833328125 0.6578125 0.3375 0.6484375 0.3375 0.6421875 0.34375 0.6390625 0.3541666671875 0.640625 0.3625 0.6453125 0.36875 0.6546875 0.3708333328125