1 0.31875857343749997 0.415207575 0.32071663125 0.4712790078125 0.38895697500000004 0.46889600312499996 0.3869989171875 0.41282457031249997 0.31875857343749997 0.415207575
1 0.3155004078125 0.36627497343750004 0.317746415625 0.4305922046875 0.3551685390625 0.42928539531250004 0.35292253125 0.3649681640625 0.3155004078125 0.36627497343750004
1 0.4844120671875 0.24296168749999997 0.48654289375 0.3039805984375 0.5437767296875 0.30198195 0.5416459015624999 0.2409630390625 0.4844120671875 0.24296168749999997
1 0.691936065625 0.1267375125 0.6942396625 0.1927039046875 0.7360643890625 0.19124335312500002 0.733760790625 0.12527696093750001 0.691936065625 0.1267375125
1 0.41434172968749994 0.1298266375 0.4156662984375 0.1677573125 0.501517053125 0.1647593375 0.5001924843750001 0.1268286625 0.41434172968749994 0.1298266375
1 0.3141184859375 0.1630475859375 0.3163644921875 0.2273648171875 0.36919572500000003 0.225519909375 0.36694971875000004 0.161202678125 0.3141184859375 0.1630475859375
0 0.413567371875 0.2557802234375 0.41460399062500003 0.2854651 0.4564287171875 0.2840045484375 0.4553920984375 0.254319671875 0.413567371875 0.2557802234375
1 0.51695600625 0.21777592499999998 0.5178100640625 0.2422329640625 0.601393478125 0.2393141671875 0.60053941875 0.21485712812500002 0.51695600625 0.21777592499999998
1 0.3345562953125 0.147654971875 0.3361112234375 0.1921822875 0.4153580734375 0.1894149265625 0.41380314531250006 0.1448876109375 0.3345562953125 0.147654971875
0 0.3895074859375 0.11702217343750002 0.390526828125 0.1462123015625 0.43100875937499994 0.1447986421875 0.42998941874999996 0.11560851406249999 0.3895074859375 0.11702217343750002
0 0.6475560734375 0.148117859375 0.6486353078125 0.1790231125 0.6891172421875 0.177609453125 0.68803800625 0.1467041984375 0.6475560734375 0.148117859375
0 0.69192576875 0.19239668125 0.692865059375 0.219294478125 0.7310576390625 0.2179607640625 0.730118346875 0.1910629671875 0.69192576875 0.19239668125
0 0.657053178125 0.22284844062500003 0.6580126265625 0.250323440625 0.6954347515625 0.24901663125 0.694475303125 0.22154163124999998 0.657053178125 0.22284844062500003
0 0.681136584375 0.25580689687499997 0.6821559265625 0.284997025 0.722637859375 0.2835833640625 0.7216185171875 0.25439323593749996 0.681136584375 0.25580689687499997
0 0.695652221875 0.321198228125 0.6966312515624999 0.34923394375 0.7348238296875 0.3479002296875 0.7338448015625 0.3198645140625 0.695652221875 0.321198228125
1 0.32239855156249997 0.46327153593750003 0.3292328140625 0.4696375625 0.3402969125 0.47090236562500004 0.3489869375 0.46729656249999996 0.36816516093749996 0.4484639640625 0.38294078125 0.42978510937500003 0.38265283125 0.42153930937500006 0.3803363515625 0.4183178609375 0.371415965625 0.41532702656250003 0.3604670484375 0.4173605421875 0.34546106875000004 0.429442759375 0.324311903125 0.45494886718750005 0.32239855156249997 0.46327153593750003
1 0.3231025140625 0.4203165109375 0.327793065625 0.42840856718750003 0.332253259375 0.4299039859375 0.3410584640625 0.42959650156249996 0.345403478125 0.4277935984375 0.3496909015625 0.4243415375 0.35102835312499997 0.39952726875 0.347963203125 0.37486674375 0.34338783125 0.37007300625 0.3389276375 0.3685775890625 0.325719828125 0.369038815625 0.3192886953125 0.3742169078125 0.31795124218750004 0.3990311765625 0.3231025140625 0.4203165109375
1 0.3381471484375 0.219999465625 0.342607340625 0.22149488437499998 0.3558151484375 0.2210336578125 0.3601601609375 0.2192307546875 0.364159634375 0.20753289375 0.3452246546875 0.1702171890625 0.33844798125 0.165500321875 0.3295275953125 0.1625094875 0.3251249921875 0.1626632296875 0.3164925578125 0.16791819375 0.3168956859375 0.1794623125 0.331312884375 0.213633440625 0.3381471484375 0.219999465625
1 0.392200653125 0.190041971875 0.4054084609375 0.1895807453125 0.4118395953125 0.1844026515625 0.4138105375 0.1777291421875 0.411436465625 0.172858534375 0.3845025390625 0.1589385484375 0.3532811921875 0.1484706265625 0.34667728750000004 0.148701240625 0.33804485156249997 0.1539562046875 0.33844798125 0.165500321875 0.37882007500000003 0.18555571875000001 0.392200653125 0.190041971875
1 0.41537834843750004 0.1595115125 0.4221550234375 0.16422837968749998 0.43976543437500004 0.16361341093749998 0.4594619671875 0.15962325156249998 0.487848525 0.15202728593749998 0.496423371875 0.14512316249999999 0.49613542187500004 0.1368773640625 0.48704226562499997 0.12893905 0.4738344578125 0.1294002765625 0.4563392265625 0.13331356562500002 0.42360765625 0.14271243125 0.41497521875 0.1479673953125 0.41537834843750004 0.1595115125
1 0.51052685 0.296538378125 0.5173035234375 0.30125524375 0.52396501875 0.30267378906250003 0.5305113328125 0.3007940171875 0.5390285875 0.29224073437500003 0.534165265625 0.2792011984375 0.5110580437500001 0.2486358734375 0.5020800671875 0.243995878125 0.4932748625 0.2443033625 0.4889298484375 0.24610626562500001 0.4848727859375 0.25615496718749997 0.49894444375 0.2804311359375 0.51052685 0.296538378125
1 0.526179203125 0.2398519765625 0.592275834375 0.2391950015625 0.5966208468749999 0.23739210000000002 0.6008506796875001 0.23229087812500002 0.6005051406249999 0.22239592031250002 0.5937284671875 0.217679053125 0.5782617671875 0.21656799218749997 0.5276318359375 0.21833602812500003 0.5211431109375 0.2218649609375 0.5190569890625001 0.2252401515625 0.5193449390625 0.2334859515625 0.526179203125 0.2398519765625
1 0.6927423234375001 0.14982575 0.700555615625 0.1842274921875 0.7073898796875 0.1905935171875 0.7205976875 0.190132290625 0.7249426999999999 0.18832938906250002 0.7313162453125 0.1815021359375 0.7310858859375 0.174905496875 0.7208409328125 0.1339839875 0.71400666875 0.1276179609375 0.7095464765624999 0.12612254375 0.7007412703125 0.12643002812499998 0.6942525453124999 0.1299589625 0.692166425 0.1333341515625 0.6927423234375001 0.14982575
0 0.699365165625 0.3394791234375 0.7016816453125 0.34270057187499997 0.7084583203125 0.3474174390625 0.72386743125 0.34687934062500003 0.72821244375 0.34507643906249996 0.732499865625 0.3416243765625 0.7366721078125 0.3348739953125 0.7341828578125 0.3267050671875 0.727406184375 0.3219882015625 0.7185433875 0.320646528125 0.705450759375 0.3244060734375 0.7011633359375 0.327858134375 0.69913480625 0.33288248593750003 0.699365165625 0.3394791234375
0 0.68593988125 0.2705987703125 0.6883715421875001 0.2771185375 0.69520580625 0.2834845625 0.7084712046874999 0.2846724953125 0.7128162171875 0.28286959375 0.7193049421875 0.2793406609375 0.723477184375 0.2725902796875 0.723246825 0.26599364062499997 0.7208727546875 0.2611230328125 0.7141536703125 0.258055325 0.703089571875 0.256790521875 0.6965432593750001 0.2586702953125 0.690112125 0.2638483875 0.68593988125 0.2705987703125
0 0.69267185 0.21092153281249998 0.69498833125 0.21414298125000003 0.706225196875 0.2203552640625 0.7150304015625 0.2200477796875 0.7215767171875 0.21816800781249998 0.7258641390625 0.21471594375 0.7300363828124999 0.2079655640625 0.72969084375 0.19807060468749998 0.720655278125 0.19178145 0.7074474687500001 0.192242678125 0.7009011546874999 0.19412245 0.6966137328124999 0.1975745125 0.6924414890625 0.20432489375000001 0.69267185 0.21092153281249998
0 0.6760533515625 0.176827275 0.691116921875 0.16639421875 0.6908865609375 0.1597975796875 0.679534515625 0.1502869765625 0.6728730203125 0.1488684296875 0.6640678140625 0.1491759140625 0.6532916671875 0.15615690937499999 0.6513783171874999 0.1644795796875 0.6538099765625 0.170999346875 0.66284554375 0.177288503125 0.6760533515625 0.176827275
0 0.4308192796875 0.2861124609375 0.4396244859375 0.28580497656250003 0.4483145109375 0.282199171875 0.4524867546875 0.275448790625 0.45219880625000003 0.267202990625 0.4475658421875 0.2607600953125 0.44310565 0.2592646765625 0.42109263593749996 0.2600333890625 0.41692039375 0.2667837703125 0.41720834375000004 0.27502956875 0.41958241406249996 0.279900178125 0.4308192796875 0.2861124609375
0 0.399393340625 0.1435580140625 0.40385353281249997 0.14505343125 0.4170613421875 0.1445922046875 0.423550065625 0.14106327031250002 0.42980843125 0.1309377 0.42737676875 0.12441793125 0.4206000953125 0.1197010640625 0.407334696875 0.1185131328125 0.396500959375 0.1238449671875 0.3923287171875 0.1305953484375 0.3925014859375 0.13554282812500001 0.3948755578125 0.1404134359375 0.399393340625 0.1435580140625