1 0.6367609375 0.6255499999999999 0.5758234375 0.6255499999999999 0.5758234375 0.6609666671875 0.6367609375 0.6609666671875 0.6367609375 0.6255499999999999
1 0.7633234375 0.6291666671875 0.7023859375 0.6291666671875 0.7023859375 0.6645833328124999 0.7633234375 0.6645833328124999 0.7633234375 0.6291666671875
1 0.575 0.41875 0.5328125 0.41875 0.5328125 0.49583333281249997 0.575 0.49583333281249997 0.575 0.41875
1 0.6610234375 0.3089958328125 0.6032109375 0.3089958328125 0.6032109375 0.35899583281249997 0.6610234375 0.35899583281249997 0.6610234375 0.3089958328125
1 0.3938359375 0.4676520828125 0.3594609375 0.4676520828125 0.3594609375 0.5489020828125 0.3938359375 0.5489020828125 0.3938359375 0.4676520828125
1 0.6441625 0.3334479171875 0.5879125000000001 0.3334479171875 0.5879125000000001 0.38553125 0.6441625 0.38553125 0.6441625 0.3334479171875
1 0.4765625 0.2828979171875 0.4421875 0.2828979171875 0.4421875 0.35998125000000003 0.4765625 0.35998125000000003 0.4765625 0.2828979171875
0 0.635378125 0.4388375 0.607253125 0.4388375 0.607253125 0.4784208328125 0.635378125 0.4784208328125 0.635378125 0.4388375
0 0.678065625 0.35058958281249997 0.648378125 0.35058958281249997 0.648378125 0.3901729171875 0.678065625 0.3901729171875 0.678065625 0.35058958281249997
0 0.724440625 0.5520041671875 0.696315625 0.5520041671875 0.696315625 0.5915874999999999 0.724440625 0.5915874999999999 0.724440625 0.5520041671875
0 0.510878125 0.5255895828125 0.48431562499999997 0.5255895828125 0.48431562499999997 0.5651729171875 0.510878125 0.5651729171875 0.510878125 0.5255895828125
0 0.5660671875000001 0.5263375 0.5379421875 0.5263375 0.5379421875 0.5659208328124999 0.5660671875000001 0.5659208328124999 0.5660671875000001 0.5263375
0 0.59000625 0.4540875 0.56188125 0.4540875 0.56188125 0.49158749999999996 0.59000625 0.49158749999999996 0.59000625 0.4540875
1 0.512546875 0.27908333281250003 0.483296875 0.27908333281250003 0.483296875 0.3570833328125 0.512546875 0.3570833328125 0.512546875 0.27908333281250003
1 0.375 0.5479166671875 0.3796875 0.54375 0.3859375 0.5208333328125 0.390625 0.49583333281249997 0.390625 0.4791666671875 0.3875 0.475 0.3828125 0.47291666718750003 0.3734375 0.4791666671875 0.3625 0.51875 0.359375 0.5333333328125 0.3609375 0.54375 0.365625 0.5479166671875 0.375 0.5479166671875
1 0.4609375 0.35625 0.46875 0.3333333328125 0.475 0.3083333328125 0.475 0.28958333281250004 0.46875 0.2854166671875 0.465625 0.2854166671875 0.4546875 0.2979166671875 0.44375 0.3375 0.44375 0.3541666671875 0.453125 0.3604166671875 0.4609375 0.35625
1 0.4890625 0.3479166671875 0.4921875 0.35208333281250004 0.503125 0.3541666671875 0.50625 0.35208333281250004 0.5078125 0.3479166671875 0.5078125 0.3270833328125 0.5 0.2854166671875 0.4953125 0.2791666671875 0.490625 0.2770833328125 0.4859375 0.2791666671875 0.48125 0.2875 0.48125 0.30416666718749996 0.4875 0.3416666671875 0.4890625 0.3479166671875
1 0.6328125 0.38333333281250004 0.6390625 0.38125 0.6421875 0.3770833328125 0.64375 0.3729166671875 0.64375 0.3645833328125 0.6421875 0.3604166671875 0.6265625 0.3479166671875 0.60625 0.33541666718749996 0.596875 0.33541666718749996 0.590625 0.3395833328125 0.5875 0.35 0.59375 0.3604166671875 0.61875 0.3770833328125 0.6328125 0.38333333281250004
1 0.6296875 0.35 0.6484375 0.35625 0.6546875 0.3541666671875 0.659375 0.3479166671875 0.659375 0.3395833328125 0.6578125 0.33541666718749996 0.6484375 0.3270833328125 0.615625 0.3104166671875 0.6109375 0.3104166671875 0.6046875 0.3166666671875 0.603125 0.32083333281250004 0.603125 0.3333333328125 0.6109375 0.3395833328125 0.6296875 0.35
1 0.54375 0.49583333281249997 0.5484375 0.49375 0.5546875 0.48541666718750004 0.56875 0.45625 0.5734375 0.43958333281249995 0.5734375 0.43333333281249997 0.5671875 0.42291666718750004 0.559375 0.42291666718750004 0.55625 0.425 0.5453125 0.4479166671875 0.534375 0.4770833328125 0.534375 0.4875 0.5390625 0.49375 0.54375 0.49583333281249997
1 0.603125 0.6604166671875 0.6296875 0.6604166671875 0.634375 0.6541666671875 0.6359375 0.6479166671875001 0.634375 0.6395833328125 0.6296875 0.6333333328124999 0.59375 0.6291666671875 0.5859375 0.6291666671875 0.58125 0.63125 0.5765625 0.6375 0.5765625 0.65 0.5828125 0.65625 0.603125 0.6604166671875
1 0.7265625 0.6645833328124999 0.75625 0.6625 0.759375 0.6604166671875 0.7625 0.6541666671875 0.7625 0.6458333328125 0.7609375 0.6416666671875 0.75625 0.6375 0.7140625 0.6333333328124999 0.7046875 0.6375 0.703125 0.6416666671875 0.7015625 0.65 0.703125 0.65625 0.7078125 0.6625 0.7265625 0.6645833328124999
0 0.4921875 0.5604166671875 0.5 0.5604166671875 0.503125 0.5583333328125 0.509375 0.55 0.509375 0.5395833328124999 0.5078125 0.5354166671875 0.5015625 0.5291666671875 0.496875 0.5270833328125 0.490625 0.5291666671875 0.4859375 0.5354166671875 0.484375 0.5395833328124999 0.484375 0.5479166671875 0.4875 0.55625 0.4921875 0.5604166671875
0 0.5515625 0.5645833328125 0.5609375 0.5583333328125 0.5625 0.5541666671875001 0.5625 0.5416666671875 0.55625 0.53125 0.5453125 0.53125 0.540625 0.5354166671875 0.5390625 0.5395833328124999 0.5390625 0.5520833328125 0.5453125 0.5625 0.5515625 0.5645833328125
0 0.571875 0.4895833328125 0.5796875 0.4875 0.5859375 0.4770833328125 0.5859375 0.46875 0.5828125 0.4604166671875 0.578125 0.45625 0.56875 0.4583333328125 0.5625 0.46875 0.5609375 0.475 0.5625 0.48125 0.5671875 0.4875 0.571875 0.4895833328125
0 0.61875 0.475 0.6234375 0.475 0.6265625 0.47291666718750003 0.6328125 0.46458333281249997 0.6328125 0.45 0.625 0.44166666718750003 0.6171875 0.44166666718750003 0.609375 0.45 0.6078125 0.45625 0.609375 0.46666666718750005 0.6125 0.47083333281249995 0.61875 0.475
0 0.65625 0.3854166671875 0.665625 0.3854166671875 0.671875 0.38125 0.6734375 0.3770833328125 0.6734375 0.3604166671875 0.671875 0.35625 0.665625 0.35208333281250004 0.6609375 0.35208333281250004 0.653125 0.3583333328125 0.65 0.3645833328125 0.65 0.3791666671875 0.653125 0.38333333281250004 0.65625 0.3854166671875
0 0.7046875 0.5875 0.715625 0.5875 0.721875 0.58125 0.7234375 0.5770833328125 0.7234375 0.56875 0.721875 0.5625 0.71875 0.5583333328125 0.715625 0.55625 0.703125 0.55625 0.7 0.5604166671875 0.6984375 0.5645833328125 0.6984375 0.5791666671875 0.7 0.5833333328125 0.7046875 0.5875
0 0.8546875 0.5854166671875001 0.8625 0.58125 0.865625 0.5770833328125 0.8671875 0.56875 0.8671875 0.5604166671875 0.865625 0.5541666671875001 0.859375 0.5458333328125 0.85 0.5458333328125 0.8453125 0.55 0.84375 0.5541666671875001 0.84375 0.575 0.8453125 0.5791666671875 0.8546875 0.5854166671875001
0 0.867140625 0.5438020828125001 0.842578125 0.5438020828125001 0.842578125 0.5858229171875 0.867140625 0.5858229171875 0.867140625 0.5438020828125001