1 0.601037803125 0.533731534375 0.53895575625 0.5326478875 0.53819695625 0.5761195265625 0.600279003125 0.5772031734375 0.601037803125 0.533731534375
1 0.7224028921875 0.585214009375 0.670123275 0.5843014656250001 0.6689091953124999 0.6538560875 0.7211888125 0.65476863125 0.7224028921875 0.585214009375
1 0.5502288937500001 0.5421873890625 0.49304806250000005 0.54118929375 0.49194780156249995 0.6042231703125001 0.5491286343749999 0.605221265625 0.5502288937500001 0.5421873890625
1 0.48961398125000005 0.46744421562499994 0.4340668859375 0.4664746375 0.4329286859375 0.5316820953125 0.4884757796875 0.5326516734375 0.48961398125000005 0.46744421562499994
1 0.7068053109375 0.438621640625 0.6577931703125001 0.43776613124999997 0.6565411484375 0.5094943359374999 0.7055532906249999 0.510349846875 0.7068053109375 0.438621640625
1 0.404989303125 0.7001418828125 0.3412735203125 0.6990297203125 0.3406285390625 0.7359806125 0.40434432343750004 0.7370927765624999 0.404989303125 0.7001418828125
1 0.7186330515625 0.3885813125 0.6892257671875 0.38806800625000004 0.6877840468749999 0.4706641203125 0.71719133125 0.47117742656250006 0.7186330515625 0.3885813125
1 0.789688171875 0.6801201453125 0.7259723890625 0.6790079812500001 0.72509976875 0.7290003671874999 0.7888155515624999 0.7301125296875 0.789688171875 0.6801201453125
0 0.494588996875 0.616940765625 0.4651817125 0.6164274609375 0.4644987921875 0.6555519359375 0.4939060765625 0.6560652421875 0.494588996875 0.616940765625
0 0.61027263125 0.4553807703125 0.5792316078125 0.4548389484375 0.5785107484374999 0.49613700312500003 0.609551771875 0.49667882656250006 0.61027263125 0.4553807703125
0 0.4949855078125 0.5283124484374999 0.46721196093749995 0.527827659375 0.46652904062499995 0.5669521359374999 0.4943025875 0.567436925 0.4949855078125 0.5283124484374999
0 0.366540325 0.42134361093750006 0.34012278125 0.42088249062500005 0.339464521875 0.4585941359375 0.36588206562500003 0.45905525625 0.366540325 0.42134361093750006
0 0.48364960625000003 0.4499026671875 0.45646420625 0.44942814531249997 0.4558594421875 0.48407504218749997 0.48304484375 0.48454956562499996 0.48364960625000003 0.4499026671875
0 0.53912243125 0.5201967265625 0.513848503125 0.5197555687500001 0.5132350140625 0.5549023890625 0.5385089421875 0.555343546875 0.53912243125 0.5201967265625
0 0.547362121875 0.4877160171875 0.5213203375 0.48726145625 0.520679909375 0.52395151875 0.5467216953125 0.5244060796875 0.547362121875 0.4877160171875
0 0.5720741828125 0.498344571875 0.5468002546874999 0.4979034140625 0.5461689328125 0.53407181875 0.5714428609375 0.5345129765625 0.5720741828125 0.498344571875
1 0.3424069796875 0.7277190874999999 0.3471943734375 0.7343253843750001 0.3651654921875 0.734639071875 0.397916134375 0.730862246875 0.402969109375 0.722253471875 0.403158809375 0.7113855609375 0.398371415625 0.7047792640625 0.355894225 0.704037821875 0.3493213328125 0.7060973359375 0.342672559375 0.7125040140625 0.3424069796875 0.7277190874999999
1 0.4924027265625 0.5607462265625001 0.4939605859375 0.56512190625 0.534196996875 0.60061214375 0.5407319484374999 0.6007262109375 0.5457469828125 0.5942910171875 0.5460125625 0.57907594375 0.5444167656250001 0.57687384375 0.5090436281249999 0.543642740625 0.4992412 0.5434716390625 0.4925924265625 0.5498783171875 0.4924027265625 0.5607462265625001
1 0.44498406562500004 0.468600275 0.4400449125 0.4706883046875 0.43502987812500005 0.4771235015625 0.434840178125 0.487991409375 0.43639803437499997 0.492367090625 0.4476065625 0.5056082015625 0.47332903125000003 0.529973875 0.48149772031250004 0.5301164609375 0.4865127546875 0.523681265625 0.48674039531249996 0.5106397734375 0.48518253749999996 0.5062640921875 0.46595708125 0.48418607031249994 0.45148107812499993 0.47088792343749997 0.44498406562500004 0.468600275
1 0.5451755656249999 0.5334022046875 0.5385267921875 0.5398088828125001 0.53670335625 0.5506482765625 0.5382612124999999 0.5550239578125 0.5446823453125 0.5616587703125 0.5837023593749999 0.5732110875 0.5902373125 0.5733251562499999 0.5952144046875001 0.56906354375 0.5986336421875 0.5604262484375 0.5971137234375 0.5538769859375 0.58909679375 0.5450400734375 0.5549779953125 0.53357330625 0.5451755656249999 0.5334022046875
1 0.6709377734374999 0.6312641375 0.6691902171875 0.6377563671875001 0.6707101328125 0.6443056296874999 0.6771312671875 0.6509404437499999 0.6869716359375 0.6489379625 0.7186576390625 0.6125288921875 0.7203672562500001 0.6082102468749999 0.7205948953125 0.5951687546875 0.7158075015625001 0.5885624578125 0.7043713359375 0.5883628390625 0.6776624265625 0.6205102953125 0.6709377734374999 0.6312641375
1 0.7351490968750001 0.6976122765625 0.7251949078125 0.7061355015624999 0.7250052078125 0.7170034109375 0.726563065625 0.7213790921875 0.7329841984375001 0.72801390625 0.7411528875 0.728156490625 0.7756890265624999 0.7157138562500001 0.78568115625 0.7050170484375 0.7874666546875 0.6963512390625 0.7859467359375001 0.6898019765625001 0.7795635437499999 0.6809935796875 0.7713948546875 0.68085099375 0.7351490968750001 0.6976122765625
1 0.659496971875 0.4440794375 0.6577873546874999 0.44839808281250004 0.6576355953124999 0.45709241250000004 0.6591934515625 0.4614680921875 0.6894377359375 0.5076551375 0.6992401625 0.5078262390625 0.7042551968749999 0.50139104375 0.7044448984375 0.49052313437499995 0.6997333828125 0.4795696734375 0.6870428796875 0.45760571875 0.6742764953125 0.4399889265625 0.664474065625 0.4398178234375 0.659496971875 0.4440794375
1 0.69642565 0.38819368125 0.69144855625 0.3924552921875 0.6897389375 0.39677394062500004 0.6893595375 0.418509759375 0.6907656359375001 0.43157976875 0.6967314874999999 0.464297565625 0.701556821875 0.4687302796875 0.7097255125 0.46887286406250006 0.714740546875 0.4624376703125 0.715119946875 0.4407018515625 0.7109395921874999 0.3993182421875 0.7078238765625 0.39056688125 0.704594340625 0.388336265625 0.69642565 0.38819368125
0 0.33943607187499997 0.4297957765625 0.3391325515625 0.44718443125 0.3406904109375 0.4515601125 0.3470736015625 0.46036850781250005 0.3552802328125 0.4583375125 0.3602573265625 0.45407589843749996 0.36367656406250004 0.44543860625000004 0.3638662640625 0.43457069531250003 0.3623084046875 0.43019501406250005 0.3559252140625 0.42138661875 0.3427794296875 0.42550564687500003 0.33943607187499997 0.4297957765625
0 0.47173555 0.6212643156250001 0.46672051562499994 0.6276995125 0.46497295781250003 0.634191740625 0.46641699531249997 0.6450881671875 0.47443392656250005 0.6539250812499999 0.480968878125 0.6540391484375 0.48590803281249995 0.6519511171875 0.490998946875 0.641168759375 0.49118864687499997 0.6303008484375 0.48963078906249996 0.6259251671875 0.48320965625 0.619290353125 0.475040965625 0.61914776875 0.47173555 0.6212643156250001
0 0.46823811718749997 0.540756234375 0.4680484171875 0.55162414375 0.469606275 0.555999825 0.4743936671875 0.562606121875 0.48089068125 0.5648937703125 0.48582983593750007 0.562805740625 0.49080692968750006 0.5585441265625 0.4959737234375 0.5434146046875 0.48962847187499997 0.5324326265625 0.4848031375 0.5279999125 0.47496276875000004 0.5300023921875 0.46823811718749997 0.540756234375
0 0.45645817343750006 0.46662631250000003 0.457978090625 0.47317557499999996 0.46599502187499997 0.48201248750000003 0.47579744843749994 0.4821835890625 0.479102865625 0.4800670421875 0.48259798125 0.46708258437500005 0.4779244078125 0.4539555421875 0.474694871875 0.451724925 0.4648924421875 0.451553821875 0.45824367187500004 0.4579605 0.45645817343750006 0.46662631250000003
0 0.52085919375 0.5221065390625 0.517553778125 0.5242230890624999 0.5142104234375 0.52851321875 0.5124628640625 0.5350054484375 0.5123111046875 0.543699775 0.513906903125 0.5459018734375001 0.5251913078125 0.554795821875 0.5317642015625 0.55273630625 0.5351075578125 0.5484461781250001 0.536855115625 0.5419539484375 0.5370448156250001 0.5310860390625 0.5354869578125 0.5267103578125 0.533891159375 0.524508259375 0.5273941468750001 0.5222206078125 0.52085919375 0.5221065390625
0 0.529596984375 0.48964539531250006 0.5262915687499999 0.4917619453125 0.5212385937499999 0.5003707203125 0.52104889375 0.51123863125 0.5225688125 0.51778789375 0.5241646109375 0.5199899921875 0.533891159375 0.524508259375 0.5388303125 0.5224202265625 0.543845346875 0.5159850328125 0.54559290625 0.509492803125 0.545744665625 0.5007984765625 0.5393614734375001 0.49199008125 0.5361319375 0.4897594640625 0.529596984375 0.48964539531250006
0 0.5472645828125 0.5073477390625001 0.5455170265625 0.5138399671875 0.5454032062499999 0.5203607140625001 0.5469610625 0.5247363953125 0.5517863968750001 0.5291691109375 0.5648563015625 0.529397246875 0.56816171875 0.527280696875 0.5716188953125 0.516469821875 0.570136915625 0.5077469765625 0.565349521875 0.5011406796875 0.5588525109375 0.49885303125 0.5522796171875 0.5009125437499999 0.5472645828125 0.5073477390625001
0 0.5819904234375 0.48403719375 0.5835482812499999 0.488412875 0.588373615625 0.492845590625 0.5998097828125 0.49304520937499996 0.60649649375 0.48446495 0.6067620734375 0.46924987656250006 0.6003788828125 0.4604414796875 0.5905764546875 0.460270378125 0.5872710375 0.4623869265625 0.5822180640625 0.470995703125 0.5819904234375 0.48403719375