1 0.63720575 0.47378469531249995 0.6016179515625 0.47440588124999994 0.60315786875 0.5626277375 0.63874566875 0.56200655 0.63720575 0.47378469531249995
1 0.40756075 0.35667064375 0.3414691234375 0.35782427656250004 0.34214036875 0.39627995625 0.408231996875 0.3951263234375 0.40756075 0.35667064375
1 0.527065440625 0.553237109375 0.4677524421875 0.554272421875 0.46889750937499997 0.6198732875 0.5282105078125 0.618837975 0.527065440625 0.553237109375
1 0.3778602484375 0.5003420921874999 0.32363122187500004 0.5012886640625001 0.3248947453125 0.5736758265625 0.379123771875 0.5727292546875 0.3778602484375 0.5003420921874999
1 0.47755261562499995 0.45620635781249996 0.416544959375 0.45727124999999996 0.41765054062500007 0.52061001875 0.4786581984375 0.5195451249999999 0.47755261562499995 0.45620635781249996
1 0.29831964375000003 0.5537746046875001 0.2339226734375 0.5548986578124999 0.23479134531249998 0.6046648328125 0.29918831562500003 0.6035407796875 0.29831964375000003 0.5537746046875001
1 0.45008913906250003 0.6309204171875 0.4246692828125 0.631364121875 0.4262486859375 0.7218480765625 0.45166854218749997 0.7214043718750001 0.45008913906250003 0.6309204171875
1 0.29150608437500003 0.48041401875 0.2542236265625 0.4810647859375 0.255724059375 0.5670245421875 0.2930065171875 0.566373775 0.29150608437500003 0.48041401875
0 0.48313573437499996 0.61096506875 0.4543265640625 0.6114679359374999 0.4550372953125 0.6521857140625 0.483846465625 0.6516828484375 0.48313573437499996 0.61096506875
0 0.5647161703125 0.5471718484375 0.535907 0.5476747140625 0.53661773125 0.5883924953124999 0.5654269015625 0.5878896296875 0.5647161703125 0.5471718484375
0 0.34682155625 0.5708447546875 0.316317728125 0.5713772015624999 0.3170679453125 0.61435708125 0.3475717734375 0.613824634375 0.34682155625 0.5708447546875
0 0.47396155 0.5470679359374999 0.4480841375 0.547519628125 0.4487214265625 0.5840299046874999 0.47459883906250006 0.5835782125 0.47396155 0.5470679359374999
0 0.3797584015625 0.4672971453125 0.349813809375 0.4678198296875 0.3504424109375 0.5038324421875 0.38038700312499996 0.5033097578125 0.3797584015625 0.4672971453125
0 0.3190810328125 0.5290442484375 0.2943220921875 0.5294764171875 0.2949680671875 0.5664843546875 0.31972700781249996 0.5660521859375 0.3190810328125 0.5290442484375
0 0.2974620625 0.4554058109375 0.270483121875 0.4558767296875 0.271111725 0.49188934375000004 0.29809066562500003 0.491418425 0.2974620625 0.4554058109375
1 0.619652609375 0.556743946875 0.6246576109374999 0.55213100625 0.6356910234375001 0.5044198671875 0.63718825625 0.49307979375000005 0.6352961734375 0.4817988796875 0.6318278875 0.47733384375 0.625009775 0.475190065625 0.6199652890625 0.47754090624999995 0.6150392578125 0.4866780421875 0.6057005015625 0.5343595999999999 0.605976896875 0.550194290625 0.6094846671874999 0.556921428125 0.619652609375 0.556743946875
1 0.5265254374999999 0.5628950625 0.5213230125 0.5561975078125 0.5111550703125001 0.5563749890625 0.4728097171875 0.59324891875 0.471233515625 0.6000647953125 0.4731255984375 0.611345709375 0.48341199687499997 0.617954525 0.4934614828125 0.6109907453125001 0.5268018343749999 0.5787297546875 0.5283780359375 0.5719138781249999 0.5265254374999999 0.5628950625
1 0.4499137046875 0.6411671203125 0.4430166203125 0.63449914375 0.434543334375 0.634647046875 0.43119350624999997 0.63696830625 0.42808058750000005 0.6528621593749999 0.43080185625 0.7116471484375 0.4360042828125 0.7183447046875 0.44447756875 0.718196803125 0.4494430859375 0.7113217640625 0.45101928593749996 0.7045058875 0.4499137046875 0.6411671203125
1 0.44068699999999994 0.5010353125 0.464688596875 0.5164558796875001 0.473122396875 0.5140458796875 0.47643274062499996 0.5094625203125001 0.4761958296875 0.49588992656249997 0.47264857656250003 0.4869006921875 0.4348922984375 0.460406275 0.4297688421875 0.458232915625 0.42137452656249996 0.46290501562499997 0.41975883906250006 0.46745879375 0.41999575 0.4810313875 0.4251981765625 0.4877289421875 0.44068699999999994 0.5010353125
1 0.377356128125 0.5632360359375 0.37897181562500004 0.55868225625 0.3787743890625 0.5473717625 0.34933345781249997 0.5116810468749999 0.339007575 0.5028101328125001 0.33222894531249997 0.5029284546875 0.3272634296875 0.5098034921875 0.327500340625 0.5233760843749999 0.3500836734375 0.5546609234375001 0.363877840625 0.567996875 0.3723511265625 0.5678489734375 0.377356128125 0.5632360359375
1 0.24722289687500001 0.5858726109375 0.2643274078125 0.594625203125 0.2830870921875 0.601086115625 0.2915603765625 0.6009382140625 0.29491020625000003 0.5986169546875 0.29822055000000003 0.594033596875 0.2979836390625 0.580461003125 0.2962100125 0.5759663859375 0.284189471875 0.5671250515625 0.25179356249999996 0.5563765843749999 0.2433202765625 0.5565244859375 0.23666010312500002 0.5634291046875 0.23689701406250002 0.5770016984375 0.24722289687500001 0.5858726109375
1 0.27902653125 0.5626895968750001 0.285805159375 0.562571275 0.2891549890625 0.560250015625 0.29246533124999996 0.55566665625 0.29226790625 0.5443561625 0.2777235234375 0.48804033281250003 0.27256058125 0.48360487812499997 0.2623926390625 0.48378235937499997 0.25738763750000004 0.488395296875 0.25770351874999997 0.5064920890625 0.270316334375 0.5492649046875 0.27386358906249997 0.5582541390625 0.27902653125 0.5626895968750001
1 0.359103346875 0.3915827453125 0.4014697765625 0.3908432359375 0.4048196046875 0.3885219765625 0.40812995 0.3839386171875 0.40789303906249996 0.370366025 0.4026906109375 0.36366846875 0.3788864421875 0.359558396875 0.351771928125 0.3600316828125 0.34842209999999996 0.362352940625 0.3451512390625 0.36919840000000004 0.345348665625 0.38050889374999997 0.350590578125 0.389468546875 0.359103346875 0.3915827453125
0 0.5619947828125 0.5554875781249999 0.5585264984375 0.551022540625 0.5483190703124999 0.5489379249999999 0.541658896875 0.5558425437500001 0.5400432109375 0.560396321875 0.5403196078125 0.5762310125 0.547256175 0.5851610859374999 0.5574241171875001 0.5849836046875 0.56404480625 0.5758168875 0.5655815234375 0.5667389125 0.5619947828125 0.5554875781249999
0 0.4721021875 0.6498309718749999 0.477146675 0.64748013125 0.48045701718749995 0.642896771875 0.48207270468749996 0.6383429953124999 0.48183579375 0.6247704015625 0.47316508281249997 0.613607809375 0.46638645468749995 0.6137261296875 0.45807110937499995 0.6229224265625 0.456455421875 0.62747620625 0.4566133625 0.6365246015625 0.463589415625 0.6477167734375 0.467018215625 0.6499197125 0.4721021875 0.6498309718749999
0 0.472533321875 0.5774142265625 0.47576469687499995 0.5683066703125 0.47387261406250003 0.5570257562500001 0.4669360453125 0.5480956828125 0.45676810156250003 0.5482731656250001 0.4517631015625 0.552886103125 0.4485712109375 0.5642557578125 0.44865018125 0.56877995625 0.4539315796875 0.5800017093750001 0.457360378125 0.5822046484375 0.467528321875 0.582027165625 0.472533321875 0.5774142265625
0 0.3391687171875 0.6091583609375 0.34578940468749997 0.5999916421875 0.34555249374999997 0.58641905 0.3437788671875 0.5819244328125001 0.33688178281250003 0.5752564578125 0.3267138390625 0.575433940625 0.3217088390625 0.580046878125 0.318477465625 0.5891544343749999 0.32036954687499997 0.600435346875 0.322143175 0.604929965625 0.327306115625 0.6093654234375 0.3391687171875 0.6091583609375
0 0.35236740625 0.491262996875 0.3559146609375 0.50025223125 0.362772259375 0.5046581078125 0.3695508875 0.5045397859375 0.3762505453125 0.49989726562500003 0.3778662328125 0.49534348906250003 0.3775898375 0.479508796875 0.37581620937500004 0.475014178125 0.3723479265625 0.4705491421875 0.3672244703125 0.46837578437499994 0.362140496875 0.468464525 0.3554408390625 0.4731070453125 0.352209465625 0.4822146015625 0.35236740625 0.491262996875
0 0.31930345 0.5393586796875 0.31236688125 0.53042860625 0.30050428125 0.53063566875 0.29388359375 0.5398023843749999 0.2941205046875 0.553374978125 0.299362415625 0.5623346328125 0.302791215625 0.5645375703125 0.3129591578125 0.5643600890625 0.317964159375 0.5597471484375001 0.3195798453125 0.5551933703125 0.31930345 0.5393586796875
0 0.29798043750000003 0.48316117187499996 0.29943818437499997 0.46955899843750004 0.297625071875 0.4628022828125 0.2941567890625 0.45833724531250003 0.283909875 0.45399052968750003 0.2788653890625 0.45634136875 0.27224470156249997 0.46550808593750004 0.2724816109375 0.47908067968749996 0.27598937968750004 0.48580781562500003 0.2811523234375 0.490243271875 0.2913202640625 0.49006578906250003 0.29798043750000003 0.48316117187499996