1 0.5392661171875 0.6672519890624999 0.6019341890625001 0.66944040625 0.6035484828125 0.623213078125 0.5408804109375 0.6210246609375 0.5392661171875 0.6672519890624999
1 0.40537458437499996 0.3628343265625 0.466393496875 0.3649651546875 0.468315275 0.30993261875 0.4072963625 0.3078017921875 0.40537458437499996 0.3628343265625
1 0.42782951406249997 0.536109009375 0.48555010468750004 0.53812465625 0.48785623906250003 0.472085615625 0.430135646875 0.47006996718750005 0.42782951406249997 0.536109009375
1 0.8185218234375 0.6114638875 0.867996615625 0.6131915859375 0.8708408484374999 0.5317434359375001 0.8213660546874999 0.5300157375000001 0.8185218234375 0.6114638875
1 0.8083181796875 0.37365895625 0.8726354109375001 0.37590496406249996 0.8749415453125 0.309865921875 0.8106243140625 0.3076199140625 0.8083181796875 0.37365895625
1 0.5972079875 0.483679925 0.6466827796875 0.48540762187500003 0.6492963984375 0.41056337656249997 0.5998216046875 0.408835678125 0.5972079875 0.483679925
1 0.5338480750000001 0.5013032203125001 0.588270346875 0.5032036875 0.5905764812500001 0.4371646453125 0.536154209375 0.435264178125 0.5338480750000001 0.5013032203125001
1 0.555098634375 0.42536643749999997 0.6012751093750001 0.42697895468749997 0.6040424703125 0.34773210468750004 0.5578659953125 0.3461195875 0.555098634375 0.42536643749999997
0 0.5499559421875 0.375273184375 0.57964081875 0.3763098015625 0.5810245 0.336686378125 0.5513396234375 0.33564975937499997 0.5499559421875 0.375273184375
0 0.6340156171875 0.45602694218749995 0.6620513328125 0.45700597031249995 0.6634350125 0.417382546875 0.635399296875 0.41640351718749996 0.6340156171875 0.45602694218749995
0 0.4019666828125 0.5140431875 0.4300023984375 0.5150222171875 0.43146294999999996 0.47319749062499994 0.40342723437499994 0.4722184625 0.4019666828125 0.5140431875
0 0.5040421203125 0.45493740625 0.5299834046874999 0.4558432953125 0.5312640765625 0.4191696140625 0.50532279375 0.418263725 0.5040421203125 0.45493740625
0 0.47382908593749995 0.5028328671875 0.49876438125 0.503703628125 0.5000450546875 0.46702994531249997 0.475109759375 0.4661591859375 0.47382908593749995 0.5028328671875
0 0.5091109921875 0.5135751375 0.5335350484375 0.51442804375 0.5347918921875 0.47843676718749995 0.5103678359375 0.477583859375 0.5091109921875 0.5135751375
0 0.48305313281249995 0.5888239046875 0.507477190625 0.5896768109375 0.5087102031249999 0.5543679390625 0.48428614531249997 0.55351503125 0.48305313281249995 0.5888239046875
1 0.408080553125 0.3425110984375 0.406200778125 0.3490574125 0.4076193265625 0.35571890625 0.4139853515625 0.3625531703125 0.4189328296875 0.36272594062499997 0.45763221718749997 0.34203749375000003 0.46453634062500004 0.3334626484375 0.464920696875 0.32245614218749996 0.4602807015625 0.31347816562499997 0.4503857421875 0.31313262656249996 0.4098834546875 0.3381660859375 0.408080553125 0.3425110984375
1 0.5861129375 0.3509321125 0.581011715625 0.35516194375 0.561487278125 0.3941518796875 0.556078571875 0.40718691875 0.5573433750000001 0.418251015625 0.560487953125 0.42276879687499996 0.5703829125000001 0.42311433750000005 0.5737581015625 0.421028215625 0.5948548296875 0.384297171875 0.600263534375 0.3712621328125 0.6007247625 0.3580543234375 0.596007896875 0.3512776515625 0.5861129375 0.3509321125
1 0.6357343328125 0.4430283453125 0.616943740625 0.4137203484375 0.6104239734375 0.4112886875 0.6053996234375 0.41331721874999994 0.6019475625 0.417604640625 0.600144659375 0.4219496546875 0.599837175 0.430754859375 0.6106125812500001 0.45317100468750005 0.6294800453125 0.4802776984375 0.6327014937500001 0.48259418125 0.6392981328125 0.48282454062499996 0.644476225 0.47639340625 0.6449374531250001 0.463185596875 0.6357343328125 0.4430283453125
1 0.5708021343749999 0.4583927484375 0.55649779375 0.4424653296875 0.5500548968750001 0.43783236875 0.5434582578125 0.4376020078125 0.5400830671875 0.4396881296875 0.5366310046875 0.44397555312500003 0.53624665 0.45498205937499997 0.537742065625 0.4594422515625 0.5614801390624999 0.48892301875 0.5726399015625 0.5003326546875 0.5808857 0.5006206046874999 0.58606379375 0.49418947031249993 0.5866018921875 0.4787803609375 0.5708021343749999 0.4583927484375
1 0.443124990625 0.4737700375 0.4381775109375 0.47359726718750006 0.43142712968749997 0.477769509375 0.42782132500000003 0.4864595359375 0.4275907109375 0.493063440625 0.43065841718750003 0.499782525 0.46578686718749995 0.5340690234375 0.47568182343750004 0.5344145625000001 0.4807830453125 0.5301847296875 0.4825859484375 0.52583971875 0.48139801562500006 0.51257431875 0.4639490984375 0.49212911718749996 0.443124990625 0.4737700375
1 0.5913464828125 0.6266130921874999 0.5714028234375 0.6303246171875 0.5446319109375 0.6404096859374999 0.53945381875 0.6468408203125 0.538992590625 0.6600486265625001 0.5421371703125 0.6645664109375 0.547007778125 0.6669404812499999 0.5718989171875 0.663401728125 0.5902702875 0.6574313125 0.59702066875 0.6532590703125 0.6006264734375 0.64456904375 0.5977893812499999 0.63124605625 0.5913464828125 0.6266130921874999
1 0.853800640625 0.5343948484375 0.8470502609375 0.5385670921875 0.8240737609375 0.58184445 0.8203910859375 0.5927357765625 0.8200836015625 0.6015409828125 0.8248004671875 0.60831765625 0.8296710734375001 0.6106917265625 0.8397197750000001 0.6066346640625 0.8643454359374999 0.5634148953125 0.8679512390624999 0.5547248703125 0.86676330625 0.541459471875 0.86039728125 0.5346252078125 0.853800640625 0.5343948484375
1 0.8210623390625 0.3370968671875 0.810706153125 0.3499591359375 0.810321796875 0.3609656421875 0.8149617921875001 0.36994361875 0.8215584296875 0.370173978125 0.834982321875 0.36403079374999997 0.8519351468749999 0.351398884375 0.8706908734375001 0.3344219625 0.872724390625 0.3234730453125 0.8680843953125 0.3144950703125 0.8565402750000001 0.314091940625 0.8210623390625 0.3370968671875
0 0.5779440109375 0.3484428609375 0.5700056953125 0.3393497046875 0.56340905625 0.3391193453125 0.55838470625 0.3411478765625 0.5549326437500001 0.3454353 0.5531297421875 0.3497803140625 0.552668515625 0.3629881203125 0.5573085109375 0.371966096875 0.5621791171875 0.3743401671875 0.5687757578125 0.3745705265625 0.5774059125 0.36385196875000003 0.5792088140625 0.35950695625 0.5794394265625 0.35290305312500003 0.5779440109375 0.3484428609375
0 0.63627243125 0.4276192359375 0.6327434984375 0.4341079609375 0.6357343328125 0.4430283453125 0.643595778125 0.454322803125 0.6534907359375 0.45466834218749996 0.656942796875 0.45038091874999997 0.6587457 0.44603590625 0.6592069265625 0.43282809687499996 0.6529946437499999 0.42159123125000003 0.646474875 0.41915956874999993 0.641450525 0.4211881015625 0.63627243125 0.4276192359375
0 0.5059119375 0.42527093281250006 0.5041090374999999 0.4296159453125 0.50372468125 0.44062245312500004 0.5099369640625 0.45185931874999996 0.5214810812499999 0.4522624484375 0.5248562734375 0.45017632812499997 0.5283852062500001 0.443687603125 0.53034185 0.43493998749999996 0.5289233046875 0.42827849218749997 0.5226341484375 0.41924292812499997 0.51109003125 0.4188397984375 0.5059119375 0.42527093281250006
0 0.47963711875000004 0.4684331109375 0.474459025 0.4748642453125 0.47384405625000003 0.49247465625000003 0.475339475 0.49693484843749997 0.4817823703125 0.5015678125 0.4883790109375 0.501798171875 0.4917542015625 0.49971205 0.4987351953125 0.48893590312499996 0.4975472640625 0.4756705046875 0.49283039687499997 0.46889383125000006 0.4879597890625 0.4665197609375 0.47963711875000004 0.4684331109375
0 0.4166615625 0.47504989999999997 0.4099880515625 0.477020840625 0.4048099609375 0.48345197500000003 0.40300705781249996 0.4877969875 0.4026227015625 0.49880349687500003 0.4056904078125 0.5055225796875 0.4121333046875 0.5101555421875 0.41872994375 0.5103859015625 0.42383116562499995 0.5061560703125 0.4273600984375 0.4996673453125 0.4279750671875 0.48205693437499997 0.42483049062499995 0.47753914999999997 0.4166615625 0.47504989999999997
0 0.5293005203125001 0.512043125 0.5347092265625 0.4990080859375 0.53352129375 0.48574268906249995 0.5288044265625 0.478966015625 0.517260309375 0.47856288593749996 0.5121590874999999 0.48279271875 0.5085532828125 0.49148274374999995 0.5098180875 0.5025468421875 0.517756403125 0.5116399953124999 0.5293005203125001 0.512043125
0 0.4898324234375 0.5547445859375 0.4864572328125 0.55683070625 0.48292830000000003 0.5633194296874999 0.4810485265625 0.5698657453125 0.4823902015625 0.578728540625 0.48388561875 0.5831887328125 0.48867935625000003 0.5877641046875001 0.498574315625 0.5881096453125 0.5054015671875 0.5817361 0.5060165359375 0.5641256890624999 0.5029488296875 0.5574066046875 0.49972738124999994 0.555090125 0.4898324234375 0.5547445859375