1 0.41478491406250007 0.2526005234375 0.4142665265625 0.2822989703125 0.5023588328125 0.283836628125 0.5028772218750001 0.25413818125 0.41478491406250007 0.2526005234375
1 0.695662015625 0.40168032656249997 0.694567640625 0.464377046875 0.7430184093750001 0.4652227578125 0.7441127843750001 0.40252603750000004 0.695662015625 0.40168032656249997
1 0.47059295 0.5892000328125 0.46978656875 0.635397615625 0.54466503125 0.6367046234375 0.5454714125 0.590507040625 0.47059295 0.5892000328125
1 0.739866228125 0.56478521875 0.738743053125 0.629131853125 0.7739799765625001 0.629746915625 0.7751031515625 0.5654002828125 0.739866228125 0.56478521875
1 0.4130879078125 0.56185233125 0.41207993125 0.6195993093750001 0.47594685312499996 0.6207141109375 0.47695483125000004 0.5629671328125 0.4130879078125 0.56185233125
1 0.5930899921874999 0.40011603124999995 0.5925171734375 0.43293281562499997 0.6737603046875 0.43435092031250006 0.674333125 0.40153413593750004 0.5930899921874999 0.40011603124999995
1 0.6104469875 0.3781713875 0.6099202484374999 0.4083483078125 0.695413834375 0.409840603125 0.6959405750000001 0.3796636828125 0.6104469875 0.3781713875
1 0.5391072046875001 0.3748053609375 0.538201753125 0.426678646875 0.6046233515625 0.427838040625 0.605528803125 0.3759647546875 0.5391072046875001 0.3748053609375
0 0.4411705296875 0.6072156859375 0.4406835328125 0.6351157265625 0.4766031703125 0.6357427062500001 0.4770901671875 0.607842665625 0.4411705296875 0.6072156859375
0 0.6484437046875 0.48697815625 0.6479823390624999 0.5134097734374999 0.6865227218750001 0.5140824984375 0.6869840875000001 0.48765088125 0.6484437046875 0.48697815625
0 0.6672396859374999 0.42171869375000004 0.6667270578125 0.45108715781250003 0.702646696875 0.45171413749999995 0.703159325 0.42234567343749996 0.6672396859374999 0.42171869375000004
0 0.6095690234375 0.4309941421875 0.609073675 0.4593726578125 0.6469533671875001 0.46003385 0.6474487156250001 0.431655334375 0.6095690234375 0.4309941421875
0 0.5584220796875 0.44136546093750006 0.5579523609375 0.46827555312499997 0.5951933859375 0.468925596875 0.5956631031249999 0.44201550625 0.5584220796875 0.44136546093750006
0 0.5170865609375 0.4518997859375 0.5166168437499999 0.47880987812500003 0.55253648125 0.4794368578125 0.5530061984375 0.45252676562499994 0.5170865609375 0.4518997859375
0 0.5299299265624999 0.42665804375 0.5294515703125 0.4540631109375 0.5666925921875 0.45471315468749995 0.5671709500000001 0.4273080875 0.5299299265624999 0.42665804375
0 0.4914063890625 0.4250201203125 0.490911040625 0.45339863437499994 0.532072171875 0.4541171046875 0.5325675203125 0.42573859062499997 0.4914063890625 0.4250201203125
1 0.76429048125 0.6300448515625 0.7687238953125 0.6284718218750001 0.773214909375 0.6235989640625 0.77187658125 0.5740631125 0.76535605625 0.568998046875 0.7543733171875 0.567155925 0.7454776890625 0.5719519 0.744584909375 0.623099225 0.7489031265625 0.62812585 0.7532789421875 0.6298526453125 0.76429048125 0.6300448515625
1 0.517488021875 0.63398898125 0.5218638375 0.635715778125 0.535077684375 0.6359464265625 0.5417710062500001 0.631112009375 0.5419438015625 0.6212125281249999 0.531076259375 0.612770753125 0.496156128125 0.5940066390625 0.4917803125 0.5922798421875 0.476364159375 0.5920107515625 0.4719019453125 0.595233696875 0.469584440625 0.6017949109375 0.47170034843749997 0.6067830937500001 0.517488021875 0.63398898125
1 0.4143539515625 0.6107333578125 0.4230191859375 0.6191366921875 0.43182841562499996 0.6192904578125 0.43626183125000007 0.617717425 0.44741736718749997 0.6096600640625 0.47433464843750006 0.5820728296875 0.47450744375 0.572173346875 0.4657846125 0.5670698390625 0.45477307187499993 0.5668776328125 0.45033965781249996 0.5684506640625 0.432433203125 0.5846422687499999 0.41670025624999996 0.6025222296875 0.4143539515625 0.6107333578125
1 0.7165749375 0.46086950312499997 0.7209219546875001 0.4642462140625 0.7297311859375 0.46439997968749996 0.7341646 0.4628269484375 0.740857921875 0.4579925328125 0.7410307171875 0.44809305000000005 0.7262769484375 0.4098759453125 0.717554115625 0.40477243749999997 0.706542578125 0.40458023125000003 0.69987805625 0.407764734375 0.69753175 0.4159758625 0.7059089921874999 0.4408783328125 0.7165749375 0.46086950312499997
1 0.6185078671875 0.399742746875 0.675595071875 0.41064170625 0.6844331015625 0.4091455578125 0.6910976234375 0.4059610546875 0.6933575296875001 0.40269966874999996 0.6935015265625 0.39445010156250004 0.68477869375 0.38934659374999997 0.6386454296874999 0.38193966874999996 0.6210269687500001 0.38163213749999997 0.614362446875 0.384816640625 0.612073740625 0.38972793906250003 0.6185078671875 0.399742746875
1 0.633376834375 0.43136019687499993 0.66638265 0.43358673124999997 0.6730759703125 0.428752315625 0.6732487671875 0.41885283281249996 0.671104059375 0.41551456406250004 0.6601501187500001 0.41202252968749997 0.6206237781249999 0.4047309296875 0.6008030078125 0.40438495625000004 0.5941096859375 0.4092193734375 0.5939944890625 0.41581902812499993 0.6004862140625 0.4225340078125 0.633376834375 0.43136019687499993
1 0.5563248640625 0.42836483281250004 0.560758278125 0.426791803125 0.5875315640625 0.407454134375 0.6032069109375 0.392874003125 0.605553215625 0.38466287499999996 0.599061490625 0.3779478953125 0.58584764375 0.37771724687499997 0.541196703125 0.41159660625 0.54102390625 0.4214960890625 0.5475444328125 0.4265611546875 0.5563248640625 0.42836483281250004
1 0.41819950625 0.264213040625 0.41802671093750005 0.27411252343750003 0.4223449296875 0.279139146875 0.4377322828125 0.28105815 0.459784159375 0.2797926515625 0.4929051734375 0.27541953124999996 0.4995984953125 0.2705851140625 0.4997424921875 0.2623355453125 0.49759778125 0.258997278125 0.48884615 0.25554368437499997 0.484441534375 0.2554668015625 0.4315285515625 0.25784403437500003 0.4204594140625 0.26095165468750003 0.41819950625 0.264213040625
0 0.46460383906249997 0.6347163015625 0.46903725312500005 0.6331432703125001 0.47799047968749997 0.6250474671874999 0.47596096875000005 0.61510954375 0.47161395156249997 0.6117328343749999 0.45625539687499994 0.6081639156249999 0.43846413906250004 0.6177558671875001 0.438377740625 0.6227056078125 0.44921648281250004 0.632797296875 0.45359229843750004 0.63452409375 0.46460383906249997 0.6347163015625
0 0.49651696406249995 0.44712587812500004 0.505239796875 0.4522293859375 0.5184536421875 0.45246003437500004 0.52288705625 0.4508870046875 0.5296091781250001 0.4444026734375 0.529724375 0.43780301875000005 0.5254349578124999 0.4311264796875 0.516683325 0.4276728875 0.5056717859375001 0.4274806796875 0.501238371875 0.4290537125 0.4945162515625 0.43553804218750003 0.49437225468749996 0.443787609375 0.49651696406249995 0.44712587812500004
0 0.520281559375 0.47394735312499997 0.529004390625 0.47905086093750004 0.5400159296875 0.4792430671875 0.5444493453125 0.4776700359375 0.551142665625 0.47283562031250004 0.5513442609375 0.46128622343750003 0.549199553125 0.45794795468749994 0.5360721046875 0.452767565625 0.52946518125 0.452652240625 0.5250317671875 0.45422527187500006 0.5183096453125 0.4607096015625 0.51813685 0.47060908437500004 0.520281559375 0.47394735312499997
0 0.5448525359375 0.4545712453125 0.553661765625 0.45472501093749995 0.55809518125 0.4531519796875 0.5625573953125 0.4499290359375 0.5671060078125 0.44175635 0.5628453890625 0.43342989843749996 0.5452845265625 0.429822540625 0.5341865890624999 0.43458007500000007 0.5319266828125 0.43784145937499996 0.5318114859375 0.44444111406250003 0.54047671875 0.4528444484375 0.5448525359375 0.4545712453125
0 0.5623558 0.46147843125000004 0.5710498328125 0.4682318515625 0.5842636796875 0.46846249999999995 0.58869709375 0.46688946875 0.5954192140625 0.4604051390625 0.5955632109375 0.45215557031250003 0.5934185015625 0.4488173015625 0.5890714859374999 0.44544059062499997 0.5824933609375 0.44367535468749997 0.5692795171875 0.44344470625000004 0.5648173015625 0.44666765 0.5602974890625 0.4531904203125 0.5623558 0.46147843125000004
0 0.6218757078125 0.459216521875 0.6372918609375 0.4594856125 0.6439851812499999 0.4546511953125 0.6462450890625 0.451389809375 0.646417884375 0.4414903265625 0.642099665625 0.4364637046875 0.6245100046875 0.43450625781249996 0.615643175 0.4376523203125 0.61335446875 0.4425636203125 0.6131816734375 0.45246310312500004 0.617499890625 0.45748972656250003 0.6218757078125 0.459216521875
0 0.660595665625 0.51270570625 0.6693760984375 0.5145093843749999 0.678214128125 0.5130132374999999 0.68716735625 0.5049174359374999 0.687282553125 0.4983177796875 0.6807908265625 0.49160280156249997 0.67203919375 0.48814920937500006 0.665432271875 0.48803388437499995 0.66099885625 0.4896069140625 0.6520744281249999 0.4960528046875 0.65190163125 0.5059522859375 0.660595665625 0.51270570625
0 0.6969557640625 0.4489741359375 0.703706684375 0.44083989062500006 0.6994748640624999 0.430863525 0.6929543390624999 0.425798459375 0.677538184375 0.4255293703125 0.668556159375 0.4352750875 0.6706144703125 0.443563096875 0.6815108109375 0.4503549578125 0.6925223500000001 0.450547165625 0.6969557640625 0.4489741359375