1 0.6208307953125 0.599506553125 0.558748746875 0.5984229062499999 0.5580658265625 0.63754738125 0.620147875 0.638631028125 0.6208307953125 0.599506553125
1 0.4467550765625 0.31077671093750003 0.3830392921875 0.3096645484375 0.38231843125 0.35096260468749996 0.4460342171875 0.3520747671875 0.4467550765625 0.31077671093750003
1 0.665310315625 0.42917210156249996 0.6310018140625 0.4285732453125 0.62956009375 0.5111693578125001 0.6638685953125 0.511768215625 0.665310315625 0.42917210156249996
1 0.4628596734375 0.352579359375 0.42855117187499997 0.3519805015625 0.4271094515625 0.434576615625 0.4614179515625 0.43517547187499994 0.4628596734375 0.352579359375
1 0.4311142796875 0.5605417828125 0.40334073437500007 0.5600569937500001 0.401823134375 0.6470002703125 0.4295966796875 0.647485059375 0.4311142796875 0.5605417828125
1 0.561122228125 0.621515671875 0.5137438249999999 0.620688678125 0.5124538640625 0.6945904656249999 0.5598322671875 0.6954174578125001 0.561122228125 0.621515671875
1 0.3934647421875 0.6577255953125001 0.333016434375 0.6566704671875 0.33206793437500004 0.7110100140625 0.39251624218750003 0.7120651437500001 0.3934647421875 0.6577255953125001
1 0.374279003125 0.6806529453125 0.31219695625 0.6795693 0.31128639687500004 0.731735265625 0.3733684421875 0.7328189125 0.374279003125 0.6806529453125
0 0.536988759375 0.41398896562500004 0.5092152125 0.41350417500000003 0.5085322921875 0.45262865 0.5363058390625 0.45311343906249996 0.536988759375 0.41398896562500004
0 0.509311840625 0.5150756796875 0.4799045546875 0.514562375 0.47918369531250005 0.5558604296875 0.50859098125 0.5563737359375 0.509311840625 0.5150756796875
0 0.477167665625 0.5268012546875 0.45120756718750005 0.52634811875 0.4505914203125 0.561647090625 0.47655151875 0.562100225 0.477167665625 0.5268012546875
0 0.44591183125 0.535757128125 0.419951734375 0.53530399375 0.419362146875 0.5690814578125 0.44532224375 0.5695345921875 0.44591183125 0.535757128125
0 0.41515756875000004 0.5314262546874999 0.388919734375 0.5309682718750001 0.38827058124999997 0.5681582609375 0.414508415625 0.56861624375 0.41515756875000004 0.5314262546874999
0 0.2949946359375 0.599165528125 0.2667473046875 0.59867246875 0.266091321875 0.6362536999999999 0.29433865312499996 0.636746759375 0.2949946359375 0.599165528125
1 0.6371201765625 0.5089161734375 0.6452888671875 0.509058759375 0.648594284375 0.5069422125 0.6537231390625 0.493986271875 0.6607133703125 0.46801735468750005 0.666031925 0.44419350625 0.6645120062500001 0.4376442421875 0.658090875 0.43100942968749995 0.651555921875 0.4308953609375 0.64490715 0.43730203906250004 0.6362072999999999 0.4675896 0.6325983625 0.4870948046875 0.6323327828124999 0.5023098765625 0.6371201765625 0.5089161734375
1 0.5678984546875 0.6359883125 0.6055503109375 0.6322970390625 0.6154286203125 0.6281209765625 0.6187719765625 0.623830846875 0.61903755625 0.6086157734375 0.6126164234375 0.601980959375 0.6028139968749999 0.6018098578125 0.5700254140625 0.6077602640624999 0.5634525218750001 0.6098197765625 0.560109165625 0.6141099078125001 0.5598435859374999 0.62932498125 0.56303518125 0.6337291781250001 0.5678984546875 0.6359883125
1 0.5156947171875 0.6307286046875 0.5155429578125 0.63942293125 0.5313112375 0.6723118296874999 0.542443884375 0.6899001046875 0.5456734203125 0.692130721875 0.5522083734375001 0.692244790625 0.5555137890624999 0.690128240625 0.5588571453125 0.6858381125 0.5590847859375 0.67279661875 0.5464701609375 0.6464855 0.5321459187500001 0.6244930281250001 0.5289163828125 0.6222624109375 0.52238143125 0.6221483437499999 0.5190760140624999 0.6242648921875 0.5156947171875 0.6307286046875
1 0.4269014453125 0.5682998734375 0.42048031249999995 0.561665059375 0.412311621875 0.5615224750000001 0.4055869703125 0.5722763171875 0.4110216609375 0.6354242609375 0.41257952031249995 0.6397999421875 0.41740485468750005 0.64423265625 0.42230606875000004 0.6443182078125 0.4289548390625 0.6379115296875 0.4308541578125 0.6227249734375 0.4269014453125 0.5682998734375
1 0.39020272500000003 0.7046366796875 0.393697840625 0.691652221875 0.3873525890625 0.6806702437500001 0.34688853750000004 0.6582215 0.3436210609375 0.658164465625 0.3369722890625 0.66457114375 0.335186790625 0.6732369546875 0.33830250781250004 0.6819883171875001 0.343127840625 0.68642103125 0.377056940625 0.7087557078125 0.38685936875000004 0.7089268093750001 0.39020272500000003 0.7046366796875
1 0.3538052078125 0.7300922890625 0.3652413734375 0.7302919078125 0.3702564078125 0.7238567125 0.3721177859375 0.7108437375000001 0.370559928125 0.7064680562500001 0.36254299687499997 0.6976311453124999 0.326866340625 0.6817886984375 0.31702597187500003 0.6837911765625 0.31364467500000004 0.6902548890625 0.313454975 0.7011227984375 0.31660863125 0.707700578125 0.3376195875 0.721112790625 0.3538052078125 0.7300922890625
1 0.44399530781249996 0.4316208640625 0.4473386640625 0.4273307359375 0.45596263437499995 0.4013903359375 0.46135706875000004 0.373219321875 0.46154676875 0.36235141249999997 0.456759375 0.355745115625 0.4502623640625 0.35345746562499997 0.4436515296875 0.35769056093749996 0.4402322953125 0.36632785625 0.42792350625 0.41612062187500004 0.4293675453125 0.4270170484375 0.43578867812500005 0.4336518625 0.44399530781249996 0.4316208640625
1 0.42419843437500004 0.3486540296875 0.44053581406250003 0.3489392 0.4438791703125 0.34464906875 0.44570260937499995 0.333809678125 0.44414475 0.329433996875 0.43772361875000004 0.3227991828125 0.3987036046875 0.3112468640625 0.39216865312500004 0.311132796875 0.3855198796875 0.3175394734375 0.3852543 0.33275454843749996 0.3868121578125 0.33713022812500004 0.39327123125 0.34159146093750004 0.42419843437500004 0.3486540296875
0 0.5336612015625 0.44405720937500004 0.5355225796874999 0.431044234375 0.5340026625000001 0.424494971875 0.5292152671875 0.41788867500000004 0.5227182546875 0.41560102499999996 0.514473684375 0.41980560312500004 0.5093827703125 0.43058796250000003 0.5091930703124999 0.44145587343750003 0.5139804640625 0.4480621703125 0.5172100000000001 0.4502927859375 0.5270124296875001 0.45046388750000005 0.5336612015625 0.44405720937500004
0 0.5057382125000001 0.5457592890625 0.5074478296875 0.5414406421875 0.5076754703125 0.5283991515625 0.501292278125 0.5195907546874999 0.4898561109375 0.5193911359375 0.4832073390625 0.5257978125 0.48149772031250004 0.5301164609375 0.48134596093750004 0.5388107875 0.48605747499999996 0.5497642484374999 0.4892870109375 0.5519948640625 0.4990894390625 0.552165965625 0.5057382125000001 0.5457592890625
0 0.4744695484375 0.55825895625 0.47788878593749995 0.5496216640625 0.47804054531249995 0.5409273359375 0.4764826859375 0.5365516546875 0.46846575625 0.52771474375 0.461930803125 0.527600675 0.4586253875 0.529717221875 0.45361035312500003 0.5361524171875 0.4533068328125 0.5535410734374999 0.4613237640625 0.5623779859375 0.4678587171875 0.562492053125 0.4744695484375 0.55825895625
0 0.44373204531250005 0.5403284796875 0.4389067125 0.5358957640625001 0.43073802031249997 0.5357531796874999 0.4274326046875 0.5378697265625 0.420707953125 0.54862356875 0.420518253125 0.559491478125 0.4285351828125 0.568328390625 0.4383376125 0.5684994921875 0.4449863828125 0.562092815625 0.44680982187499996 0.551253421875 0.44373204531250005 0.5403284796875
0 0.414021240625 0.557203828125 0.415730859375 0.55288518125 0.4142868203125 0.5419887546875 0.40626989062499996 0.5331518421875 0.3997349375 0.533037775 0.39642952187499997 0.535154321875 0.3897048703125 0.5459081640625 0.3911109671875 0.558978171875 0.392668825 0.563353853125 0.397494159375 0.5677865671875 0.40402911093749994 0.5679006359375001 0.414021240625 0.557203828125
0 0.2818804734375 0.6375185828125 0.29012504375 0.633314003125 0.2934684015625 0.6290238734375 0.29517801875 0.6247052265625 0.29540565937499996 0.611663734375 0.2906562046875 0.60288385625 0.28579293125 0.6006247234375001 0.2743567640625 0.6004251046875 0.27101340937499996 0.6047152328125 0.26926585 0.6112074625 0.26900027031249996 0.6264225359375 0.27215392656250004 0.633000315625 0.2818804734375 0.6375185828125