1 0.3364652171875 0.5195958421875 0.3386747625 0.5828689625 0.3862648015625 0.58120708125 0.38405525625000003 0.5179339609375 0.3364652171875 0.5195958421875
1 0.5934230421875 0.6043908375 0.5955759328125 0.66604156875 0.643165971875 0.6643796890625 0.64101308125 0.60272895625 0.5934230421875 0.6043908375
1 0.474115121875 0.6500580921875 0.4762680140625 0.711708825 0.5303476046875 0.7098203234375 0.5281947140625001 0.648169590625 0.474115121875 0.6500580921875
1 0.5341332765625 0.384080684375 0.5362861671875 0.44573141562499996 0.5708971046875 0.444522775 0.5687442140625001 0.38287204375 0.5341332765625 0.384080684375
1 0.5516146328125 0.5405886609375 0.5538241796875 0.60386178125 0.5905983 0.6025776015625001 0.588388753125 0.5393044796875001 0.5516146328125 0.5405886609375
1 0.4849603046875 0.41341206562500005 0.48711319687500004 0.4750627984375 0.5325400515625 0.4734764578125 0.5303871609375 0.41182572500000003 0.4849603046875 0.41341206562500005
1 0.601308421875 0.5200935109375 0.6032346937499999 0.57525469375 0.6681302 0.5729884921874999 0.6662039296875 0.517827309375 0.601308421875 0.5200935109375
1 0.5231608296875 0.45297474062500004 0.524917134375 0.503268759375 0.5963021953125 0.5007759390625 0.5945458890624999 0.4504819203125 0.5231608296875 0.45297474062500004
0 0.646104425 0.6216309671875 0.6471808703125 0.652456334375 0.686118175 0.6510966140625001 0.6850417296875 0.620271246875 0.646104425 0.6216309671875
0 0.6283752703125 0.510868921875 0.6293950609375 0.5400718984374999 0.6704955515625 0.5386366390624999 0.6694757609375 0.5094336609375001 0.6283752703125 0.510868921875
0 0.5956359734375 0.4896365578125 0.5966557640625 0.5188395375 0.6377562515624999 0.5174042765625 0.6367364624999999 0.48820129687499997 0.5956359734375 0.4896365578125
0 0.4712591 0.3688127375 0.4721531171875 0.394414015625 0.5072615875 0.3931880015625 0.5063675703125 0.3675867234375 0.4712591 0.3688127375
0 0.4096121140625 0.46286401093749996 0.41057015 0.49029858906249996 0.44762548593749996 0.48900458750000003 0.4466674484375 0.4615700109375 0.4096121140625 0.46286401093749996
0 0.4910859203125 0.60135498125 0.4920178953125 0.6280432609375 0.5280997984375 0.6267832531249999 0.5271678234375 0.6000949734375001 0.4910859203125 0.60135498125
0 0.53870318125 0.6088454546875 0.5396096625 0.6348036578125 0.57519403125 0.633561025 0.57428755 0.6076028203125 0.53870318125 0.6088454546875
1 0.5499901359375 0.4430258578125 0.5629692375 0.44257261718749996 0.5692321687499999 0.435856446875 0.56838234375 0.4115206296875 0.5656526078125 0.39537229375 0.5632628046875 0.38895828125 0.5587664718750001 0.3842421984375 0.55438345 0.3827708921875 0.545730715625 0.3830730515625 0.53941113125 0.388166834375 0.5374179109375 0.3931095375 0.538381046875 0.4206901296875 0.540997471875 0.433593690625 0.5433306203125 0.4383853140625 0.5499901359375 0.4430258578125
1 0.522775228125 0.46996607968750004 0.527044940625 0.46819261250000005 0.5290948140625 0.464872296875 0.5286982296875 0.453515584375 0.5214721625000001 0.4326511625 0.5144727171875 0.41827629375 0.509976384375 0.4135602109375 0.5055933640625 0.412088903125 0.49477744531249995 0.4124666046875 0.48845785781249995 0.4175603875 0.4865212953125 0.424125478125 0.4913575578125 0.4385758875 0.5075762890625 0.46887247343749994 0.509796128125 0.47041932031249994 0.522775228125 0.46996607968750004
1 0.5518597515625 0.4965646515625 0.59194045 0.4659264109375 0.591657175 0.4578144734375 0.5849976578125 0.45317393125 0.57201855625 0.4536271703125 0.565642315625 0.45709856562500006 0.5444637203125 0.4708330671875 0.5276114921875 0.484416490625 0.5255616187500001 0.48773680625000004 0.52584489375 0.49584874375 0.5346675921874999 0.500413746875 0.5454835109375 0.500036046875 0.5518597515625 0.4965646515625
1 0.626427784375 0.52319926875 0.617661740625 0.5202566546875 0.6090090046875 0.5205588140625 0.602746075 0.527274984375 0.6029726953125001 0.5337645359375001 0.632170528125 0.5636078828125 0.6432697203125 0.5713421203125 0.656248821875 0.5708888796875 0.66461828125 0.5624747812499999 0.6622284781250001 0.55606076875 0.6464629875 0.5387432859375 0.626427784375 0.52319926875
1 0.581387221875 0.5978685953125 0.58548696875 0.591227965625 0.5870836015625 0.5749285484375 0.5860638109375 0.54572556875 0.581567478125 0.5410094859375 0.57718445625 0.5395381796875001 0.568531721875 0.5398403390625 0.5601056078125 0.54663205 0.5581123890625 0.5515747531249999 0.5565724125 0.569496559375 0.557535546875 0.5970771484374999 0.5641384078125 0.600095303125 0.5771175093750001 0.5996420640625 0.581387221875 0.5978685953125
1 0.6393863015625 0.646198575 0.629883740625 0.62216491875 0.618501271875 0.6063187421875 0.6141182515625 0.604847434375 0.6033023328125 0.6052251359375 0.5969827484375 0.61031891875 0.594989528125 0.615261621875 0.6114348796875 0.6520477578125 0.6182643609375 0.6615554640625 0.6226473828125 0.663026771875 0.635626484375 0.66257353125 0.6397828859375 0.6575552890624999 0.6393863015625 0.646198575
1 0.5049186953125 0.702874003125 0.5172179359375 0.6829521093750001 0.5253041203125 0.6664260734375 0.524907534375 0.655069359375 0.51824801875 0.6504288171875 0.5095386296875 0.6491085890625 0.5052689171875 0.6508820578125001 0.4989493328125 0.655975840625 0.4927997109375 0.6659367859375 0.478733871875 0.6972909328125 0.4811803296875 0.70532733125 0.48562000781250003 0.7084210265625 0.4985991078125 0.7079677859375 0.5049186953125 0.702874003125
1 0.3820446921875 0.5333576812499999 0.381818071875 0.52686813125 0.379541578125 0.52369889375 0.3751019015625 0.5206051984375 0.3621227984375 0.5210584390624999 0.353753340625 0.5294725390624999 0.339857465625 0.565693846875 0.340140740625 0.5738057875 0.3424172328125 0.5769750218749999 0.3490200953125 0.579993178125 0.361999196875 0.5795399375 0.36831878281249997 0.5744461546874999 0.3820446921875 0.5333576812499999
0 0.50673675625 0.38281038437500003 0.506566790625 0.37794322187499996 0.502013803125 0.3716047515625 0.4954109421875 0.3685865953125 0.48243184218749996 0.3690398359375 0.4759989453125 0.37088884375000003 0.47184254374999995 0.3759070875 0.47218247343749997 0.3856414125 0.47445896718749997 0.3888106484375 0.48328166718750004 0.3933756515625 0.49409758593750003 0.39299795 0.502637009375 0.389451015625 0.50673675625 0.38281038437500003
0 0.44729042343750003 0.47909953281249995 0.44695049375 0.46936520625 0.44023432187499995 0.46310227656249997 0.433688115625 0.4617065078125 0.42503538125 0.46200866874999996 0.41649595625 0.46555560468749996 0.4123962109375 0.47219623437499997 0.4126794859375 0.4803081734375 0.4171758171875 0.4850242578125 0.42594186250000005 0.487966871875 0.4324314125 0.48774025156249995 0.44524054843750005 0.48241984843749997 0.44729042343750003 0.47909953281249995
0 0.6016696296874999 0.49644961875 0.5998463765625 0.506259484375 0.606562546875 0.5125224140625 0.617491775 0.5153894890624999 0.62181814375 0.515238409375 0.632407440625 0.508371159375 0.6342873484375 0.50018368125 0.6297343609375 0.49384521093749995 0.625294684375 0.49075151562499997 0.6122589281249999 0.48958236718750003 0.6016696296874999 0.49644961875
0 0.665591709375 0.5283291 0.6652517796875 0.5185947734374999 0.6607554484375 0.5138786890625 0.651989403125 0.5109360734374999 0.6454998515625 0.51116269375 0.63906695625 0.5130117015625 0.6348539 0.5164075593749999 0.63081080625 0.5246705765625 0.6420233093750001 0.5356495906250001 0.6464063328125 0.5371208984375 0.6550590656249999 0.5368187375 0.6635418359374999 0.5316494140625 0.665591709375 0.5283291
0 0.518711553125 0.60168164375 0.5143285296875 0.6002103375 0.5035126109375 0.6005880375 0.4950298421875 0.6057573625 0.49297996875 0.6090776765625 0.4933198984375 0.6188120031250001 0.50003606875 0.6250749328125 0.5130718265625 0.6262440812500001 0.5216112515625 0.6226971453125 0.5258243078125 0.619301290625 0.52537106875 0.6063221890625 0.518711553125 0.60168164375
0 0.5715344390625 0.6258268874999999 0.5710811984374999 0.6128477859375 0.5622584984375 0.6082827843749999 0.553549109375 0.60696255625 0.5471162140625 0.6088115640625 0.5407966296875 0.613905346875 0.538803409375 0.61884805 0.5390300296875 0.6253376 0.5413065234375 0.6285068359375 0.5501292234374999 0.6330718390625 0.5631083234375 0.6326185984375 0.5673780359375 0.63084513125 0.5715344390625 0.6258268874999999
0 0.6545852421875 0.6472921828125 0.6589682625 0.648763490625 0.671947365625 0.64831025 0.6825366640625 0.6414429984375001 0.682196734375 0.631708671875 0.6732607234375 0.6238988937500001 0.6602249671875 0.6227297453125 0.64963566875 0.6295969968749999 0.6477557593750001 0.637784475 0.6545852421875 0.6472921828125