1 0.4357344046875 0.681659203125 0.436743371875 0.6238555078125 0.38675098750000003 0.6229828875 0.3857420203125 0.6807865828125 0.4357344046875 0.681659203125
1 0.66062815 0.7663470390625 0.66169165625 0.7054188203125 0.6283634 0.7048370734375 0.62729989375 0.7657652921875 0.66062815 0.7663470390625
1 0.5288818734375 0.5932073171875001 0.5295908781249999 0.5525885046875 0.4546023015625 0.5512795734375 0.453893296875 0.5918983859375 0.5288818734375 0.5932073171875001
1 0.6567373562500001 0.5928152046874999 0.6576372453125 0.5412605578125 0.59722978125 0.5402061421875 0.5963298921875 0.5917607890625 0.6567373562500001 0.5928152046874999
1 0.6580197984375 0.638716453125 0.6590833046875 0.577788234375 0.6257550468749999 0.5772064875 0.624691540625 0.63813470625 0.6580197984375 0.638716453125
1 0.5518081359375 0.5545390453125 0.552844371875 0.4951730890625 0.5049350046875001 0.49433682812499996 0.50389876875 0.553702784375 0.5518081359375 0.5545390453125
1 0.292754246875 0.51251153125 0.29379048281250003 0.4531455734375 0.260462225 0.4525638265625 0.25942598906250003 0.511929784375 0.292754246875 0.51251153125
0 0.5124295296875 0.53303445625 0.512920378125 0.5049137406249999 0.47750910468749996 0.504295634375 0.47701825624999994 0.53241635 0.5124295296875 0.53303445625
0 0.47548141718750003 0.6285791749999999 0.475944996875 0.6020207203125 0.4384507078125 0.6013662546874999 0.43798712812499996 0.627924709375 0.47548141718750003 0.6285791749999999
0 0.500842396875 0.6452415109375 0.501333246875 0.6171207937500001 0.46383895781250006 0.616466328125 0.46334810937500004 0.6445870453125 0.500842396875 0.6452415109375
0 0.53289884375 0.6363183640625001 0.53338969375 0.608197646875 0.49589540468750004 0.60754318125 0.49540455625 0.6356638984375 0.53289884375 0.6363183640625001
1 0.33846609375000003 0.5220201359375001 0.3394458828125 0.4658880609375 0.2926613421875 0.465071434375 0.291681553125 0.521203509375 0.33846609375000003 0.5220201359375001
0 0.296675853125 0.6648203578125 0.297112709375 0.6397929203125 0.2623680015625 0.6391864484374999 0.26193114687499996 0.6642138859375 0.296675853125 0.6648203578125
0 0.35142352187500003 0.770479428125 0.35187837499999997 0.7444208984375 0.316425440625 0.7438020640625 0.3159705875 0.7698605953125 0.35142352187500003 0.770479428125
0 0.30288838125 0.7583414625 0.3032251578125 0.7390475265625 0.26720981250000003 0.7384188765624999 0.266873034375 0.7577128125 0.30288838125 0.7583414625
1 0.2882686375 0.4541102890625 0.2737147953125 0.4522935125 0.26952149375 0.45378305625 0.265273653125 0.45839712343750005 0.263054290625 0.46617207499999996 0.26239982500000003 0.5036663640625 0.27059554218750004 0.5116231109375 0.2810106234375 0.51180490625 0.2894244953125 0.5072635562500001 0.2940268375 0.4823400828125 0.2942449921875 0.4698419875 0.2882686375 0.4541102890625
1 0.3171309 0.47180419999999995 0.310963659375 0.4670083359375 0.3026588640625 0.46530063750000006 0.2984655640625 0.46679018125000005 0.2963552765625 0.46831608437499994 0.2960825828125 0.4839387046875 0.30814436875 0.5091530515625 0.31631281875 0.5186720609375 0.3204515796875 0.520307040625 0.3308666609375 0.5204888375000001 0.3371975171875 0.5159111281250001 0.3373611328125 0.50653755625 0.3171309 0.47180419999999995
1 0.435246159375 0.6285769718750001 0.42907892031249995 0.6237811093750001 0.41866383906250004 0.6235993125 0.41022269843750003 0.6297029249999999 0.4016724796875 0.642055584375 0.38871080468749997 0.6683958828125001 0.39271321875 0.6778421734375 0.39685198125 0.6794771546875 0.4072670625 0.67965895 0.41359791875 0.6750812421875 0.4350007359375 0.64263733125 0.437192828125 0.6364246421875001 0.435246159375 0.6285769718750001
1 0.5113255125 0.5673954218749999 0.4761596640625 0.5527169578125 0.46157855156250005 0.55246244375 0.45735798125000005 0.55551425 0.45516588750000003 0.5617269375 0.45716709531250005 0.5664500828125 0.4612785890625 0.5696473265625001 0.5067504390625001 0.590756634375 0.5192485359375001 0.5909747890625 0.5234418375 0.5894852453125 0.527716946875 0.583308915625 0.525770278125 0.575461246875 0.5113255125 0.5673954218749999
1 0.5271337468749999 0.49734814531250005 0.51463565 0.49712999062499996 0.51041508125 0.5001817953125001 0.508277525 0.5032699609375 0.5081139078125 0.5126435328125 0.5221223640625 0.54570555 0.5282623359375 0.5520636750000001 0.5449264625 0.5523545484375 0.549174303125 0.54774048125 0.54933791875 0.538366909375 0.5333009859375 0.502144009375 0.5271337468749999 0.49734814531250005
1 0.6575456749999999 0.546506634375 0.6513784359375 0.5417107703124999 0.6367973234375001 0.5414562562499999 0.6304664671875 0.5460339656250001 0.6135296453125 0.5613657125 0.5986213 0.5798583421875 0.6005952375 0.5861437484375001 0.6088454953125 0.5909759718750001 0.617177559375 0.591121409375 0.6213708609374999 0.589631865625 0.6361428578125 0.5789505453125 0.657409328125 0.55431794375 0.6575456749999999 0.546506634375
1 0.6567821328125001 0.5902499703124999 0.6527524484375 0.5823659421875 0.6486409546874999 0.5791687 0.6382258734375 0.5789869046875 0.6340325734375 0.5804764484375 0.6297847328125 0.5850905156249999 0.6291575375 0.6210225421875 0.6310496671875 0.6319947359375 0.6392999234375 0.6368269578125 0.6497150031250001 0.6370087546875001 0.6560185890625 0.6339933078125 0.6581561453125 0.6309051421875 0.65859245625 0.60590895 0.6567821328125001 0.5902499703124999
1 0.6505981671875001 0.7057846421875 0.6381000703125 0.7055664875 0.63390676875 0.7070560312499999 0.62954985 0.717919146875 0.6330341484375 0.757048415625 0.641229865625 0.7650051625 0.645395896875 0.76507788125 0.651672215625 0.763624696875 0.658030340625 0.7574847265625 0.658821153125 0.7121791265625 0.654736928125 0.7074196234375 0.6505981671875001 0.7057846421875
0 0.29738533125 0.648048934375 0.29535685312500004 0.6448880515625001 0.287133865625 0.6384935671874999 0.2746357703125 0.6382754125 0.2704424703125 0.63976495625 0.2619740578125 0.6474308296875 0.26183771093749997 0.6552421390625 0.265921934375 0.66000164375 0.274199459375 0.6632716046875 0.28461454062499997 0.6634534000000001 0.2888078421875 0.66196385625 0.2951386984375 0.6573861484375 0.29730352187500003 0.6527357203124999 0.29738533125 0.648048934375
0 0.2791123078125 0.7399315203125 0.26858815156250004 0.7459987734375 0.2664505953125 0.7490869375 0.2663687875 0.7537737234375 0.27256329687499997 0.757007325 0.2892819640625 0.754173675 0.29777764375000004 0.7449455390625 0.295830975 0.7370978703125 0.2874989125 0.736952434375 0.2791123078125 0.7399315203125
0 0.3162793640625 0.75933313125 0.32241933437500003 0.76569125625 0.3265580984375 0.7673262359375 0.341139209375 0.76758075 0.3516906375 0.7599512359375 0.3476882203125 0.7505049453125 0.3332161859375 0.744001384375 0.3206362828125 0.7484700140625 0.3162793640625 0.75933313125
0 0.489448571875 0.5076295140625 0.4831449859375 0.5106449609375 0.4788698765625 0.516821290625 0.47878806875 0.5215080765625 0.48284502187499995 0.52782984375 0.48903953125 0.5310634453125 0.5036206453125 0.531317959375 0.5120345171875 0.5267766093749999 0.508141178125 0.5110812703125001 0.5040296859375 0.507884028125 0.489448571875 0.5076295140625
0 0.475150696875 0.610520653125 0.4669549796875 0.60256390625 0.4628162171875 0.6009289250000001 0.45029085156250004 0.6022730328125 0.44398726406250005 0.6052884796875 0.44182244062500003 0.60993890625 0.4417133625 0.6161879546875 0.4437145703125 0.6209110984375 0.456130859375 0.625816040625 0.46237990625 0.6259251171875 0.4707937796875 0.62138376875 0.47504161875 0.6167697015625 0.475150696875 0.610520653125
0 0.4958172421875 0.6202578171875001 0.4854567 0.616951496875 0.47501435000000003 0.6183319625 0.4665459390625 0.6259978359375 0.4664095921875 0.633809146875 0.47463257812500004 0.64020363125 0.4787713421875 0.6418386109374999 0.48710340468749996 0.6419840484375 0.4933797234375 0.6405308640625 0.49760029375 0.6374790578125 0.5019026734375001 0.6297404656250001 0.4958172421875 0.6202578171875001
0 0.518948571875 0.608159671875 0.50853349375 0.607977875 0.504340190625 0.60946741875 0.498009334375 0.614045128125 0.4958445109375 0.6186955546874999 0.4998741953125 0.6265795828125 0.5060414359375 0.631375446875 0.5206225484375 0.6316299609375 0.5290636890625 0.62552635 0.5312557828125 0.6193136609375001 0.5292545750000001 0.614590515625 0.518948571875 0.608159671875
0 0.5772395671874999 0.8498387984375 0.571072328125 0.8450429343750001 0.56485055 0.8433715953125 0.5460761359374999 0.8446066249999999 0.5418555656249999 0.8476584296875 0.539690740625 0.8523088578125 0.5395816625000001 0.8585579046875 0.541610140625 0.8617187890625001 0.54777738125 0.8665146515625001 0.553999159375 0.8681859921875 0.57069055625 0.8669146031249999 0.5770486828125 0.8607746328125 0.5772395671874999 0.8498387984375
0 0.57830130625 0.8677975640625 0.5787245265625 0.8435512562499999 0.5379807328124999 0.842840071875 0.5375575125000001 0.867086378125 0.57830130625 0.8677975640625