1 0.299275540625 0.3899583765625 0.24209470781250003 0.38896028125000004 0.2409944484375 0.45199415781249996 0.2981752796875 0.452992253125 0.299275540625 0.3899583765625
1 0.1673332671875 0.43699326406249994 0.1068849578125 0.435938134375 0.105784696875 0.4989720109375 0.16623300624999998 0.5000271406250001 0.1673332671875 0.43699326406249994
1 0.1367831390625 0.5597200875 0.1073758546875 0.55920678125 0.10585825468750001 0.646150059375 0.1352655390625 0.646663365625 0.1367831390625 0.5597200875
1 0.6201221796875 0.7118199875 0.556406396875 0.7107078234374999 0.5558372968749999 0.7433115531250001 0.6195530796875001 0.744423715625 0.6201221796875 0.7118199875
1 0.6196895875 0.3840103359375 0.5723111828125 0.3831833421875 0.5710212218749999 0.457085128125 0.6183996265625 0.457912121875 0.6196895875 0.3840103359375
1 0.202066634375 0.62241029375 0.1416183265625 0.621355165625 0.14036630625 0.69308336875 0.2008146140625 0.6941384984375001 0.202066634375 0.62241029375
0 0.3361352296875 0.6240503640624999 0.30672794375 0.6235370578125 0.3060070828125 0.6648351140625001 0.33541436875 0.6653484203125 0.3361352296875 0.6240503640624999
0 0.3313217921875 0.4021934359375 0.3002807703125 0.4016516140625 0.299559909375 0.44294967031250004 0.3306009328125 0.44349149375 0.3313217921875 0.4021934359375
1 0.6345005671874999 0.5040436265625 0.611317825 0.5036389703124999 0.6098548578125 0.587452290625 0.6330376 0.587856946875 0.6345005671874999 0.5040436265625
1 0.6333839703125 0.5670772171875 0.57190640625 0.566004121875 0.5709351421875 0.621647821875 0.63241270625 0.622720915625 0.6333839703125 0.5670772171875
0 0.6348726546875 0.41718906718750004 0.607605565625 0.4167131171875 0.6069484453125 0.45435955625 0.6342155328125 0.4548355046875 0.6348726546875 0.41718906718750004
0 0.5083202109375 0.619728659375 0.482082378125 0.6192706765625 0.48146092031250004 0.6548739484375 0.507698753125 0.6553319328125 0.5083202109375 0.619728659375
0 0.44430304375 0.630265184375 0.41600669999999995 0.6297712703125 0.41533743906250004 0.6681132562500001 0.44363378124999997 0.6686071703125 0.44430304375 0.630265184375
0 0.486908778125 0.4597980125 0.4606709453125 0.4593400296875 0.4600377265625 0.4956171125 0.486275559375 0.49607509531250005 0.486908778125 0.4597980125
0 0.41346630624999997 0.5098825890625001 0.385676421875 0.5093975140625 0.38501930156249997 0.547043953125 0.4128091859375 0.547529028125 0.41346630624999997 0.5098825890625001
0 0.415762378125 0.437324653125 0.38797249375 0.43683957968750003 0.38730323125 0.4751815640625 0.41509311562500006 0.4756666375 0.415762378125 0.437324653125
1 0.19871159375 0.6273698859375 0.1889850453125 0.622851621875 0.14749661249999999 0.6590895890625 0.1407719609375 0.66984343125 0.1406202015625 0.6785377593749999 0.14536965625 0.6873176375 0.156805821875 0.68751725625 0.1733708421875 0.674760934375 0.195026778125 0.6512222546875 0.1984080734375 0.6447585421875 0.19871159375 0.6273698859375
1 0.11140029843749999 0.5736640015625001 0.10946304062500001 0.591024140625 0.1087421796875 0.632322196875 0.11026209843749998 0.638871459375 0.11345369375 0.6432756578125 0.11995070625 0.6455633078125 0.124889859375 0.643475278125 0.1316145125 0.6327214359375 0.1335897109375 0.613187715625 0.13560284843749998 0.5914804124999999 0.13590636875 0.5740917578125 0.1343864515625 0.5675424953125 0.1311948546875 0.5631382968749999 0.119796628125 0.5607650953125 0.11314785624999998 0.5671717734375 0.11140029843749999 0.5736640015625001
1 0.10866166562499999 0.44968427968749997 0.11010570156249999 0.46058070781250005 0.114893096875 0.4671870046875 0.1310028375 0.48051366562500003 0.153609590625 0.4961279765625 0.16014454218750002 0.49624204531249994 0.166793315625 0.48983536718750004 0.168540871875 0.4833431375 0.16702095625 0.476793875 0.15904196406249999 0.4657833796875 0.146161759375 0.4546873359375 0.1251887453125 0.439101540625 0.1153863171875 0.4389304375 0.1103712828125 0.44536563281249997 0.10866166562499999 0.44968427968749997
1 0.2967312421875 0.442095825 0.2984788 0.43560359687499994 0.2969588828125 0.42905433437499996 0.276137628125 0.4047742109375 0.2551646125 0.3891884171875 0.24528630312500002 0.3933644796875 0.24186706875000002 0.402001771875 0.243349046875 0.41072461718750003 0.254557571875 0.4239657296875 0.28354751875 0.448388434375 0.2917162078125 0.4485310203125 0.2967312421875 0.442095825
1 0.61614948125 0.5868229203124999 0.6226464921875 0.5891105703124999 0.6259519078125 0.5869940234375 0.6326386203125 0.5784137625 0.633700940625 0.5175534671875 0.630585225 0.50880210625 0.6273556874999999 0.5065714906250001 0.6191869984375 0.50642890625 0.6158815828125 0.508545453125 0.6141719640625001 0.5128641 0.6123105859375 0.525877075 0.61147590625 0.5736958765625 0.61614948125 0.5868229203124999
1 0.5874227984375 0.45369259843750004 0.5907282140625 0.45157605 0.6143214078125 0.41067723125000005 0.61774064375 0.4020399375 0.61793034375 0.391172028125 0.6115092109375 0.38453721406249997 0.6033405203125 0.384394628125 0.5764419109375 0.4274099953125 0.573022675 0.43604729062500003 0.572870915625 0.4447416171875 0.5744287734375 0.4491172984375 0.5776203703125 0.4535214953125 0.5874227984375 0.45369259843750004
1 0.63062548125 0.600121065625 0.6178211578125 0.5846778546875 0.5886415125 0.5711230578125 0.5804728234375001 0.570980471875 0.575495728125 0.5752420859375 0.573672290625 0.586081478125 0.58001754375 0.5970634546875 0.6155803796875 0.6194266500000001 0.6253828078125 0.6195977515625 0.6303978421875 0.61316255625 0.63062548125 0.600121065625
1 0.566532615625 0.7142372625 0.55988384375 0.7206439390625 0.5596562031250001 0.73368543125 0.5644435984375 0.740291728125 0.5725743484375 0.7426078953124999 0.616685275 0.7433778546875 0.6200665703125 0.73691414375 0.6202942109375 0.72387265 0.61227728125 0.7150357374999999 0.566532615625 0.7142372625
0 0.6336227437499999 0.42840809062499996 0.625643753125 0.4173975953125 0.615841325 0.41722649375 0.6091166734375 0.4279803359375 0.6089269734375 0.43884824531250005 0.6104848296875 0.44322392656250004 0.6168680234374999 0.452032321875 0.6250367125 0.45217490781249997 0.6316854859375 0.4457682296875 0.633395103125 0.4414495828125 0.6336227437499999 0.42840809062499996
0 0.46272754374999997 0.481955453125 0.46584326093749995 0.490706815625 0.47066859531249994 0.49513952968749997 0.4788372859375 0.4952821140625 0.4871577359375 0.48673037187499996 0.48886735468750003 0.48241172499999996 0.488981175 0.4758909796875 0.48746125625000003 0.46934171718749995 0.4826738609375 0.4627354203125 0.47944432656249997 0.4605048046875 0.4712756359375 0.46036221875 0.466298540625 0.46462383125000006 0.4628793046875 0.47326112656249997 0.46272754374999997 0.481955453125
0 0.3975297828125 0.47212044531249997 0.40569847187499997 0.47226303124999996 0.40900388750000005 0.47014648125 0.414018921875 0.46371128749999996 0.4142845015625 0.4484962140625 0.41272664531250003 0.4441205328125 0.40953504843750005 0.4397163359375 0.4030380359375 0.43742868437500004 0.393159728125 0.44160474687500006 0.3897784328125 0.44806845937500006 0.3895507921875 0.46110995 0.39110865 0.46548563125 0.3975297828125 0.47212044531249997
0 0.3066474921875 0.43574618125000003 0.3131065625 0.4402074140625 0.319641515625 0.4403214828125 0.3245806703125 0.4382334515625 0.32792402656249997 0.433943321875 0.32963364375 0.4296246734375 0.3298612828125 0.41658318281250006 0.3251118296875 0.40780330468750003 0.32024855625000004 0.4055441703125 0.3120798640625 0.40540158593750003 0.30543109375 0.4118082625 0.303721475 0.4161269109375 0.303493834375 0.4291684015625 0.3066474921875 0.43574618125000003
0 0.396239821875 0.5460222328125 0.402774775 0.5461363 0.41109522500000006 0.53758455625 0.4128048421875 0.5332659109375 0.41295660156249997 0.52457158125 0.41143668437500003 0.51802231875 0.40501555156249996 0.5113875046875 0.3952131234375 0.5112164031249999 0.3919077078125 0.51333295 0.3868547328125 0.5219417281250001 0.3867029734375 0.53063605625 0.3882228921875 0.53718531875 0.396239821875 0.5460222328125
0 0.5075639671875 0.6284124375 0.5027765734375 0.6218061390625 0.49134040625 0.6216065203125 0.484691634375 0.6280132 0.48286819531249997 0.638852590625 0.48754177031249996 0.6519796343750001 0.49077130625 0.65421025 0.500573734375 0.654381353125 0.5072225078125 0.647974675 0.5089700640625 0.641482446875 0.5075639671875 0.6284124375
0 0.4267899421875 0.6683131609374999 0.43332489374999994 0.668427228125 0.4366303109375 0.6663106812499999 0.4433170234375 0.6577304203125001 0.4435446625 0.644688928125 0.43879520781250003 0.63590905 0.43556567343749997 0.6336784359375 0.4273969828125 0.63353585 0.42409156562500006 0.6356523968750001 0.41740485468750005 0.64423265625 0.41725309375 0.6529269859375 0.4187730125 0.6594762484375 0.4267899421875 0.6683131609374999
0 0.332222834375 0.6557912640625 0.3356800109375 0.6449803890625 0.3341980328125 0.63625754375 0.3294106390625 0.629651246875 0.31964614999999996 0.6273065640625 0.3130353171875 0.631539659375 0.3096919609375 0.6358297890625 0.3093884421875 0.6532184453125 0.312542096875 0.659796225 0.315771634375 0.6620268390625 0.3255740609375 0.6621979421875 0.332222834375 0.6557912640625