1 0.38682938437500003 0.4676788765625 0.3265211109375 0.466626190625 0.32570765156250003 0.5132292609375 0.38601592500000004 0.5142819453125 0.38682938437500003 0.4676788765625
1 0.6318954609375 0.7036846109375 0.5700001265625 0.7026042234375 0.5693715453125 0.7386156859375 0.631266878125 0.7396960734375 0.6318954609375 0.7036846109375
1 0.46967108125 0.5129429984375 0.40936280781249995 0.5118903125 0.4086232984375 0.554256740625 0.46893157343749997 0.555309425 0.46967108125 0.5129429984375
1 0.5155040265624999 0.4628878109375 0.4869369484375 0.46238917187500006 0.48549490625 0.5450037062499999 0.514061984375 0.5455023453125001 0.5155040265624999 0.4628878109375
1 0.348586278125 0.6577183515625 0.2882780046875 0.6566656671875 0.2874645453125 0.7032687375 0.34777281875 0.7043214234375 0.348586278125 0.6577183515625
1 0.3525117765625 0.614727346875 0.29537762343749996 0.6137300671875 0.2944162625 0.6688064234375 0.351550415625 0.669803703125 0.3525117765625 0.614727346875
1 0.2540936921875 0.5558778703125 0.20965601718750002 0.5551022078125001 0.208361878125 0.62924345625 0.2527995515625 0.63001911875 0.2540936921875 0.5558778703125
1 0.2600340921875 0.6668480234375 0.198138759375 0.6657676359375 0.1972513484375 0.7166073500000001 0.25914668125 0.7176877359375 0.2600340921875 0.6668480234375
0 0.6236167421875 0.574880678125 0.5948909578125 0.5743792671875 0.594221703125 0.6127208859375 0.6229474859375 0.6132222953124999 0.6236167421875 0.574880678125
0 0.6216034734375 0.490584821875 0.5950519625 0.49012136406250006 0.5944333640624999 0.52556088125 0.6209848734375 0.5260243390625 0.6216034734375 0.490584821875
0 0.6439315531250001 0.432872490625 0.6178244187499999 0.4324167890625 0.6172058203125 0.46785630625 0.6433129546874999 0.46831200781250004 0.6439315531250001 0.432872490625
0 0.2676206109375 0.4919707390625 0.2415134765625 0.4915150375 0.240925196875 0.52521753125 0.26703233125 0.5256732328125 0.2676206109375 0.4919707390625
0 0.2014276 0.39376665625 0.1740032078125 0.3932879625 0.1733949609375 0.42813435 0.20081935468749998 0.42861304375 0.2014276 0.39376665625
0 0.22362008437499997 0.36974353125000003 0.19532280625 0.36924959999999996 0.1947042078125 0.4046891171875 0.22300148437499998 0.4051830484375 0.22362008437499997 0.36974353125000003
0 0.200269428125 0.33506165625 0.17241652968750001 0.3345754828125 0.171787946875 0.3705869453125 0.19964084531249998 0.37107311875 0.200269428125 0.33506165625
0 0.14983994843749998 0.4306261796875 0.12111416562499999 0.43012476875 0.12042457343749999 0.4696314640625 0.14915035625 0.470132875 0.14983994843749998 0.4306261796875
1 0.62957850625 0.7162774484375001 0.62334119375 0.709811675 0.6154428703125 0.7075548421875 0.5757663749999999 0.7068622859375 0.57093124375 0.711015821875 0.5707093921874999 0.7237257500000001 0.5722225 0.7279900953125 0.5769097296875 0.7323098453125 0.624447571875 0.73737755625 0.629319678125 0.731105696875 0.62957850625 0.7162774484375001
1 0.512696478125 0.5002216171875 0.51476421875 0.4727111421875 0.50856388125 0.4641270484375 0.5006285828125 0.4639885375 0.49741748750000003 0.46605145312499996 0.49236050468750003 0.48291491718749996 0.48863175312499996 0.5146343328125 0.4882619984375 0.5358175468749999 0.4929122515625 0.54225561875 0.5008475515625 0.5423941296875 0.5057196562499999 0.536122271875 0.512696478125 0.5002216171875
1 0.46596921093750004 0.539666359375 0.46921728125 0.5354851203125001 0.46947610937500006 0.520656871875 0.46478888124999995 0.516337121875 0.45209240156249997 0.5161155046875 0.4265885171875 0.5220272328125 0.4154051484375 0.5260699609375 0.4121201015625 0.53236951875 0.41189825 0.545079446875 0.416548503125 0.55151751875 0.43721725468750006 0.5497593265625 0.46596921093750004 0.539666359375
1 0.3442832578125 0.5078767875 0.3666130234375 0.5019096546874999 0.3810074875 0.49580401093750004 0.38587959375 0.489532153125 0.38610144687500003 0.476822225 0.38145119375 0.4703841546875 0.3751399296875 0.4681550234375 0.3559842859375 0.4741775625 0.330369475 0.48644425468749997 0.3287084640625 0.49065319374999994 0.3284866109375 0.5033631234375 0.3315867796875 0.5076551703125001 0.3442832578125 0.5078767875
1 0.3467149859375 0.6414141421874999 0.3515870921875 0.635142284375 0.3518089453125 0.62243235625 0.34557163125 0.6159665828125 0.33763633125000003 0.615828071875 0.3038643703125 0.6406661828125 0.2973682296875 0.649028659375 0.2971463765625 0.6617385875 0.3018336046875 0.6660583359375 0.30976890468749996 0.6661968468749999 0.33220959375 0.6538747500000001 0.3467149859375 0.6414141421874999
1 0.291756615625 0.69766694375 0.294893759375 0.6998406703125 0.3028290578125 0.69997918125 0.32198470156250003 0.69395664375 0.341214296875 0.6836974640625 0.3477104390625 0.6753349859375 0.3479322921875 0.662625059375 0.344832121875 0.6583330109375 0.3353467390625 0.6560484765625 0.31298 0.6641339312500001 0.298548559375 0.672357896875 0.290465359375 0.6806926703125 0.29024350625 0.6934025984375001 0.291756615625 0.69766694375
1 0.24539909999999998 0.7159284718750001 0.25016028125 0.716011578125 0.256619446875 0.7097674234375 0.25828045781250003 0.7055584828125 0.25846533437499997 0.694966875 0.255365165625 0.6906748281249999 0.22081960312499999 0.668882165625 0.2049490046875 0.66860514375 0.20003992343750002 0.676995321875 0.199855046875 0.6875869296875 0.2013681546875 0.6918512734375 0.2107056375 0.70260909375 0.24539909999999998 0.7159284718750001
1 0.2500892140625 0.6291327 0.253374259375 0.6228331390624999 0.2535961125 0.6101232109375 0.2444804828125 0.5866554625 0.22750350468749997 0.558812559375 0.2179811453125 0.558646346875 0.21310904062499997 0.5649182046875 0.21285021249999997 0.5797464531250001 0.21436332187499998 0.5840107999999999 0.23122937187499998 0.618208665625 0.23897979375 0.6289387843750001 0.2500892140625 0.6291327
0 0.6155566796875 0.6100843546875 0.6220158453125 0.6038402015625 0.6222746734375 0.58901195 0.6207615640624999 0.58474760625 0.6145242515625 0.5782818328125 0.60500189375 0.57811561875 0.6017907984375 0.5801785374999999 0.596807765625 0.5928053578125 0.5982099484375001 0.6034246671875 0.6013101171875 0.6077167140624999 0.60758440625 0.6120641671875 0.6155566796875 0.6100843546875
0 0.6043392187500001 0.5251298828125 0.6091003984375 0.5252129890624999 0.6171096484375 0.5211148578125 0.6204316703125 0.5126969765625 0.620579571875 0.504223690625 0.6191034375 0.49784102499999994 0.612866125 0.4913752515625 0.6049308265625 0.49123674062499995 0.60171973125 0.49329965781249996 0.596847625 0.499571515625 0.596551821875 0.5165180859375 0.5980649312499999 0.52078243125 0.6043392187500001 0.5251298828125
0 0.6197689953125 0.4597112390625 0.6244192484375 0.4661493109375 0.632280596875 0.4705244640625 0.6338676578125 0.47055216718750004 0.6403637984375 0.462189690625 0.642024809375 0.45798075000000005 0.6422836375000001 0.44315249999999995 0.640770528125 0.4388881546875 0.63922044375 0.43674213125000005 0.626597915625 0.4322838703125 0.620101775 0.44064634687500004 0.6184037890625 0.44697360937499997 0.6182558874999999 0.45544689531250004 0.6197689953125 0.4597112390625
0 0.2630474046875 0.5234105453125 0.26633245 0.5171109859375 0.266554303125 0.5044010578125 0.2635280859375 0.4958723671875 0.257253796875 0.491524915625 0.2461443765625 0.491331 0.24452034218750002 0.49342161874999996 0.24112436874999998 0.50607614375 0.24097646718750002 0.514549428125 0.2456267203125 0.5209874984375 0.2534510953125 0.527480975 0.2630474046875 0.5234105453125
0 0.2022272421875 0.369783315625 0.19731816093750001 0.3781734953125 0.1970223578125 0.395120065625 0.20322269531249998 0.40370416093749995 0.21591917343749997 0.40392577812499997 0.22075430312500002 0.39977224218749996 0.22241531406249998 0.3955633015625 0.22271111875 0.37861673125 0.2149237203125 0.370004934375 0.2022272421875 0.369783315625
0 0.1980917609375 0.4248042671875 0.20296386718749998 0.41853241093750004 0.20318572031249998 0.40582248125 0.19543529843750002 0.3950923625 0.192298153125 0.3929186375 0.1827757953125 0.39275242499999996 0.176279653125 0.40111490156249996 0.17598385 0.4180614734375 0.177496959375 0.4223258171875 0.1821841875 0.426645565625 0.194880665625 0.426867184375 0.1980917609375 0.4248042671875
0 0.1894937890625 0.37168001875 0.19429194375 0.3696448046875 0.200788084375 0.361282328125 0.2024860703125 0.35495506718750003 0.202633971875 0.34648178125 0.196433634375 0.33789768593749997 0.19170943125 0.33569625937500003 0.182187071875 0.33553004531249997 0.1789759765625 0.3375929625 0.17569093125 0.343892521875 0.1753951265625 0.3608390921875 0.1784583203125 0.3672494609375 0.1894937890625 0.37168001875
0 0.1466033125 0.46416590312499995 0.149999284375 0.4515113796875 0.1485601265625 0.44301039062500003 0.1423597890625 0.434426296875 0.1328374296875 0.43426008281249995 0.1296263359375 0.4363230015625 0.12471725468749999 0.44471317812500005 0.12445842656249999 0.4595414296875 0.125971534375 0.46380577343749996 0.1322088484375 0.470271546875 0.14173120625 0.4704377609375 0.1466033125 0.46416590312499995