1 0.45512149687500003 0.6222554390624999 0.4855881609375 0.6238521296874999 0.49020603906250004 0.535737759375 0.459739375 0.53414106875 0.45512149687500003 0.6222554390624999
1 0.2913173046875 0.6280208078125 0.33363211718749997 0.630238434375 0.33801318125 0.5466427484375 0.29569836875 0.5444251234374999 0.2913173046875 0.6280208078125
1 0.2703627625 0.44492207031250003 0.3279109046875 0.447938040625 0.3315815265625 0.3778984125 0.2740333828125 0.3748824421875 0.2703627625 0.44492207031250003
1 0.3874985609375 0.4012211 0.428120778125 0.40335002031249995 0.43262025 0.31749499375 0.39199803125 0.3153660734375 0.3874985609375 0.4012211
1 0.562548725 0.2888099109375 0.6285598296875 0.29226940625000003 0.6305727515624999 0.25386057812499996 0.564561646875 0.25040108125 0.562548725 0.2888099109375
1 0.34142223125000004 0.5679657703125 0.38204445 0.570094690625 0.38642551406250003 0.48649900781250005 0.345803296875 0.4843700875 0.34142223125000004 0.5679657703125
1 0.2609976375 0.3213349640625 0.328701334375 0.324883165625 0.33071425625 0.2864743359375 0.263010559375 0.2829261359375 0.2609976375 0.3213349640625
0 0.3609126234375 0.6042187609375 0.3913792875 0.6058154499999999 0.39374743125 0.56062859375 0.3632807671875 0.559031903125 0.3609126234375 0.6042187609375
0 0.446539853125 0.3629214890625 0.4753139234375 0.364429475 0.477563659375 0.3215019609375 0.44878958750000003 0.3199939765625 0.446539853125 0.3629214890625
0 0.42674612031250003 0.40885349218749995 0.455520190625 0.410361478125 0.45765151875 0.36969330624999996 0.4288774484375 0.368185321875 0.42674612031250003 0.40885349218749995
0 0.4184273078125 0.3653721046875 0.44720137812500005 0.3668800890625 0.44933270781249995 0.3262119171875 0.42055863593750004 0.3247039328125 0.4184273078125 0.3653721046875
1 0.23824299531249998 0.3741825671875 0.30205373125 0.3775267453125 0.3049381296875 0.3224891546875 0.24112739374999997 0.319144975 0.23824299531249998 0.3741825671875
0 0.5844433453125 0.42686444218749997 0.6133358984374999 0.42837863593750003 0.6153855265625 0.38926941249999997 0.5864929734375 0.38775521875 0.5844433453125 0.42686444218749997
0 0.575624846875 0.5164351734375 0.60326488125 0.5178837265625 0.6051700515625 0.4815309 0.5775300171875 0.480082346875 0.575624846875 0.5164351734375
0 0.5962306875000001 0.5810183984374999 0.6218226859375 0.58235961875 0.6238723140625 0.54325039375 0.5982803156250001 0.541909175 0.5962306875000001 0.5810183984374999
0 0.2484792390625 0.47389340312500006 0.2765424234375 0.4753641328125 0.27856363281249996 0.43679714843750006 0.25050045 0.43532642031249996 0.2484792390625 0.47389340312500006
1 0.630440590625 0.2780157234375 0.631151034375 0.2644596671875 0.62969525625 0.2598522765625 0.6248542921875 0.25506747500000004 0.6062357765625 0.2540917203125 0.5755322984375 0.2570137171875 0.57021770625 0.2612662859375 0.5682883000000001 0.2656962671875 0.56757785625 0.27925232499999997 0.5707262281250001 0.2839484203125 0.619811409375 0.2865208640625 0.630440590625 0.2780157234375
1 0.41369151562499995 0.3980581875 0.42215447812500007 0.3985017125 0.4274690703125 0.39424914218749996 0.42939847656249996 0.3898191609375 0.4297536984375 0.38304113281249996 0.4244042140625 0.3555741984375 0.4201552859375 0.339492684375 0.41106539687500004 0.31862636875 0.404413434375 0.31601220625000004 0.3992172484375 0.31800543281250004 0.39559525 0.3223467078125 0.3936658421875 0.3267766890625 0.3930738078125 0.338073403125 0.408850553125 0.39327338749999996 0.41369151562499995 0.3980581875
1 0.2919918890625 0.32371373281250004 0.3225769609375 0.3230510796875 0.329820959375 0.314368528125 0.3287204015625 0.302983109375 0.32726462500000003 0.2983757171875 0.3190384765625 0.29341350624999996 0.3039235515625 0.29035582031249996 0.2717642953125 0.288670425 0.266331296875 0.2951823375 0.2657392609375 0.3064790515625 0.270343409375 0.31578253749999996 0.2736101875 0.318219290625 0.2919918890625 0.32371373281250004
1 0.3009633734375 0.346839390625 0.3028927796875 0.342409409375 0.30336640937500003 0.3333720375 0.3019106296875 0.328764646875 0.298762259375 0.32406855156250003 0.2887251125 0.3212769796875 0.2484930078125 0.34408953593749997 0.243060009375 0.3506014484375 0.24089378749999998 0.35955011406250004 0.247072121875 0.3712016484375 0.2572276765625 0.37173387812500003 0.2798234140625 0.3615903296875 0.3009633734375 0.346839390625
1 0.32850475 0.43663915624999994 0.328978378125 0.427601784375 0.3275226015625 0.42299439375 0.292416896875 0.3803747125 0.285764934375 0.37776055 0.28056875 0.379753778125 0.27501734375 0.388525034375 0.2745437140625 0.39756240468750004 0.2791478640625 0.40686589062499995 0.3129161984375 0.4426188390625 0.3230717515625 0.44315106875000004 0.32850475 0.43663915624999994
1 0.47160231250000006 0.6208513484375 0.4783726828125 0.6212061671875 0.48549827343749996 0.614782959375 0.4844812328125 0.56941869375 0.4808243390625 0.5420404640625 0.4759833765625 0.5372556640624999 0.46752041406249994 0.5368121390625 0.46220582343750005 0.5410647078124999 0.460276415625 0.5454946890625 0.459447565625 0.5613100890625 0.46384979375 0.606851765625 0.4651871640625 0.6137185 0.47160231250000006 0.6208513484375
1 0.357418390625 0.5650251609375 0.360921984375 0.562943228125 0.368402796875 0.5497419906250001 0.3840748640625 0.509783459375 0.3847853078125 0.49622740312499997 0.383329528125 0.49162001093749996 0.37679597343750004 0.48674650625 0.37341078906249997 0.486569096875 0.3680961984375 0.49082166562499996 0.364355790625 0.4974222859375 0.3450617234375 0.5417220921875 0.342895503125 0.5506707578125 0.34423287343750003 0.557537490625 0.34895542968750004 0.5645816359375 0.357418390625 0.5650251609375
1 0.3348226546875 0.575168709375 0.337462503125 0.5571826703125 0.3360067265625 0.55257528125 0.3311657625 0.5477904796875 0.32270279999999996 0.5473469546875 0.3153403953125 0.5582888484375 0.295927921875 0.6048479984374999 0.295217478125 0.61840405625 0.29836584843749997 0.6231001515625 0.306710403125 0.62580301875 0.3138359953125 0.6193798109374999 0.3348226546875 0.575168709375
0 0.6236290328125 0.569914475 0.624339475 0.55635841875 0.622883696875 0.551751028125 0.6165869546875 0.5423588359375 0.611509178125 0.542092721875 0.60631299375 0.54408595 0.599068996875 0.5527685 0.598240146875 0.5685838999999999 0.6044184796875001 0.580235434375 0.6128814421875 0.5806789593749999 0.621699625 0.57434445625 0.6236290328125 0.569914475
0 0.6050591375 0.5032403671875 0.605414359375 0.49646233906250004 0.6025028031249999 0.4872475578125 0.5927024703125 0.4799372984375 0.5823101015625001 0.48392375468750004 0.5783328796875 0.49504305937500004 0.5793150296875 0.508687821875 0.5824634 0.5133839171875 0.5906895484375 0.5183461281249999 0.599389325 0.5142709671875 0.603011325 0.5099296921875001 0.6050591375 0.5032403671875
0 0.613180609375 0.41304406406250005 0.6138910515625 0.39948800625 0.612316865625 0.397139959375 0.6059017171875001 0.39000711093749996 0.5974387546875 0.3895635859375 0.5939351640625 0.39164551875 0.586691165625 0.4003280703125 0.585862315625 0.4161434703125 0.5890106859375 0.42083956562499997 0.595544240625 0.425713071875 0.605818203125 0.42398595781250004 0.613180609375 0.41304406406250005
0 0.473844615625 0.351368615625 0.47601083749999995 0.34241995 0.4747918734375 0.3332938734375 0.4668025390625 0.323812975 0.4565285765625 0.3255400890625 0.44916617187499996 0.33648198281249997 0.4485741359375 0.34777869687499996 0.4500299140625 0.3523860890625 0.4547524703125 0.35943023125 0.459711840625 0.36195568906250003 0.4666006171875 0.360051165625 0.473844615625 0.351368615625
0 0.44747357968749996 0.336393278125 0.44117683750000003 0.3270010875 0.431021284375 0.32646885625 0.4257066921875 0.330721428125 0.4219662859375 0.3373220453125 0.4230668421875 0.348707465625 0.42597839843749996 0.3579222453125 0.43420454687500004 0.3628844578125 0.4410933234375 0.360979934375 0.44664472968749996 0.352208678125 0.44747357968749996 0.336393278125
0 0.45537939843749997 0.379853021875 0.44908265781249995 0.3704608296875 0.4389271015625 0.3699286 0.4336125109375 0.374181171875 0.43168310312499997 0.3786111515625 0.43073584687500005 0.3966858953125 0.4371509953125 0.40381874218749997 0.443802959375 0.40643290624999995 0.4489991421875 0.404439678125 0.454432140625 0.397927765625 0.45537939843749997 0.379853021875
0 0.379338578125 0.6001571734375 0.382842171875 0.598075240625 0.38815676250000003 0.59382266875 0.3900861703125 0.5893926890625 0.3922523890625 0.580444021875 0.3909150203125 0.5735772890625 0.38788505624999997 0.56662185 0.384618278125 0.564185096875 0.37615531562500004 0.563741571875 0.3726517234375 0.56582350625 0.36528931875000004 0.5767654 0.36457887499999997 0.59032145625 0.367727246875 0.5950175515625 0.3742608015625 0.5998910578125 0.379338578125 0.6001571734375
0 0.270636278125 0.47212071875 0.27788027656250003 0.4634381671875 0.2785907203125 0.449882109375 0.2771349421875 0.4452747203125 0.2707197953125 0.4381418703125 0.2605642390625 0.437609640625 0.25355705624999997 0.44177350625 0.2516276484375 0.44620348749999994 0.2507987984375 0.46201888750000003 0.2522545765625 0.466626278125 0.255402946875 0.4713223734375 0.26036231875000004 0.47384783124999996 0.270636278125 0.47212071875