1 0.6728327109375 0.6133332874999999 0.6762345484375001 0.67824420625 0.7228372609375 0.6758018625 0.7194354234375 0.6108909421875001 0.6728327109375 0.6133332874999999
1 0.624551190625 0.6403421609375 0.6276041218749999 0.6985955515625 0.6897410703125 0.6953390921875 0.6866881390625 0.6370857015625 0.624551190625 0.6403421609375
1 0.42644038125000006 0.46936616249999996 0.428969953125 0.5176332578125 0.5066411390625001 0.513562684375 0.50411156875 0.4652955890625 0.42644038125000006 0.46936616249999996
1 0.3555338296875 0.6166105859375001 0.357191134375 0.6482338546874999 0.443739028125 0.643698071875 0.44208172343749996 0.612074803125 0.3555338296875 0.6166105859375001
1 0.664126321875 0.33396274375 0.66735370625 0.39554489843749996 0.7183947703125 0.39286995 0.7151673859375001 0.3312877953125 0.664126321875 0.33396274375
1 0.7137015421874999 0.3174572234375 0.717103378125 0.38236814375 0.7526102078125 0.380507309375 0.7492083703125 0.315596390625 0.7137015421874999 0.3174572234375
1 0.43907271249999996 0.568841365625 0.44247455 0.6337522843750001 0.48241973125 0.631658846875 0.47901789375000003 0.5667479265625001 0.43907271249999996 0.568841365625
1 0.3824200125 0.4644399265625 0.38582185 0.529350846875 0.4235478546875 0.5273737109375001 0.42014601718750005 0.46246279062499995 0.3824200125 0.4644399265625
0 0.47881971874999996 0.5923917765625 0.48038979687500005 0.6223506624999999 0.520334978125 0.620257225 0.5187649000000001 0.5902983390625 0.47881971874999996 0.5923917765625
0 0.661297125 0.550028590625 0.662867203125 0.5799874765624999 0.702812384375 0.5778940375 0.70124230625 0.5479351515625 0.661297125 0.550028590625
0 0.6658762 0.524754303125 0.667359053125 0.55304880625 0.7095234125000001 0.550839065625 0.708040559375 0.5225445625 0.6658762 0.524754303125
0 0.43003766250000003 0.45533533437499996 0.4315205140625 0.4836298375 0.4714656953125 0.48153639843749996 0.46998284375 0.453241896875 0.43003766250000003 0.45533533437499996
0 0.35943893125000004 0.3282126359375 0.3608424078125 0.3549925515625 0.394396359375 0.3532340625 0.392992884375 0.3264541484375 0.35943893125000004 0.3282126359375
0 0.339997846875 0.4126458171875 0.3414013234375 0.43942573124999995 0.377107875 0.43755442968749997 0.3757044 0.410774515625 0.339997846875 0.4126458171875
0 0.4042842828125 0.5520974390625 0.40573050000000005 0.5796929000000001 0.44252444999999996 0.5777646109375 0.4410782328125 0.55016915 0.4042842828125 0.5520974390625
0 0.5205078999999999 0.6993916265625 0.5219113765625 0.726171540625 0.5592379296875001 0.7242153390625 0.557834453125 0.6974354234375 0.5205078999999999 0.6993916265625
1 0.741869859375 0.3170908390625 0.7351251015625 0.3157753625 0.7241164453125 0.31802125625 0.7178950484375 0.326692075 0.716112003125 0.335130290625 0.7204246203125 0.37495917031250003 0.7250374265625 0.3780553296875 0.7317821828125 0.37937080624999997 0.7405716640625 0.377241215625 0.7468802859375 0.370234778125 0.74656989375 0.3218513828125 0.741869859375 0.3170908390625
1 0.6922731343749999 0.38978615781250003 0.6984945312499999 0.3811153390625 0.7123714640625 0.34867795468749996 0.7116736515625 0.33536289531249996 0.7092800218749999 0.33215043125 0.704754440625 0.33071865312500004 0.6958777328125 0.3311838625 0.689481884375 0.336525915625 0.6772135421875001 0.35719632031250004 0.6673388296875 0.3810791859375 0.6699069140625 0.38762041406250003 0.6768261234375 0.3922646546875 0.6879220078125 0.3916831453125 0.6922731343749999 0.38978615781250003
1 0.7159783625 0.6722659828124999 0.7201550359375 0.66704023125 0.719718903125 0.65871831875 0.7069657140625 0.6276765609375 0.699697596875 0.616374790625 0.695084790625 0.613278628125 0.68176973125 0.613976440625 0.6753738796875 0.6193184953124999 0.675897240625 0.629304790625 0.6863440265625 0.6587984671875 0.6936993671875 0.6717646234375 0.698312175 0.6748607828125001 0.7116272359375 0.6741629703124999 0.7159783625 0.6722659828124999
1 0.687477971875 0.6804354421875 0.6661969812499999 0.6565164218749999 0.6475713015625 0.6408030124999999 0.64082654375 0.6394875375 0.6298178875 0.6417334296874999 0.6256412140625 0.6469591828125 0.626077346875 0.6552810953125 0.6589775796875 0.6886049 0.6704223703125 0.69468091875 0.6792990765625 0.694215709375 0.683650203125 0.692318725 0.687826878125 0.6870929718750001 0.687477971875 0.6804354421875
1 0.5033044078125 0.478130421875 0.5006490984374999 0.46992481250000007 0.4960362921875 0.4668286515625 0.4915107109375 0.46539687343749997 0.47828287812500003 0.46775906875000006 0.45883364687499995 0.4787920828125 0.43307579062499996 0.4968315328125 0.43103106718750006 0.5002766015625 0.4314672 0.5085985140625 0.43838641093749997 0.5132427546875 0.44948229531250006 0.51266124375 0.4905999328125 0.4904789125 0.5033044078125 0.478130421875
1 0.41441159843750003 0.522843990625 0.41645632343749994 0.5193989234374999 0.4189756921875 0.48254990312499996 0.4183651046875 0.47089922656249994 0.415971475 0.46768676249999996 0.41135866875 0.4645906015625 0.3980436078125 0.4652884140625 0.3916477578125 0.47063046875000003 0.38969026093750003 0.47573991875 0.38656030625 0.5009382609374999 0.3876070265625 0.5209108515625 0.399051815625 0.5269868718749999 0.41006047343749996 0.524740978125 0.41441159843750003 0.522843990625
1 0.4665968125 0.6269221296875 0.4707734859375 0.621696378125 0.4779928875 0.5896079000000001 0.477120621875 0.5729640765624999 0.4724205890625 0.5682035328125 0.46789500781250004 0.566771753125 0.45679912500000003 0.5673532640625 0.45040327500000005 0.57269531875 0.44844577812499997 0.57780476875 0.44166250937499996 0.6182151578124999 0.44423059218749994 0.6247563875 0.45114980156250006 0.629400628125 0.4622456875 0.6288191171874999 0.4665968125 0.6269221296875
1 0.43713692968749995 0.6167833796875 0.42808576875000004 0.6139198234375 0.4169898859375 0.614501334375 0.3686041296875 0.6253818921875001 0.3600763296875 0.6325046328124999 0.3605996890625 0.642490928125 0.3652124953125 0.6455870874999999 0.3896234390625 0.6443077640625 0.43143889062499996 0.6354404953125 0.44005391875 0.6299821390625 0.44201141718750003 0.6248726890625 0.43713692968749995 0.6167833796875
0 0.3863654484375 0.32737726718750004 0.38183986718749996 0.32594548749999996 0.372963159375 0.326410696875 0.368612034375 0.328307684375 0.3600842328125 0.335430421875 0.3606075921875 0.3454167171875 0.36530762499999997 0.3501772609375 0.381016315625 0.3526919109375 0.3875866203125 0.350678621875 0.3961144203125 0.3435558828125 0.3956782875 0.3352339703125 0.3863654484375 0.32737726718750004
0 0.37793507656249997 0.4212805015625 0.37545422031250003 0.41640365625 0.368535009375 0.411759415625 0.3640094296875 0.4103276359375 0.3551327234375 0.4107928453125 0.34643046875 0.41458682031249994 0.342341021875 0.421476953125 0.342689928125 0.428134484375 0.34969636406250004 0.4344431078125 0.3542219453125 0.4358748859375 0.3675370046875 0.4351770734375 0.3761520328125 0.4297187171875 0.37793507656249997 0.4212805015625
0 0.4339865703125 0.47174949218749995 0.44569303906249996 0.4828186609375 0.45235056875 0.4824697546875 0.4717125734375 0.46977235625 0.4690572640625 0.461566746875 0.45983165000000004 0.4553744234375 0.4530868953125 0.45405894843750005 0.4420782359375 0.456304840625 0.4336376640625 0.4650919625 0.4339865703125 0.47174949218749995
0 0.4337350921875 0.551872459375 0.42920951250000006 0.5504406828125 0.42033280624999997 0.550905890625 0.40949860156250006 0.5564805484375 0.40745387656250004 0.559925615625 0.4079772359375 0.5699119109375 0.41720284999999996 0.5761042328125 0.43273708749999995 0.57529011875 0.44126488906250005 0.5681673796875 0.4432223859375 0.5630579296875 0.440654303125 0.5565167015625 0.4337350921875 0.551872459375
0 0.5140230765625 0.5977333625 0.507103865625 0.5930891203125 0.48935045156249996 0.5940195375 0.480909878125 0.602806659375 0.48134601093749996 0.6111285718749999 0.4838268671875 0.6160054171875 0.49065885 0.6189852765625 0.5061930875 0.6181711609375 0.5105442140625 0.616274175 0.5166783859375 0.6059389734375 0.51641670625 0.6009458265625 0.5140230765625 0.5977333625
0 0.557767715625 0.710598621875 0.5551124046875 0.7023930125 0.550412371875 0.69763246875 0.543667615625 0.6963169921875 0.5303525546875 0.6970148046875 0.5260014296875 0.6989117921875 0.519954484375 0.7109113765624999 0.5226970203125 0.7207813703125 0.5272226015625 0.7222131468749999 0.54941436875 0.7210501265625 0.5537654953125 0.719153140625 0.5558974453125 0.7173724546875 0.557767715625 0.710598621875
0 0.6971193125 0.524717446875 0.683717025 0.5237508765625 0.677146721875 0.525764165625 0.6728828203125 0.5293255343750001 0.6708380968750001 0.532770603125 0.6713614578125 0.5427568984375 0.6760614890625 0.5475174421875 0.6939893578125 0.5499157890624999 0.7047363343749999 0.5426767484374999 0.706519378125 0.534238534375 0.704038521875 0.5293616875 0.6971193125 0.524717446875
0 0.6940765843750001 0.551580171875 0.6895510046875 0.55014839375 0.6740167671874999 0.5509625078125 0.6675336890625 0.5546401796875 0.6636186953125 0.5648590796875 0.6707995859375 0.5744964687499999 0.675325165625 0.575928246875 0.6908594031249999 0.57511413125 0.6973424796875001 0.5714364609375 0.6993872046875 0.5679913921875 0.6987766171875001 0.556340715625 0.6940765843750001 0.551580171875