1 0.31075489375 0.4435452390625 0.3692902796875 0.44252349999999996 0.3684066140625 0.3918983 0.3098712265625 0.3929200390625 0.31075489375 0.4435452390625
1 0.23299533125 0.6741399828125 0.29469479375 0.6730630140625 0.2941056828125 0.63931288125 0.2324062203125 0.64038985 0.23299533125 0.6741399828125
1 0.403563809375 0.5346883265625 0.44469678281249997 0.5339703484375 0.44337128437500006 0.45803254843749996 0.40223830937500005 0.45875052656250004 0.403563809375 0.5346883265625
1 0.408479215625 0.6640695046875 0.46068645156250004 0.6631582234375 0.4596186890625 0.6019861078125001 0.4074114515625 0.6028973875 0.408479215625 0.6640695046875
1 0.362070578125 0.6669895968749999 0.423770040625 0.665912628125 0.42318092968750004 0.63216249375 0.3614814671875 0.6332394625 0.362070578125 0.6669895968749999
1 0.443507940625 0.5565240671875 0.5036253640624999 0.5554747140625 0.50277851875 0.5069588984375 0.44266109374999996 0.5080082515625 0.443507940625 0.5565240671875
1 0.47688623124999996 0.2928655140625 0.53700365625 0.291816159375 0.5364145453125 0.258066028125 0.4762971203125 0.25911538125 0.47688623124999996 0.2928655140625
0 0.463879784375 0.5159112890625 0.492356459375 0.5154142265625 0.491730528125 0.479554709375 0.46325385468749997 0.48005177187500003 0.463879784375 0.5159112890625
0 0.3658787859375 0.48189494218749995 0.392773421875 0.4814254953125 0.3921106734375 0.44345659531250003 0.3652160375 0.4439260421875 0.3658787859375 0.48189494218749995
0 0.349912103125 0.508150171875 0.378388778125 0.507653109375 0.377726028125 0.469684209375 0.349249353125 0.47018127187500003 0.349912103125 0.508150171875
0 0.36007561093749996 0.540277265625 0.3885522859375 0.5397802031250001 0.3878895359375 0.501811303125 0.35941286250000004 0.502308365625 0.36007561093749996 0.540277265625
1 0.46887864375 0.339463840625 0.5257212515624999 0.3384716484375 0.5248942875 0.2910948984375 0.46805167968749994 0.292087090625 0.46887864375 0.339463840625
0 0.32288199687499997 0.30221713125 0.3482262375 0.30177474531250004 0.34761208906249996 0.26659023125000003 0.3222678484375 0.26703261718750004 0.32288199687499997 0.30221713125
0 0.2178855 0.36135815781249997 0.2442738859375 0.36089754687500003 0.24364721875 0.3249958421875 0.21725883437500002 0.325456453125 0.2178855 0.36135815781249997
0 0.22845433124999998 0.31180961875 0.24799249375 0.31146857968749997 0.24735588593750002 0.27499734062500003 0.2278177234375 0.27533838125 0.22845433124999998 0.31180961875
1 0.5358321765625 0.2862619203125 0.5371564765625 0.271468621875 0.5355008015625 0.2672774703125 0.53068105 0.263141546875 0.5227340421875 0.2611702359375 0.4847651421875 0.26183298593750004 0.4770022328125 0.2704085921875 0.47718632968749997 0.28095550937499997 0.4820797203125 0.2893101984375 0.5074659593749999 0.2930871328125 0.5201222578125 0.29286621562500004 0.5358321765625 0.2862619203125
1 0.5189452343750001 0.316097046875 0.5235808890625 0.30968605312499997 0.5250156484375 0.30122090625000003 0.5233599734375 0.297029753125 0.5217411171874999 0.29494798437499997 0.5059207406249999 0.29522413125 0.48082905781249996 0.30832226406249996 0.47148410937499996 0.316925484375 0.46997571093749996 0.321171865625 0.47015980781250005 0.33171878125 0.47501637968750005 0.3379640875 0.4845086046875 0.3377984 0.5189452343750001 0.316097046875
1 0.36445905 0.441175121875 0.369094703125 0.434764128125 0.36891060625 0.4242172109375 0.36243517812500003 0.4158901359375 0.3496316015625 0.40767351874999996 0.3225160484375 0.39548666875 0.3130974609375 0.3998711203125 0.3115890625 0.4041175015625 0.311773159375 0.41466441875 0.31662973125 0.420909725 0.3502207125 0.44142365312500004 0.35658568125 0.443422578125 0.36445905 0.441175121875
1 0.42906604843749996 0.5160083390625 0.44267845625 0.479900290625 0.4424207203125 0.465134609375 0.43918300625000006 0.46097107187499997 0.43281803593749996 0.45897214531249997 0.42810874375 0.4611643734375 0.42501830781249994 0.46543836875 0.40526184687500005 0.512203790625 0.40548276406249995 0.524860090625 0.407138440625 0.52905124375 0.413540228125 0.5331595515625 0.4214135984375 0.5309120953125 0.42906604843749996 0.5160083390625
1 0.500515471875 0.5295313671875 0.5002945546875 0.5168750671875 0.4970568421875 0.5127115296875 0.493855946875 0.510657375 0.484363721875 0.5108230625 0.4513986703125 0.5261686515624999 0.4451809796875 0.5326072609375 0.445475534375 0.5494823265625 0.4502952859375 0.5536182484375 0.4597875109375 0.5534525609375 0.4958798171875 0.535942359375 0.500515471875 0.5295313671875
1 0.45537397031250004 0.663250953125 0.460009625 0.656839959375 0.45975188906250003 0.6420742765624999 0.45489531875000006 0.6358289687500001 0.43878038750000004 0.6192300484375 0.41953820156250005 0.604795740625 0.41324687187500003 0.6070155828125 0.4086480375 0.6155359578125 0.40879531562500004 0.6239734921875 0.41045099062499996 0.62816464375 0.42178298906249995 0.642737025 0.4474637828125 0.6633890265625 0.45537397031250004 0.663250953125
1 0.411076921875 0.6640241609374999 0.41891347031250004 0.659667321875 0.4220039046875 0.655393325 0.4218198078125 0.644846409375 0.4201641328125 0.64065525625 0.4153443796875 0.636519334375 0.37895751875 0.63715446875 0.36792007656250003 0.6394571546875001 0.36332124062500004 0.64797753125 0.3635053375 0.6585244484375 0.3667798703125 0.6647973687500001 0.369980765625 0.6668515234375 0.395293365625 0.666409690625 0.411076921875 0.6640241609374999
1 0.2939325078125 0.661848871875 0.29371159062499996 0.649192571875 0.292055915625 0.6450014203125 0.2809080140625 0.6409759546875 0.2414307140625 0.6458850859374999 0.23366780468749998 0.6544606921875 0.23374144375 0.6586794593749999 0.2354339390625 0.6649799953125 0.24187254687499998 0.6711976859375001 0.28775163593749997 0.6703968640625 0.292424109375 0.6660952531250001 0.2939325078125 0.661848871875
0 0.3398804421875 0.3023424265625 0.3430076984375 0.3001778140625 0.34918857187499996 0.29162982187500003 0.3489676546875 0.278973521875 0.347311978125 0.27478237031249997 0.3392545125 0.26648290937499997 0.331344325 0.2666209828125 0.326671853125 0.2709225921875 0.3236550546875 0.2794153546875 0.3238391515625 0.289962271875 0.32549482812499997 0.294153425 0.3303513984375 0.30039873125 0.33513433125000003 0.3024252703125 0.3398804421875 0.3023424265625
0 0.246245675 0.28709661875000003 0.239733428125 0.2766601609375 0.236532534375 0.27460600625 0.231786421875 0.27468885 0.22873280468749999 0.2810722296875 0.2321914359375 0.2978920671875 0.2418309375 0.3061639140625 0.2497043046875 0.3039164578125 0.249557028125 0.29547892343750004 0.246245675 0.28709661875000003
0 0.227923975 0.3253968953125 0.2217062828125 0.33183550156249997 0.220197884375 0.3360818828125 0.22045562031250002 0.3508475671875 0.2285499046875 0.3612564109375 0.2379684921875 0.35687195625 0.24403890625 0.3419958140625 0.2390718765625 0.3294223578125 0.227923975 0.3253968953125
0 0.48877845937500003 0.49175576875000004 0.48550392656249997 0.485482846875 0.47910213749999997 0.4813745390625 0.47435602499999996 0.4814573828125 0.4681015140625 0.48578660781250005 0.465047896875 0.49216998749999996 0.46530563281250004 0.5069356703125 0.4701990234375 0.5152903609374999 0.485945759375 0.5107954484375 0.4890361953125 0.5065214515625 0.48877845937500003 0.49175576875000004
0 0.38414306875 0.4809220296875 0.3919059796875 0.4723464234375 0.393414378125 0.4681000421875 0.3916114234375 0.4554713578125 0.388336890625 0.44919843750000005 0.3835539578125 0.44717189687500003 0.37722580781250004 0.44728235625 0.372516515625 0.44947458281249997 0.36799131875 0.4622137265625 0.3681017765625 0.468541875 0.3729951671875 0.476896565625 0.37781491875 0.4810324875 0.38414306875 0.4809220296875
0 0.3750190375 0.5021815515625 0.377999015625 0.4915794046875 0.37623288125 0.481060103125 0.368175415625 0.47276064218749997 0.360265228125 0.47289871406249995 0.35408435625 0.48144670625 0.3525759578125 0.48569308749999995 0.3527232359375 0.494130621875 0.35441573125 0.50043115625 0.35765344374999997 0.50459469375 0.365637271875 0.5086753890625 0.3750190375 0.5021815515625
0 0.3880803515625 0.5251638515625 0.3878962546875 0.514616934375 0.386240578125 0.5104257828125001 0.38138400781250004 0.5041804765625 0.376601075 0.5021539359375 0.36876452656250003 0.5065107765625 0.364128871875 0.5129217703125 0.3643866078125 0.527687453125 0.3708620359375 0.5360145281250001 0.37722700468750003 0.5380134515624999 0.3819362984375 0.5358212265625 0.3880803515625 0.5251638515625
0 0.1455511609375 0.59269799375 0.1501868140625 0.586287 0.1516583953125 0.5799312359375 0.14974498125 0.5609744 0.1465072671875 0.5568108625 0.1417243359375 0.5547843234375 0.1353961859375 0.55489478125 0.13226893125 0.55705939375 0.1276332765625 0.5634703875 0.126161696875 0.5698261515625 0.1280382890625 0.5866736046875001 0.1344768984375 0.592891296875 0.1455511609375 0.59269799375
0 0.1274136703125 0.5944072015625 0.15196689218749998 0.5939786234375 0.1512467046875 0.5527190859375 0.12669348281249998 0.5531476640624999 0.1274136703125 0.5944072015625