1 0.34635778125 0.362008903125 0.3440893140625 0.4269693078125 0.381844078125 0.4282877328125 0.3841125453125 0.363327328125 0.34635778125 0.362008903125
1 0.3472137859375 0.22695650781249999 0.34494531875 0.2919169109375 0.3827000828125 0.2932353359375 0.38496855 0.2282749328125 0.3472137859375 0.22695650781249999
1 0.52009358125 0.4339943796875 0.5185231046875 0.4789669671875 0.6006952390625 0.48183648124999995 0.602265715625 0.43686389375 0.52009358125 0.4339943796875
1 0.6691669859375 0.347385875 0.6670148499999999 0.4090149765625 0.72031569375 0.4108762828125 0.7224678296875 0.34924718125 0.6691669859375 0.347385875
1 0.4567773609375 0.6251427859375001 0.4554977125 0.6617871156249999 0.542111584375 0.6648117390625 0.5433912328125 0.6281674078124999 0.4567773609375 0.6251427859375001
1 0.640252115625 0.3643721078125 0.6381581453125 0.42433555624999997 0.693679859375 0.42627441875 0.6957738296875 0.36631096875 0.640252115625 0.3643721078125
1 0.6612497484375 0.5439876640625 0.6599701 0.5806319953125 0.7421422343749999 0.583501509375 0.7434218828125 0.546857178125 0.6612497484375 0.5439876640625
0 0.54090324375 0.3702784796875 0.539856259375 0.4002602046875 0.5820527609374999 0.40173373906250004 0.5830997453125 0.3717520140625 0.54090324375 0.3702784796875
0 0.6365661031250001 0.3280580125 0.6354609531250001 0.3597053875 0.6776574531249999 0.361178921875 0.6787626046875 0.329531546875 0.6365661031250001 0.3280580125
0 0.42358111875000004 0.27112359375 0.42253413437500004 0.30110531875 0.4647306359375 0.302578853125 0.4657776203125 0.27259712812500003 0.42358111875000004 0.27112359375
0 0.44378940624999996 0.4997681375 0.4428005875 0.5280842109375 0.48499708906250005 0.5295577437500001 0.4859859078125 0.501241671875 0.44378940624999996 0.4997681375
0 0.4450465890625 0.4409078234375 0.4439996046875 0.47088954843749997 0.48619610625 0.47236308281249995 0.487243090625 0.44238135781250004 0.4450465890625 0.4409078234375
0 0.5251783359375 0.4181555203125 0.5241313515625 0.4481372453125 0.5641069843750001 0.449533225 0.56515396875 0.41955150156250004 0.5251783359375 0.4181555203125
1 0.6656785359375 0.5057355921875 0.6645896718750001 0.5369165859375 0.7477389875 0.5398202234375 0.748827853125 0.5086392296875 0.6656785359375 0.5057355921875
1 0.456777646875 0.6552528046874999 0.46104488750000006 0.6604048671875 0.4720910640625 0.662458290625 0.487753475 0.65966986875 0.5303571375 0.64948384375 0.5373687375 0.6397225984375 0.5353223671875 0.6346480890625 0.5309969625 0.631161678125 0.5132300140625 0.63054124375 0.48640509375 0.63460754375 0.46174287812500003 0.6404170515625001 0.45712664218750004 0.6452588968749999 0.456777646875 0.6552528046874999
1 0.6839936578125 0.5798032328125 0.7265973203125 0.5696172078124999 0.7403296921875 0.558422975 0.7404460234375 0.5550916734375 0.73623695 0.5482739578125 0.716249134375 0.5475759671875 0.6893660484375 0.5533079203125 0.6646456656249999 0.560783078125 0.6599130984375 0.568956225 0.666226709375 0.579182796875 0.6839936578125 0.5798032328125
1 0.674576125 0.531111571875 0.6811805640624999 0.5330098859375 0.7209235328125 0.5410684703124999 0.73869048125 0.54168890625 0.747748453125 0.5370021703125001 0.75014381875 0.5320827703125001 0.7480974484375 0.5270082609375 0.741609340625 0.52177864375 0.6974828 0.5118992984374999 0.675274115625 0.5111237546875 0.6707742109375 0.5126342984375001 0.6684370109375 0.5158880453125 0.67025071875 0.527625159375 0.674576125 0.531111571875
1 0.642172615625 0.37655321875 0.648311728125 0.3917767453125 0.6651480234375 0.41904760156250004 0.6760197031249999 0.42609797968749996 0.6872403765625 0.42315445 0.691914778125 0.416646953125 0.6922637734375 0.40665304375 0.67969471875 0.38453425 0.6669511640625 0.367412409375 0.66256759375 0.36559165 0.65368411875 0.36528143125 0.649184215625 0.366791975 0.6446261484375 0.36996816718750003 0.642172615625 0.37655321875
1 0.6775901796875 0.3811253921875 0.6879965328125001 0.40150098125 0.6943683093749999 0.4100619015625 0.7076935203125 0.41052722812500003 0.7121934234375 0.40901668593749996 0.7190886921875 0.40258674375 0.719263190625 0.39758978906250003 0.7027177250000001 0.36199067500000004 0.6941832453125001 0.35168654843749997 0.6897996734375 0.3498657875 0.6809162 0.3495555703125 0.674079096875 0.3543198609375 0.6716255656250001 0.3609049125 0.6775901796875 0.3811253921875
1 0.518930265625 0.4673074078125 0.5209766359375 0.4723819171875 0.52746474375 0.477611534375 0.5385690859375 0.47799930625 0.57006840625 0.46742550937500005 0.5949051203125 0.45661904687500005 0.597242321875 0.4533653 0.5975331500000001 0.44503704375 0.5866614703125 0.4379866640625 0.579998865625 0.4377540015625 0.56205741875 0.4421305203125 0.53044176875 0.4560356203125 0.5213256312500001 0.462388009375 0.518930265625 0.4673074078125
1 0.3493775359375 0.41969443125000006 0.3558074765625 0.4265897015625 0.3691326890625 0.427055028125 0.375969790625 0.4222907375 0.3783651578125 0.4173713375 0.3786559875 0.40904307968750003 0.37555206406249997 0.3705779890625 0.3690639546875 0.365348371875 0.36023864843750003 0.3633725015625 0.3535178765625 0.364805490625 0.34668077343750003 0.36956978125 0.345691953125 0.39788585468750004 0.3493775359375 0.41969443125000006
1 0.3458453171875 0.2661442875 0.347368196875 0.286209659375 0.35385630468749996 0.2914392765625 0.36046074375 0.29333758906249996 0.36940238281250004 0.29198215781250003 0.3739022875 0.2904716140625 0.37869301875 0.28063281406249996 0.375821759375 0.23550511875 0.37155451875 0.23035305625000002 0.3671709484375 0.22853229531250002 0.358287475 0.2282220765625 0.3515085359375 0.23132071718749997 0.34917133749999996 0.234574465625 0.3458453171875 0.2661442875
0 0.44816386875 0.519869715625 0.45243110781249996 0.5250217796875 0.46119825 0.5286633000000001 0.470081725 0.5289735171875 0.474581628125 0.5274629734375 0.4814187296875 0.5226986828125 0.4838722609375 0.5161136328125 0.481825890625 0.511039125 0.47539594999999996 0.5041438546875 0.471012378125 0.5023230953125 0.45990803593749996 0.501935321875 0.4507918984375 0.5082877109374999 0.4484546984375 0.5115414578124999 0.44816386875 0.519869715625
0 0.47211752812499996 0.47067571875 0.4766174328125 0.4691651765625 0.48123366562500003 0.46432333124999997 0.4816408265625 0.4526637703125 0.47076914687500004 0.44561339375 0.4574439375 0.4451480671875 0.4529440328125 0.446658609375 0.44593243281249995 0.45641985468749996 0.4479206390625 0.4631600140625 0.4587923171875 0.47021039218749994 0.47211752812499996 0.47067571875
0 0.5351743328125 0.44786247343749996 0.5417787734374999 0.4497607859375 0.5484995453125 0.44832780000000005 0.5598365515625 0.442052965625 0.5624064140625 0.4321366125 0.558139175 0.4269845484375 0.5493720328125 0.42334302968750004 0.5404885593750001 0.4230328109375 0.529151553125 0.42930764374999997 0.5266398546875 0.43755834687500006 0.5286862265625001 0.44263285625000004 0.5351743328125 0.44786247343749996
0 0.5524653890625 0.3984358125 0.563511565625 0.40048923593749997 0.5702323375 0.3990562484375 0.579406640625 0.3910382078125 0.57969746875 0.3827099515625 0.571104825 0.37407147812499997 0.55555874375 0.373528596875 0.5464426062500001 0.3798809828125 0.54410540625 0.3831347328125 0.543930909375 0.3881316859375 0.5481399828125 0.3949494 0.5524653890625 0.3984358125
0 0.6429287718750001 0.3548997515625 0.6472541765625001 0.3583861625 0.6628002578125 0.35892904375 0.66957919375 0.3558304046875 0.676532628125 0.34773481093749997 0.6767071265625 0.3427378578125 0.672498053125 0.3359201421875 0.6681144812500001 0.33409938125 0.6503475328125 0.3334789453125 0.6458476296875 0.3349894890625 0.64117323125 0.3414969859375 0.6408242359375 0.35149089375 0.6429287718750001 0.3548997515625
0 0.42720313125000003 0.2923329203125 0.43147036875 0.297484984375 0.4358539421875 0.29930574375 0.4514000203125 0.299848625 0.4558999234375 0.2983380828125 0.46045799218749994 0.29516188906249996 0.46092331875000003 0.2818366765625 0.45881878125000003 0.2784278203125 0.4544933765625 0.274941409375 0.4478889375 0.27304309375 0.43900546250000005 0.2727328765625 0.4345055609375 0.27424341874999997 0.4276102921875 0.2806733609375 0.42720313125000003 0.2923329203125
0 0.44132152968750005 0.14273451406249998 0.44570509999999997 0.144555275 0.46791378593750005 0.1453308203125 0.4724136875 0.14382027656250002 0.477029921875 0.13897843125 0.47737891718750003 0.1289845234375 0.4687281078125 0.12201169999999999 0.4621236671875 0.12011338593750001 0.45324019375 0.11980316718749999 0.444298553125 0.1211586 0.43974048593750004 0.1243347953125 0.43500791875000006 0.1325079421875 0.44132152968750005 0.14273451406249998
0 0.43503843125 0.119217578125 0.43412406406250004 0.14540161875 0.47891898125 0.1469658921875 0.47983334843750003 0.12078185156250001 0.43503843125 0.119217578125