1 0.7171875 0.5221708328125 0.6890625 0.5221708328125 0.6890625 0.6055041671875 0.7171875 0.6055041671875 0.7171875 0.5221708328125
1 0.580690625 0.2915875 0.521315625 0.2915875 0.521315625 0.3374208328125 0.580690625 0.3374208328125 0.580690625 0.2915875
1 0.399440625 0.47633749999999997 0.355690625 0.47633749999999997 0.355690625 0.5471708328125 0.399440625 0.5471708328125 0.399440625 0.47633749999999997
1 0.42700468750000004 0.2595916671875 0.3660671875 0.2595916671875 0.3660671875 0.292925 0.42700468750000004 0.292925 0.42700468750000004 0.2595916671875
1 0.42438125 0.5415875 0.36969375000000004 0.5415875 0.36969375000000004 0.6020041671875 0.42438125 0.6020041671875 0.42438125 0.5415875
1 0.5804765625 0.35759375000000004 0.5493984375000001 0.35759375000000004 0.5493984375000001 0.43444791718750003 0.5804765625 0.43444791718750003 0.5804765625 0.35759375000000004
1 0.6015390625 0.3375208328125 0.5729609375 0.3375208328125 0.5729609375 0.4183958328125 0.6015390625 0.4183958328125 0.6015390625 0.3375208328125
1 0.6035468749999999 0.4230833328125 0.554421875 0.4230833328125 0.554421875 0.48591666718750004 0.6035468749999999 0.48591666718750004 0.6035468749999999 0.4230833328125
0 0.38189843749999997 0.54071875 0.3554765625 0.54071875 0.3554765625 0.5746979171875 0.38189843749999997 0.5746979171875 0.38189843749999997 0.54071875
0 0.49915624999999997 0.34420833281249996 0.474125 0.34420833281249996 0.474125 0.3806666671875 0.49915624999999997 0.3806666671875 0.49915624999999997 0.34420833281249996
0 0.56125 0.3299895828125 0.5334375 0.3299895828125 0.5334375 0.36396875 0.56125 0.36396875 0.56125 0.3299895828125
0 0.5515156250000001 0.3825208328125 0.524640625 0.3825208328125 0.524640625 0.4183541671875 0.5515156250000001 0.4183541671875 0.5515156250000001 0.3825208328125
0 0.5408515625 0.43132291718750004 0.5153671875 0.43132291718750004 0.5153671875 0.46655208281249994 0.5408515625 0.46655208281249994 0.5408515625 0.43132291718750004
0 0.5301953125 0.4714895828125 0.5047109375 0.4714895828125 0.5047109375 0.50546875 0.5301953125 0.50546875 0.5301953125 0.4714895828125
0 0.5543046875 0.45851041718749996 0.5283515624999999 0.45851041718749996 0.5283515624999999 0.4937395828125 0.5543046875 0.4937395828125 0.5543046875 0.45851041718749996
0 0.55521875 0.4912604171875 0.52834375 0.4912604171875 0.52834375 0.5301979171875 0.55521875 0.5301979171875 0.55521875 0.4912604171875
1 0.371875 0.2875 0.4203125 0.2875 0.425 0.2791666671875 0.4234375 0.26875 0.41875 0.2625 0.371875 0.2604166671875 0.3671875 0.2645833328125 0.365625 0.26875 0.365625 0.2791666671875 0.3671875 0.2833333328125 0.371875 0.2875
1 0.3828125 0.5458333328125 0.3875 0.5479166671875 0.39375 0.5458333328125 0.396875 0.5416666671875 0.396875 0.5270833328125 0.3953125 0.5229166671875001 0.378125 0.4895833328125 0.3703125 0.4791666671875 0.3609375 0.4791666671875 0.35625 0.48541666718750004 0.35625 0.49791666718750005 0.3578125 0.5020833328125 0.3828125 0.5458333328125
1 0.3859375 0.5979166671875 0.403125 0.5833333328125 0.41875 0.5666666671875 0.4203125 0.5625 0.4203125 0.5520833328125 0.415625 0.54375 0.40625 0.54375 0.3796875 0.56875 0.371875 0.5791666671875 0.3703125 0.5833333328125 0.3703125 0.5916666671875 0.378125 0.6 0.3859375 0.5979166671875
1 0.54375 0.3270833328125 0.5671875 0.33541666718749996 0.575 0.3333333328125 0.578125 0.3270833328125 0.578125 0.3166666671875 0.5734375 0.3083333328125 0.5375 0.29375 0.528125 0.29375 0.5234375 0.3 0.521875 0.30416666718749996 0.521875 0.3125 0.525 0.3166666671875 0.54375 0.3270833328125
1 0.5953125 0.4145833328125 0.5984375 0.40833333281249995 0.5984375 0.3916666671875 0.5921875 0.3479166671875 0.5875 0.3395833328125 0.5796875 0.3395833328125 0.5765625 0.3416666671875 0.5734375 0.3479166671875 0.571875 0.35625 0.58125 0.41041666718750003 0.590625 0.4166666671875 0.5953125 0.4145833328125
1 0.565625 0.43333333281249997 0.571875 0.43333333281249997 0.5765625 0.4270833328125 0.5765625 0.40833333281249995 0.5703125 0.3708333328125 0.5671875 0.3604166671875 0.5640625 0.3583333328125 0.5546875 0.3583333328125 0.55 0.3645833328125 0.5515625 0.3958333328125 0.559375 0.4270833328125 0.565625 0.43333333281249997
1 0.56875 0.48333333281249996 0.6015625 0.44166666718750003 0.6015625 0.4291666671875 0.5953125 0.42291666718750004 0.5875 0.425 0.5734375 0.43958333281249995 0.5546875 0.46458333281249997 0.553125 0.46875 0.5546875 0.4770833328125 0.559375 0.48333333281249996 0.56875 0.48333333281249996
1 0.70625 0.6020833328124999 0.709375 0.6 0.7125 0.5895833328125 0.715625 0.5395833328124999 0.715625 0.5354166671875 0.7125 0.5270833328125 0.709375 0.525 0.7015625 0.525 0.696875 0.53125 0.6921875 0.5625 0.690625 0.5833333328125 0.6921875 0.5979166671875 0.696875 0.6020833328124999 0.70625 0.6020833328124999
0 0.3671875 0.5770833328125 0.371875 0.5770833328125 0.38125 0.5604166671875 0.378125 0.5458333328125 0.375 0.5416666671875 0.365625 0.5395833328124999 0.3578125 0.5479166671875 0.35625 0.5520833328125 0.35625 0.5625 0.3578125 0.5666666671875 0.3671875 0.5770833328125
0 0.5375 0.5270833328125 0.5453125 0.5270833328125 0.5515625 0.5208333328125 0.553125 0.5166666671875 0.553125 0.50625 0.55 0.49791666718750005 0.54375 0.49375 0.5375 0.49375 0.53125 0.5 0.5296875 0.5041666671875 0.5296875 0.5166666671875 0.534375 0.525 0.5375 0.5270833328125
0 0.5125 0.5041666671875 0.521875 0.5041666671875 0.528125 0.49791666718750005 0.5296875 0.49375 0.5296875 0.4875 0.525 0.475 0.521875 0.47291666718750003 0.5109375 0.47291666718750003 0.50625 0.4791666671875 0.5046875 0.48333333281249996 0.5046875 0.49375 0.509375 0.5020833328125 0.5125 0.5041666671875
0 0.5375 0.4916666671875 0.54375 0.4916666671875 0.546875 0.4895833328125 0.5515625 0.4791666671875 0.5484375 0.4625 0.540625 0.4583333328125 0.5328125 0.4625 0.5296875 0.46666666718750005 0.528125 0.47083333281249995 0.528125 0.4791666671875 0.5296875 0.48333333281249996 0.5375 0.4916666671875
0 0.5296875 0.46458333281249997 0.5359375 0.4604166671875 0.5390625 0.45625 0.5390625 0.44375 0.5375 0.4375 0.534375 0.43333333281249997 0.53125 0.43125 0.5234375 0.43125 0.5171875 0.4375 0.515625 0.44166666718750003 0.515625 0.45416666718750004 0.521875 0.4625 0.5296875 0.46458333281249997
0 0.53125 0.4145833328125 0.540625 0.4145833328125 0.5453125 0.4125 0.5484375 0.40416666718750005 0.546875 0.3875 0.5421875 0.38333333281250004 0.5328125 0.38333333281250004 0.5296875 0.3854166671875 0.525 0.3916666671875 0.525 0.40625 0.5265625 0.41041666718750003 0.53125 0.4145833328125
0 0.490625 0.3770833328125 0.496875 0.36875 0.4984375 0.3645833328125 0.4984375 0.3583333328125 0.4953125 0.35 0.4890625 0.34375 0.4828125 0.34375 0.475 0.35208333281250004 0.4734375 0.3604166671875 0.475 0.36875 0.48125 0.3770833328125 0.490625 0.3770833328125
0 0.5484375 0.3625 0.5578125 0.3541666671875 0.5578125 0.3395833328125 0.553125 0.3333333328125 0.54375 0.3291666671875 0.5359375 0.33541666718749996 0.534375 0.3395833328125 0.534375 0.35 0.540625 0.3604166671875 0.5484375 0.3625