1 0.34001385 0.5357372390624999 0.3368061625 0.5969435640625 0.3820027578125 0.5993122171875 0.3852104453125 0.5381058921874999 0.34001385 0.5357372390624999
1 0.6401040124999999 0.41009797968750006 0.6369807375 0.4696936140625 0.6907862078125 0.4725134390625 0.6939094828125 0.41291780468750006 0.6401040124999999 0.41009797968750006
1 0.47020760624999997 0.429077459375 0.4672531578125 0.48545170937500004 0.5318197234375 0.4888355 0.5347741734375 0.43246124999999996 0.47020760624999997 0.429077459375
1 0.389837584375 0.809600778125 0.3873052 0.8579215625 0.46693729531250006 0.8620949031249999 0.46946967968750003 0.8137741187499999 0.389837584375 0.809600778125
1 0.6226552140625 0.8036983890625 0.6193631140625 0.8665154093749999 0.6839296781249999 0.8698992000000001 0.6872217796875 0.8070821796875001 0.6226552140625 0.8036983890625
1 0.51861560625 0.5955035375 0.5160832203125 0.643824321875 0.589258659375 0.6476592828125 0.59179104375 0.5993385 0.51861560625 0.5955035375
1 0.5024533234375 0.5332820734375 0.4996677 0.5864349359375 0.5642342640625 0.589818725 0.5670198875 0.5366658640625 0.5024533234375 0.5332820734375
1 0.5763803421875 0.5553490984375 0.5740167828125 0.600448496875 0.6514966609374999 0.6045090453124999 0.6538602203125 0.559409646875 0.5763803421875 0.5553490984375
0 0.6254739812500001 0.551180490625 0.62395455 0.5801729609375 0.6626944890625001 0.582203234375 0.66421391875 0.5532107640625 0.6254739812500001 0.551180490625
0 0.5450418890625001 0.63194781875 0.543606871875 0.6593295953125 0.5823468093749999 0.6613598703125 0.583781828125 0.6339780921875 0.5450418890625001 0.63194781875
0 0.492234790625 0.40418002499999994 0.4907997734375 0.43156180156249996 0.5316919312499999 0.43370486875 0.53312695 0.4063230921875 0.492234790625 0.40418002499999994
0 0.5483202484375 0.50494695625 0.546992434375 0.530283153125 0.5828484 0.5321622859375 0.5841762140625 0.5068260875 0.5483202484375 0.50494695625
0 0.5019785437500001 0.47460099843750003 0.500702221875 0.4989546734375 0.5365581875000001 0.5008338046875 0.537834509375 0.47648012968750003 0.5019785437500001 0.47460099843750003
0 0.490868825 0.5088972078125 0.4896186703125 0.53275156875 0.5248074484374999 0.5345957343750001 0.526057603125 0.5107413734375 0.490868825 0.5088972078125
0 0.41769672187499995 0.4821439140625 0.4164465671875 0.5059982749999999 0.4509681578125 0.507807475 0.4522183109375 0.48395311406249997 0.41769672187499995 0.4821439140625
1 0.6599401125 0.413090221875 0.65356786875 0.41114115 0.6470268 0.4124134625 0.6402324921875 0.4185178546875 0.639979253125 0.423349934375 0.659559946875 0.46152379843749997 0.6678311703124999 0.46841774062499997 0.6785922640625001 0.46898170625 0.687454378125 0.46460080000000004 0.6879608562499999 0.45493664375 0.6641601374999999 0.4149265 0.6599401125 0.413090221875
1 0.64867130625 0.58693225 0.644620109375 0.5818745859375001 0.6068087109375 0.562126690625 0.5941486375 0.5566178546875 0.5833031296875 0.5576645828125 0.578829865625 0.5606603812500001 0.5783233890624999 0.5703245390625 0.58030678125 0.57365871875 0.6158815484375 0.5949045125 0.628541621875 0.60041335 0.641454934375 0.6010901078125 0.6481648296875 0.5965964078125 0.64867130625 0.58693225
1 0.557729125 0.63384990625 0.5867209250000001 0.6159879015625 0.58921079375 0.6096579234374999 0.5873118140625 0.604713053125 0.5831762015625 0.60126608125 0.5789561765625 0.5994298031249999 0.5703473015625 0.59897863125 0.5482342250000001 0.60912555 0.52139464375 0.627100346875 0.5190735984375 0.6302089390625001 0.5187359484375 0.6366517109375 0.524939365625 0.64182216875 0.5378526781249999 0.6424989265625001 0.557729125 0.63384990625
1 0.5438034765624999 0.57013054375 0.559628721875 0.5564238593749999 0.5642708125 0.550206675 0.5646084625000001 0.543763903125 0.56262506875 0.5404297234375 0.5584894578124999 0.536982753125 0.5477283640625 0.5364187874999999 0.5433395125 0.53780389375 0.5140944765625 0.5604979765625 0.5027424921875 0.5712088625 0.502320428125 0.5792623265625 0.5085238453125001 0.5844327828125 0.5235893765624999 0.585222334375 0.5438034765624999 0.57013054375
1 0.53093329375 0.44509206093750003 0.53118653125 0.4402599828125 0.527219746875 0.43359162500000004 0.5187796953125 0.42991906718750006 0.5123230390625 0.4295806890625 0.5056975578125 0.4324636953125 0.47155719218750003 0.4662070421875 0.471050715625 0.47587119843750003 0.475101915625 0.4809288625 0.47932194062500005 0.4827651421875 0.4923196671875 0.48183120625000003 0.5126181765625 0.4651287234375 0.53093329375 0.44509206093750003
1 0.3788842390625 0.5873293609375 0.37559275625 0.5677754609375001 0.3661822671875 0.5414404109375 0.3599788484375 0.5362699531249999 0.3470655359375 0.5355931953125 0.34259227187499997 0.5385889953125 0.34018681562499997 0.5433082796875001 0.3432250609375 0.5676942578124999 0.3487531765625 0.5857502578125 0.3527199609375 0.592418615625 0.36116001249999996 0.596091171875 0.37424215 0.5935465453125001 0.3788842390625 0.5873293609375
1 0.464633490625 0.8453966078124999 0.4606667046875 0.8387282515625 0.41871969531250003 0.815533384375 0.4081274265625 0.811748034375 0.3995185515625 0.8112968609375001 0.39280865625 0.8157905609375 0.3904031984375 0.8205098453125 0.394201159375 0.8303995875 0.43606375625 0.8552051468749999 0.4445038046875 0.8588777046875 0.45750153125 0.8579437703125 0.4642958390625 0.851839378125 0.464633490625 0.8453966078124999
1 0.6582068734375001 0.8167785578125001 0.6458000375 0.80643764375 0.6350389437499999 0.805873678125 0.6261768296875 0.8102545843750001 0.6258391796875 0.8166973546875 0.6316205328125 0.829921278125 0.6436897171875 0.8467049640625 0.6599789265625 0.865324928125 0.6706556078125 0.8674995859375001 0.679517721875 0.8631186796874999 0.6801086125 0.8518438312500001 0.6582068734375001 0.8167785578125001
0 0.651245590625 0.5789915796875 0.6602765296875 0.5713892890625 0.6606141812499999 0.564946515625 0.6587152015625 0.5600016453125 0.6545795890624999 0.5565546734375 0.6503595640625 0.5547183953125 0.6374462515625 0.5540416375 0.6285841375000001 0.55842254375 0.62617868125 0.563141828125 0.6258410296875 0.5695846 0.6361800578125 0.5782020296875 0.640400084375 0.5800383078125 0.646856740625 0.5803766859375 0.651245590625 0.5789915796875
0 0.5727946578124999 0.6346394578125001 0.5665068265625 0.6310796937500001 0.557729125 0.63384990625 0.5465459671875 0.64133940625 0.546039490625 0.6510035625 0.5501751015624999 0.654450534375 0.5543951265625 0.6562868125 0.5673084390625001 0.6569635703125 0.5784071859375 0.6510847656250001 0.5808970546875 0.6447547874999999 0.578998075 0.6398099140625 0.5727946578124999 0.6346394578125001
0 0.5773110515625001 0.507281934375 0.573091028125 0.5054456546874999 0.5623299328125 0.504881690625 0.5512311875 0.5107604953125 0.5506402968749999 0.522035346875 0.5526236921875001 0.525369525 0.558911521875 0.5289292890625 0.567435984375 0.530991153125 0.5739770531249999 0.529718840625 0.5829235796875001 0.523727240625 0.58351446875 0.512452390625 0.5773110515625001 0.507281934375
0 0.5355328687500001 0.48086568124999995 0.52932945 0.47569522500000005 0.5121117 0.47479287968749995 0.5077228484375 0.4761779875 0.503080759375 0.48239517187500003 0.5027431078125 0.48883794375 0.5047265015625 0.49217212187500003 0.51514994375 0.4991788578125 0.5281476703125 0.49824492343750004 0.5348575656250001 0.493751225 0.5372630234375 0.48903193749999996 0.5355328687500001 0.48086568124999995
0 0.5301316796875 0.41920818437499996 0.5283171125 0.41265261875 0.5221136953125 0.4074821609375 0.5178936703125 0.40564588281249997 0.507132575 0.40508191718750003 0.50050709375 0.4079649234375 0.49586500468750005 0.4141821109375 0.49552735468750003 0.42062488125 0.49957855156250003 0.4256825453125 0.5058663828125 0.429242309375 0.523084134375 0.430144653125 0.5275573984374999 0.4271488546875 0.5301316796875 0.41920818437499996
0 0.4920239125 0.528654090625 0.5046839875 0.5341629265625001 0.5176817125000001 0.5332289921875 0.5243916078125 0.52873529375 0.524982496875 0.5174604453125 0.5209312984375 0.5124027796874999 0.5124912484374999 0.5087302218749999 0.501645740625 0.5097769484375 0.49261480312500006 0.5173792421875001 0.4920239125 0.528654090625
0 0.45092103124999994 0.48935229687500004 0.4489376390625 0.48601811875 0.4426498078125 0.482458353125 0.4362775640625 0.48050928125 0.42758427499999996 0.4816688015625 0.423195425 0.48305390781249996 0.4186377484375 0.4876604015625 0.418131271875 0.49732455781249996 0.4242502765625 0.5041057078125 0.44146802812499997 0.5050080515625 0.44809350937500003 0.5021250453125 0.45041455468749997 0.499016453125 0.45092103124999994 0.48935229687500004