1 0.682753125 0.3889145828125 0.624940625 0.3889145828125 0.624940625 0.43891458281249995 0.682753125 0.43891458281249995 0.682753125 0.3889145828125
1 0.763503125 0.63191875 0.702565625 0.63191875 0.702565625 0.6652520828124999 0.763503125 0.6652520828124999 0.763503125 0.63191875
1 0.5926890625000001 0.45550416718750003 0.5520640625000001 0.45550416718750003 0.5520640625000001 0.5305041671875 0.5926890625000001 0.5305041671875 0.5926890625000001 0.45550416718750003
1 0.590065625 0.5979166671875 0.538503125 0.5979166671875 0.538503125 0.6583333328125 0.590065625 0.6583333328125 0.590065625 0.5979166671875
1 0.6359375 0.6270833328125 0.575 0.6270833328125 0.575 0.6604166671875 0.6359375 0.6604166671875 0.6359375 0.6270833328125
1 0.5536265625000001 0.5048354171875 0.4942515625 0.5048354171875 0.4942515625 0.5527520828125 0.5536265625000001 0.5527520828125 0.5536265625000001 0.5048354171875
1 0.5161265625 0.25967083281250003 0.45675156250000004 0.25967083281250003 0.45675156250000004 0.2930041671875 0.5161265625 0.2930041671875 0.5161265625 0.25967083281250003
0 0.5328125 0.4775875 0.5046875 0.4775875 0.5046875 0.5130041671875001 0.5328125 0.5130041671875001 0.5328125 0.4775875
0 0.6289875 0.4402291671875 0.602425 0.4402291671875 0.602425 0.4777291671875 0.6289875 0.4777291671875 0.6289875 0.4402291671875
0 0.6452046874999999 0.4658770828125 0.6170796875 0.4658770828125 0.6170796875 0.5033770828125 0.6452046874999999 0.5033770828125 0.6452046874999999 0.4658770828125
0 0.6357234375 0.49777291718749994 0.6075984375 0.49777291718749994 0.6075984375 0.5352729171874999 0.6357234375 0.5352729171874999 0.6357234375 0.49777291718749994
1 0.5248359375 0.2920833328125 0.46869531249999996 0.2920833328125 0.46869531249999996 0.338875 0.5248359375 0.338875 0.5248359375 0.2920833328125
0 0.66834375 0.2648333328125 0.6433125000000001 0.2648333328125 0.6433125000000001 0.2995833328125 0.66834375 0.2995833328125 0.66834375 0.2648333328125
0 0.7730312500000001 0.3207083328125 0.74696875 0.3207083328125 0.74696875 0.3561666671875 0.7730312500000001 0.3561666671875 0.7730312500000001 0.3207083328125
0 0.7617421875 0.27140624999999996 0.7424453125 0.27140624999999996 0.7424453125 0.3074270828125 0.7617421875 0.3074270828125 0.7617421875 0.27140624999999996
1 0.4859375 0.29375 0.5109375 0.28958333281250004 0.515625 0.28125 0.515625 0.2708333328125 0.5078125 0.2625 0.4703125 0.2625 0.4625 0.2645833328125 0.4578125 0.26875 0.45625 0.27291666718749996 0.4578125 0.2875 0.4734375 0.29375 0.4859375 0.29375
1 0.509375 0.3375 0.51875 0.3375 0.5234375 0.33125 0.5234375 0.32083333281250004 0.521875 0.3166666671875 0.5125 0.3083333328125 0.4875 0.2958333328125 0.471875 0.2958333328125 0.4703125 0.2979166671875 0.46875 0.3020833328125 0.4703125 0.3104166671875 0.475 0.3166666671875 0.509375 0.3375
1 0.6375 0.43958333281249995 0.64375 0.4375 0.6765625 0.4166666671875 0.68125 0.41041666718750003 0.68125 0.4 0.6796875 0.3958333328125 0.6703125 0.3916666671875 0.64375 0.40416666718750005 0.63125 0.4125 0.625 0.42083333281249996 0.625 0.43125 0.6296875 0.4375 0.6375 0.43958333281249995
1 0.575 0.5270833328125 0.5828125 0.5291666671875 0.5890625 0.525 0.590625 0.5208333328125 0.590625 0.5083333328124999 0.5703125 0.4625 0.5671875 0.4583333328125 0.5625 0.45625 0.55625 0.4583333328125 0.553125 0.4625 0.553125 0.4770833328125 0.5671875 0.5125 0.575 0.5270833328125
1 0.5375 0.55 0.546875 0.55 0.5515625 0.5458333328125 0.5515625 0.5291666671875 0.5453125 0.5229166671875001 0.5125 0.5083333328124999 0.503125 0.5083333328124999 0.5 0.5104166671875 0.496875 0.5145833328125 0.496875 0.5270833328125 0.5015625 0.5333333328125 0.5375 0.55
1 0.5515625 0.6583333328125 0.5765625 0.6375 0.5875 0.6229166671875 0.5890625 0.61875 0.5890625 0.6104166671875 0.584375 0.6020833328124999 0.578125 0.6 0.559375 0.6145833328125 0.54375 0.63125 0.5390625 0.6375 0.5390625 0.6520833328125 0.54375 0.6583333328125 0.5515625 0.6583333328125
1 0.5875 0.6583333328125 0.603125 0.6604166671875 0.628125 0.6604166671875 0.63125 0.6583333328125 0.634375 0.6520833328125 0.634375 0.6416666671875 0.6296875 0.6333333328124999 0.61875 0.63125 0.5828125 0.63125 0.578125 0.6354166671875 0.5765625 0.6395833328125 0.5765625 0.65 0.5796875 0.6541666671875 0.5875 0.6583333328125
1 0.709375 0.6625 0.7546875 0.6625 0.7609375 0.65625 0.7625 0.65 0.7625 0.6458333328125 0.7546875 0.6375 0.715625 0.6333333328124999 0.7046875 0.6375 0.703125 0.6416666671875 0.703125 0.6541666671875 0.7046875 0.6583333328125 0.709375 0.6625
0 0.6515625 0.3 0.65625 0.3 0.6609375 0.2979166671875 0.665625 0.2916666671875 0.6671875 0.2875 0.6671875 0.2770833328125 0.6640625 0.26875 0.659375 0.2645833328125 0.6515625 0.2645833328125 0.64375 0.27291666718749996 0.6421875 0.2770833328125 0.6421875 0.28958333281250004 0.6484375 0.2979166671875 0.6515625 0.3
0 0.7578125 0.29375 0.7609375 0.2770833328125 0.7578125 0.2708333328125 0.753125 0.2708333328125 0.75 0.27291666718749996 0.74375 0.2833333328125 0.740625 0.2916666671875 0.740625 0.3 0.7484375 0.3020833328125 0.7578125 0.29375
0 0.7703125 0.3458333328125 0.7703125 0.33125 0.76875 0.3270833328125 0.7625 0.32083333281250004 0.7515625 0.325 0.746875 0.3375 0.753125 0.35208333281250004 0.7625 0.35625 0.7703125 0.3458333328125
0 0.5265625 0.5125 0.53125 0.5041666671875 0.53125 0.4895833328125 0.528125 0.48333333281249996 0.521875 0.4791666671875 0.5171875 0.4791666671875 0.5109375 0.48333333281249996 0.5078125 0.4895833328125 0.5078125 0.5041666671875 0.5109375 0.5083333328124999 0.5265625 0.5125
0 0.6171875 0.4770833328125 0.621875 0.47291666718750003 0.6265625 0.46458333281249997 0.6265625 0.4583333328125 0.621875 0.4458333328125 0.6171875 0.44375 0.6109375 0.44375 0.60625 0.4458333328125 0.603125 0.45208333281249996 0.6015625 0.46458333281249997 0.603125 0.46875 0.6109375 0.4770833328125 0.6171875 0.4770833328125
0 0.6375 0.5 0.640625 0.49583333281249997 0.6421875 0.4895833328125 0.6421875 0.48125 0.640625 0.4770833328125 0.634375 0.46875 0.6265625 0.46875 0.61875 0.4770833328125 0.6171875 0.4875 0.6203125 0.49791666718750005 0.6296875 0.5041666671875 0.6375 0.5
0 0.61875 0.5333333328125 0.625 0.53125 0.63125 0.5229166671875001 0.63125 0.5083333328124999 0.6265625 0.5020833328125 0.61875 0.49791666718750005 0.6140625 0.5 0.609375 0.50625 0.6078125 0.5104166671875 0.6078125 0.5208333328125 0.6140625 0.53125 0.61875 0.5333333328125
0 0.859375 0.5833333328125 0.865625 0.5770833328125 0.8671875 0.5604166671875 0.865625 0.5541666671875001 0.8609375 0.5479166671875 0.8578125 0.5458333328125 0.8515625 0.5458333328125 0.846875 0.5479166671875 0.84375 0.5520833328125 0.8421875 0.5708333328124999 0.84375 0.5770833328125 0.8484375 0.5833333328125 0.859375 0.5833333328125
0 0.866375 0.5439583328125 0.842125 0.5439583328125 0.842125 0.5847083328125 0.866375 0.5847083328125 0.866375 0.5439583328125