1 0.3390016390625 0.55378728125 0.37342786875 0.55378728125 0.37342786875 0.468260965625 0.3390016390625 0.468260965625 0.3390016390625 0.55378728125
1 0.5591065578125 0.6711732453125 0.623040984375 0.6711732453125 0.623040984375 0.63389254375 0.5591065578125 0.63389254375 0.5591065578125 0.6711732453125
1 0.44685573749999996 0.4786491234375 0.5042327875 0.4786491234375 0.5042327875 0.41505263125 0.44685573749999996 0.41505263125 0.44685573749999996 0.4786491234375
1 0.5902540984375 0.532436403125 0.6427131140625 0.532436403125 0.6427131140625 0.46226096562499996 0.5902540984375 0.46226096562499996 0.5902540984375 0.532436403125
1 0.4931 0.5735241234374999 0.55211639375 0.5735241234374999 0.55211639375 0.5121206140625 0.4931 0.5121206140625 0.4931 0.5735241234374999
1 0.6680770484375 0.48199780625 0.73037213125 0.48199780625 0.73037213125 0.43375219375 0.6680770484375 0.43375219375 0.6680770484375 0.48199780625
1 0.522608196875 0.40466447343749995 0.5471983609375 0.40466447343749995 0.5471983609375 0.31694517499999997 0.522608196875 0.31694517499999997 0.522608196875 0.40466447343749995
1 0.6734278687499999 0.5532105265625 0.7094934421875 0.5532105265625 0.7094934421875 0.46987719375000003 0.6734278687499999 0.46987719375000003 0.6734278687499999 0.5532105265625
0 0.4903131140625 0.423445175 0.5181819671875 0.423445175 0.5181819671875 0.38397149062499997 0.4903131140625 0.38397149062499997 0.4903131140625 0.423445175
0 0.4103426234375 0.4838903515625 0.438211475 0.4838903515625 0.438211475 0.4444166671875 0.4103426234375 0.4444166671875 0.4103426234375 0.4838903515625
0 0.62146065625 0.464633771875 0.650968853125 0.464633771875 0.650968853125 0.4229671046875 0.62146065625 0.4229671046875 0.62146065625 0.464633771875
0 0.4981065578125 0.48552631562500004 0.52313934375 0.48552631562500004 0.52313934375 0.45013157968749995 0.4981065578125 0.45013157968749995 0.4981065578125 0.48552631562500004
0 0.58786065625 0.564429825 0.61682786875 0.564429825 0.61682786875 0.52951754375 0.58786065625 0.52951754375 0.58786065625 0.564429825
0 0.6475819671874999 0.505614034375 0.6715327875 0.505614034375 0.6715327875 0.4697368421875 0.6475819671874999 0.4697368421875 0.6475819671874999 0.505614034375
0 0.6672459015625 0.577346490625 0.6933442624999999 0.577346490625 0.6933442624999999 0.5424342109375 0.6672459015625 0.5424342109375 0.6672459015625 0.577346490625
1 0.35737704843749996 0.4736842109375 0.352459015625 0.47807017500000004 0.34098360625 0.5241228062500001 0.3393442625 0.53508771875 0.34098360625 0.54605263125 0.34426229531249997 0.5504385968750001 0.35081967187499996 0.5526315796875 0.3557377046875 0.5504385968750001 0.3606557375 0.5416666671875 0.370491803125 0.49561403437499996 0.370491803125 0.4802631578125 0.3672131140625 0.4736842109375 0.35737704843749996 0.4736842109375
1 0.44754098437499995 0.46929824531250003 0.452459015625 0.47587719375 0.46229508125 0.47587719375 0.5 0.44078947343749997 0.50163934375 0.43421052656250003 0.5 0.42324561406249994 0.49016393437500005 0.4166666671875 0.48032786875 0.42324561406249994 0.44754098437499995 0.45394736875 0.4459016390625 0.460526315625 0.44754098437499995 0.46929824531250003
1 0.5229508203125001 0.3947368421875 0.529508196875 0.4013157890625 0.53770491875 0.4013157890625 0.54098360625 0.39912280624999996 0.5442622953125 0.3837719296875 0.5426229515625 0.3267543859375 0.53770491875 0.3201754390625 0.529508196875 0.3201754390625 0.5245901640625 0.3267543859375 0.5229508203125001 0.3333333328125 0.5229508203125001 0.3947368421875
1 0.529508196875 0.5307017546874999 0.5065573765625 0.5153508765625 0.49836065625000003 0.517543859375 0.4950819671875 0.521929825 0.4950819671875 0.53508771875 0.49836065625000003 0.5438596484375 0.5344262296875 0.5701754390625 0.5393442625 0.5723684203125 0.547540984375 0.56798245625 0.5491803281250001 0.563596490625 0.5491803281250001 0.5504385968750001 0.5442622953125 0.5438596484375 0.529508196875 0.5307017546874999
1 0.591803278125 0.471491228125 0.590163934375 0.47587719375 0.590163934375 0.48684210468750005 0.6180327875 0.521929825 0.6278688531250001 0.5307017546874999 0.6344262296875 0.5307017546874999 0.6393442625 0.5241228062500001 0.6393442625 0.5109649125 0.6180327875 0.4802631578125 0.6049180328125 0.46710526249999995 0.5967213109375 0.46710526249999995 0.591803278125 0.471491228125
1 0.7180327875 0.45175438593750006 0.7016393437499999 0.44298245625000005 0.6836065578125 0.436403509375 0.6754098359375 0.436403509375 0.672131146875 0.438596490625 0.668852459375 0.44298245625000005 0.668852459375 0.4561403515625 0.670491803125 0.460526315625 0.6819672125 0.46929824531250003 0.7131147546875 0.4802631578125 0.721311475 0.4802631578125 0.727868853125 0.4736842109375 0.727868853125 0.460526315625 0.7180327875 0.45175438593750006
1 0.6868852453125001 0.4736842109375 0.68032786875 0.4736842109375 0.6770491796875 0.47587719375 0.6737704921875001 0.4802631578125 0.6737704921875001 0.4912280703125 0.6868852453125001 0.54605263125 0.691803278125 0.5504385968750001 0.7016393437499999 0.5504385968750001 0.7065573765625001 0.54605263125 0.7065573765625001 0.528508771875 0.6950819671875 0.48684210468750005 0.691803278125 0.47807017500000004 0.6868852453125001 0.4736842109375
1 0.6065573765625001 0.6381578953125 0.5655737703125 0.6381578953125 0.56229508125 0.6403508765625 0.55901639375 0.6447368421874999 0.55901639375 0.6578947375 0.5639344265624999 0.664473684375 0.5868852453125 0.6688596484375 0.6131147546875 0.6688596484375 0.6163934421875 0.6666666671875 0.61967213125 0.66008771875 0.61967213125 0.6491228062500001 0.6147540984375001 0.6403508765625 0.6065573765625001 0.6381578953125
0 0.4131147546875 0.47587719375 0.4163934421875 0.4802631578125 0.42622950781249996 0.482456140625 0.43278688593750003 0.47587719375 0.4344262296875 0.471491228125 0.4344262296875 0.4561403515625 0.427868853125 0.4473684203125 0.41803278749999995 0.4473684203125 0.41147540937500005 0.4561403515625 0.40983606562499997 0.46491228125 0.4131147546875 0.47587719375
0 0.50163934375 0.3859649125 0.4967213109375 0.3881578953125 0.49344262343749995 0.392543859375 0.491803278125 0.396929825 0.491803278125 0.41008771875 0.5 0.42105263125 0.5065573765625 0.42105263125 0.5147540984375001 0.41228070156249996 0.5163934421875 0.40789473750000005 0.5163934421875 0.39912280624999996 0.509836065625 0.3881578953125 0.5065573765625 0.3859649125 0.50163934375 0.3859649125
0 0.5 0.4561403515625 0.4967213109375 0.46491228125 0.49836065625000003 0.47587719375 0.5049180328125 0.4846491234375 0.5147540984375001 0.4846491234375 0.51967213125 0.4802631578125 0.5229508203125001 0.46929824531250003 0.5229508203125001 0.46491228125 0.5180327874999999 0.45394736875 0.5147540984375001 0.45175438593750006 0.5049180328125 0.45175438593750006 0.5 0.4561403515625
0 0.629508196875 0.4276315796875 0.6229508203125 0.436403509375 0.6229508203125 0.449561403125 0.6245901640625 0.45394736875 0.631147540625 0.460526315625 0.6409836062500001 0.460526315625 0.6459016390625 0.4561403515625 0.649180328125 0.4473684203125 0.647540984375 0.436403509375 0.6459016390625 0.43201754374999995 0.6409836062500001 0.4276315796875 0.629508196875 0.4276315796875
0 0.6147540984375001 0.5416666671875 0.611475409375 0.5328947375 0.6049180328125 0.528508771875 0.59836065625 0.528508771875 0.591803278125 0.5328947375 0.590163934375 0.5372807015625 0.590163934375 0.5526315796875 0.591803278125 0.55701754375 0.5950819671875001 0.561403509375 0.6 0.563596490625 0.6049180328125 0.563596490625 0.611475409375 0.5592105265625 0.6147540984375001 0.5504385968750001 0.6147540984375001 0.5416666671875
0 0.647540984375 0.49561403437499996 0.6540983609375 0.504385965625 0.6655737703125 0.504385965625 0.672131146875 0.49561403437499996 0.672131146875 0.482456140625 0.6672131140625 0.4736842109375 0.6639344265625 0.471491228125 0.6540983609375 0.471491228125 0.649180328125 0.47587719375 0.647540984375 0.4802631578125 0.647540984375 0.49561403437499996
0 0.6672131140625 0.5504385968750001 0.6655737703125 0.563596490625 0.6672131140625 0.5701754390625 0.670491803125 0.5745614031249999 0.68032786875 0.57894736875 0.6852459015625 0.5767543859375001 0.691803278125 0.56798245625 0.691803278125 0.5548245609375 0.6885245906249999 0.5482456140624999 0.6836065578125 0.5438596484375 0.6737704921875001 0.5438596484375 0.6672131140625 0.5504385968750001