1 0.3417393921875 0.659872846875 0.3981833921875 0.6618439140625 0.40049973124999994 0.595512665625 0.34405573125 0.593541596875 0.3417393921875 0.659872846875
1 0.3051786796875 0.720899559375 0.3699232703125 0.723160490625 0.3713130734375 0.683361740625 0.30656848281250004 0.681100809375 0.3051786796875 0.720899559375
1 0.4546860625 0.6552808578125 0.5177705328125 0.657483815625 0.5192375484375 0.6154740265624999 0.45615307656250004 0.6132710671875 0.4546860625 0.6552808578125
1 0.380107478125 0.506251034375 0.41663006718749995 0.50752643125 0.41956409531250005 0.42350684843749997 0.3830415078125 0.4222314515625 0.380107478125 0.506251034375
1 0.408088440625 0.3782004375 0.47283302968749996 0.38046136875 0.47414562031249996 0.34287365937500003 0.4094010328125 0.340612728125 0.408088440625 0.3782004375
1 0.3939892828125 0.34671575312499997 0.458733871875 0.3489766828125 0.45989204062500005 0.315811059375 0.39514745156250003 0.313550128125 0.3939892828125 0.34671575312499997
1 0.5312411140625 0.7069685906250001 0.5926654671875 0.7091135765625001 0.594364115625 0.6604706593749999 0.5329397625000001 0.6583256734375 0.5312411140625 0.7069685906250001
0 0.3591577203125 0.43309701718750004 0.3890398390625 0.43414052343750004 0.390506853125 0.39213073125000003 0.360624734375 0.39108722500000004 0.3591577203125 0.43309701718750004
0 0.47034283749999994 0.615030628125 0.4985648375 0.6160161625 0.49995464062500006 0.5762174124999999 0.471732640625 0.575231878125 0.47034283749999994 0.615030628125
0 0.4025435453125 0.63118094375 0.430765546875 0.6321664765625 0.43215535000000005 0.5923677265625 0.40393334843749995 0.5913821921875 0.4025435453125 0.63118094375
0 0.4130847859375 0.5798250640625 0.444627021875 0.58092654375 0.44601682499999995 0.5411277937500001 0.4144745890625 0.5400263140625 0.4130847859375 0.5798250640625
1 0.524220621875 0.6760188859375 0.5644618718750001 0.677424140625 0.5671488250000001 0.6004798921875001 0.5269075734374999 0.5990746359375 0.524220621875 0.6760188859375
0 0.5776414515625 0.5446616328125 0.6046349656250001 0.5456042671875 0.6058904203125001 0.50965273125 0.5788969078124999 0.508710096875 0.5776414515625 0.5446616328125
0 0.4349534890625 0.6122894624999999 0.4591082015625 0.6131329640625001 0.46036365625000003 0.5771814265625 0.43620894374999997 0.576337925 0.4349534890625 0.6122894624999999
0 0.42530613281249996 0.6441403203125 0.4527644796875 0.6450991875 0.454041553125 0.6085285578125 0.42658320781250003 0.607569690625 0.42530613281249996 0.6441403203125
1 0.53621404375 0.7005010359375 0.53945706875 0.7028280234375 0.5477576562500001 0.7031178859375 0.566250584375 0.697122459375 0.5899555000000001 0.6846678265625 0.59343015625 0.6803616875 0.5938934234375 0.6670954375 0.5874845890625 0.6602304218749999 0.5791839999999999 0.6599405578125 0.5387234859375 0.67623755 0.5351716171875001 0.68275473125 0.5347083484375 0.6960209796875 0.53621404375 0.7005010359375
1 0.5260602359375001 0.6580854359375 0.5256741796875 0.66914064375 0.530422896875 0.6759476875 0.5353260390625 0.6783326468750001 0.5421209328125001 0.6741424546875 0.545595590625 0.669836315625 0.5635865703125 0.6306172921875 0.5673700734375 0.6174669875000001 0.5660187999999999 0.6085648484374999 0.5628529875 0.60402681875 0.5579498453125 0.601641859375 0.549572046875 0.6035630375000001 0.5442828484375 0.6122332875 0.5260602359375001 0.6580854359375
1 0.463052975 0.6536714359375 0.49308951562500003 0.650292859375 0.51158244375 0.6442974328125 0.5167944296875 0.6378382265625 0.5172576984374999 0.6245719750000001 0.5108488609374999 0.6177069609375 0.48753000156250004 0.6191063859375 0.46231939375 0.6270809640625 0.45710740625 0.6335401703125 0.45672135 0.6445953796875 0.4582270453125 0.6490754359375 0.463052975 0.6536714359375
1 0.3847958109375 0.6575798500000001 0.388116046875 0.6576957953125 0.3966482703125 0.6513525328124999 0.39877165312499996 0.63814425625 0.395683053125 0.631395184375 0.3603186328125 0.5969541640625 0.3520180453125 0.5966643 0.3468832703125 0.6009124671875 0.346342790625 0.6163897578124999 0.355840228125 0.6300038421874999 0.375066740625 0.6505988890625 0.3847958109375 0.6575798500000001
1 0.35275177812499997 0.7184455109375001 0.3627896953125 0.716582303125 0.367924471875 0.7123341375 0.3697390109375 0.707970028125 0.370279490625 0.6924927359375 0.365453559375 0.687896734375 0.3588903 0.6854538031249999 0.3154956078125 0.690579640625 0.30862350312500003 0.696980875 0.3080830234375 0.712458165625 0.31124883593749997 0.7169961953125 0.35275177812499997 0.7184455109375001
1 0.382054434375 0.49809498750000003 0.3901233890625 0.5050179765625 0.398501190625 0.5030967984375 0.4019758484375 0.498790659375 0.40946564218750003 0.474701090625 0.4171870703125 0.44397839843750003 0.4175731265625 0.43292319062500006 0.4128244078125 0.426116146875 0.40792126562500003 0.42373118749999994 0.401203584375 0.4257103390625 0.395837175 0.43659163124999995 0.382672125 0.48040665625 0.382054434375 0.49809498750000003
1 0.41151166562499997 0.36851311875000003 0.41792050156249994 0.375378134375 0.43286156093750006 0.37589988750000003 0.46455821875 0.37257928281249997 0.47143032500000004 0.36617805 0.4732448625 0.3618139375 0.47197080312499995 0.35070075625 0.46556196562499996 0.3438357421875 0.45567847031250003 0.341276865625 0.4205843671875 0.346692565625 0.41552680156250005 0.3487296890625 0.41205214375 0.353035828125 0.41151166562499997 0.36851311875000003
1 0.4205843671875 0.346692565625 0.45062090781249997 0.3433139890625 0.45401835312500005 0.34121889375 0.4574930109375 0.33691275468750004 0.4578790671875 0.3258575453125 0.456373371875 0.321377490625 0.4515474421875 0.3167814890625 0.40506414843750005 0.31515825625 0.3964547140625 0.3237125609375 0.395991446875 0.336978809375 0.403983190625 0.3461128390625 0.4205843671875 0.346692565625
0 0.605166571875 0.534664828125 0.6072127453125 0.52366759375 0.60095833125 0.5123804953125 0.59771530625 0.5100535078124999 0.5894147203125 0.5097636453125001 0.5825426140625 0.516164878125 0.5806508625 0.52274003125 0.58034201875 0.5315841984375 0.5865964328125 0.542871296875 0.5998773734375 0.5433350781249999 0.605166571875 0.534664828125
0 0.4732838453125 0.5986852578125 0.4778781421875 0.609914384375 0.48610151874999996 0.6124152875 0.4928192 0.6104361375 0.49795397656249996 0.6061879718750001 0.50000015 0.5951907359375 0.49864887812500003 0.586288596875 0.49548306562500005 0.58175056875 0.49224004062500004 0.57942358125 0.4822793359375 0.5790757453125 0.477144559375 0.5833239125 0.4735154796875 0.592052134375 0.4732838453125 0.5986852578125
0 0.4367227265625 0.6461107515625 0.44336319687500003 0.646342640625 0.45197263125 0.6377883375 0.45394159375000004 0.6290021421875001 0.4525903203125 0.620100003125 0.4478416015625 0.6132929609375 0.4379581078125 0.6107340828125001 0.431086003125 0.61713531875 0.4273025 0.6302856234374999 0.4287309828125 0.6369767203125 0.433479703125 0.6437837625 0.4367227265625 0.6461107515625
0 0.43707010312500005 0.58856569375 0.43660683437500003 0.6018319453125 0.43811252968750003 0.606312 0.44618148281250003 0.6132349890625 0.45282195468750003 0.6134668796875 0.45621940156249996 0.61137178125 0.4615086 0.602701534375 0.46340035156250003 0.5961263812500001 0.4619718671875 0.5894352828125 0.460466171875 0.584955228125 0.4556402421875 0.5803592265625 0.4507371 0.5779742671875 0.44235930156250003 0.5798954468749999 0.43707010312500005 0.58856569375
0 0.42927146250000003 0.621499428125 0.4311632140625 0.6149242765625 0.431472059375 0.6060801109375 0.42521764375000004 0.5947930109375 0.41525693906249994 0.5944451765625 0.40838483437499995 0.6008464109375 0.40657029375000003 0.605210521875 0.40610702656250003 0.6184767703125 0.410778534375 0.62749485625 0.42066202812500003 0.6300537328125 0.42927146250000003 0.621499428125
0 0.4184612828125 0.550282315625 0.4178435921875 0.56797065 0.42093219375 0.57471971875 0.42741824062499995 0.57937369375 0.4307384765625 0.5794896390625001 0.43753337031250006 0.5752994453125 0.441008028125 0.5709933078125 0.44282256875000003 0.5666291953125 0.4431314140625 0.557785028125 0.44170292968749997 0.55109393125 0.4385371171875 0.546555903125 0.4352940921875 0.544228915625 0.42533338593750003 0.54388108125 0.4184612828125 0.550282315625
0 0.37116704375 0.42908891562499996 0.38112775 0.4294367515625 0.388077065625 0.42082447500000003 0.3901232390625 0.40982723906249996 0.38861754375 0.40534718437499995 0.38228591875 0.39627112656249996 0.377382778125 0.39388616875000004 0.3706650953125 0.39586531875 0.3636385671875 0.4066886375 0.363329721875 0.41553280312499996 0.36475820625 0.4222239 0.37116704375 0.42908891562499996