1 0.53687561875 0.3892918265625 0.534790428125 0.44900385781249996 0.5767816406249999 0.45047022343750004 0.5788668312499999 0.39075819218749996 0.53687561875 0.3892918265625
1 0.5886493421875 0.27339602812499997 0.5868933921874999 0.32367984375000003 0.65407933125 0.326026028125 0.6558352796875 0.27574221250000003 0.5886493421875 0.27339602812499997
1 0.5441963546874999 0.438319321875 0.542275784375 0.4933172453125 0.6031630406249999 0.49544347499999997 0.6050836109375 0.4404455515625 0.5441963546874999 0.438319321875
1 0.4709631484375 0.49537217343749995 0.46909745156250005 0.548798728125 0.53208426875 0.5509982765625 0.5339499640625001 0.497571721875 0.4709631484375 0.49537217343749995
1 0.446745571875 0.285919840625 0.44509936874999995 0.33306091718749997 0.5143848671875 0.33548041875 0.51603106875 0.28833934375000003 0.446745571875 0.285919840625
1 0.694389125 0.5807326328125 0.6922490609375 0.642016034375 0.7279415890625 0.6432624453125 0.730081653125 0.58197904375 0.694389125 0.5807326328125
1 0.39859254375000003 0.2736925671875 0.397604821875 0.3019772140625 0.4773881234375 0.3047633078125 0.47837584531250005 0.2764786609375 0.39859254375000003 0.2736925671875
1 0.6814762875 0.210266996875 0.679336225 0.27155039531249997 0.7276261171875 0.273236715625 0.72976618125 0.21195331562500003 0.6814762875 0.210266996875
0 0.6154954171875 0.493117734375 0.614507696875 0.5214023796875 0.6522997875 0.522722109375 0.6532875078125 0.4944374640625 0.6154954171875 0.493117734375
0 0.4613246484375 0.379079734375 0.460282053125 0.408935746875 0.500173703125 0.4103287953125 0.5012162984375 0.38047278125 0.4613246484375 0.379079734375
0 0.5298661015625 0.49123508437499996 0.5289332531250001 0.5179483625 0.5667253421875 0.5192680921874999 0.567658190625 0.49255481406249996 0.5298661015625 0.49123508437499996
0 0.42436101718749997 0.6130029765625 0.4234737125 0.6384120156249999 0.45990108906250005 0.6396840874999999 0.46078839218749995 0.6142750484375 0.42436101718749997 0.6130029765625
0 0.453914121875 0.50081350625 0.453001028125 0.5269610890624999 0.486468025 0.5281297828125 0.48738111875 0.5019821999999999 0.453914121875 0.50081350625
0 0.5227624453125 0.448632603125 0.521913553125 0.4729416859375 0.555863446875 0.4741272421875 0.5567123390625001 0.449818159375 0.5227624453125 0.448632603125
0 0.49151617031250006 0.44015488437499994 0.49064148750000003 0.46520250937499996 0.52608206875 0.466440121875 0.5269567515625 0.441392496875 0.49151617031250006 0.44015488437499994
0 0.5021991046875 0.4165589359375 0.5013502125 0.44086801875 0.5362869 0.44208803437500005 0.5371357921875 0.417778953125 0.5021991046875 0.4165589359375
1 0.7199887390625 0.6414114390625001 0.7264520421875 0.6369172859375001 0.7270556499999999 0.6196322249999999 0.7239539953125 0.5880582046875 0.715720375 0.5830508234375 0.705222571875 0.58268423125 0.69875926875 0.587178384375 0.697332559375 0.628033984375 0.6992126265625 0.6343927796875 0.705291815625 0.6408982109375 0.7199887390625 0.6414114390625001
1 0.5611616234375 0.4942693828125 0.5654156171875 0.49284465156249996 0.600380421875 0.4547335125 0.6005999156249999 0.44844803593749993 0.5944658546875 0.44351397343750004 0.5797689312500001 0.44300074531250005 0.577614496875 0.44449879687499994 0.5449138734375001 0.4779691453125 0.5445846328124999 0.48739736093749997 0.550663821875 0.4939027921875 0.5611616234375 0.4942693828125
1 0.47133387656250003 0.53833109375 0.4732688171875 0.5431185203125 0.47940287968749995 0.5480525828125 0.4899006828125 0.5484191734375 0.494154675 0.5469944390625 0.507136153125 0.5364347656249999 0.5311092937499999 0.5120993578124999 0.5313836609375 0.5042425125000001 0.5252496 0.49930845 0.5126522375 0.498868540625 0.5083982421875 0.5002932734375001 0.4867441546875 0.518416521875 0.47365293125 0.532118934375 0.47133387656250003 0.53833109375
1 0.5356232859375 0.44303243124999997 0.5417024734375 0.4495378625 0.552145403125 0.4514758234375 0.5563993968750001 0.450051090625 0.5629175734375 0.44398556874999995 0.5747323390625 0.40663929843749996 0.57495183125 0.400353821875 0.57091733125 0.3954930765625 0.5626288359375 0.392057065625 0.5562752796875 0.39340848125 0.5476026703125 0.400972053125 0.5359525265625 0.43360421562499996 0.5356232859375 0.44303243124999997
1 0.632284078125 0.3236916359375 0.638527884375 0.325482959375 0.6448814406250001 0.3241315453125 0.651399615625 0.318066021875 0.6496292953125 0.3085644890625 0.6149793625 0.27746206406249996 0.6108351140625 0.2757440578125 0.59823775 0.27530414687500004 0.5917744484374999 0.2797983 0.591390334375 0.290797884375 0.62200576875 0.31703956718750004 0.632284078125 0.3236916359375
1 0.6974658296875 0.2630364140625 0.7055348328125 0.272757903125 0.7160326359375 0.27312449375000003 0.7202866296875 0.2716997625 0.72680480625 0.26563424062499996 0.7270791734375 0.25777739375 0.7156341515625 0.22433873124999998 0.7054655890625 0.2145439234375 0.6971222203125 0.21267927968749997 0.6907686640625 0.21403069531250002 0.6821509296875 0.22002290000000002 0.6818765625000001 0.22787974531250002 0.6974658296875 0.2630364140625
1 0.45122800781250005 0.3315285859375 0.4553722546875 0.33324659375 0.46377049843749996 0.3335398671875 0.46802449218750003 0.3321151328125 0.5131578593749999 0.3037988015625 0.5134871000000001 0.2943705875 0.5073530390625 0.289436525 0.4968552359375 0.28906993281250004 0.4861928125 0.29341745 0.4647582203125 0.30525522031249996 0.447522746875 0.317239628125 0.4471935078125 0.3266678421875 0.45122800781250005 0.3315285859375
1 0.39784665 0.295052190625 0.40188115 0.2999129328125 0.40602539687499994 0.3016309390625 0.427021003125 0.302364121875 0.439673240625 0.3012326609375 0.4713861421875 0.29604695937500003 0.475749884375 0.2914794875 0.47602425156250006 0.2836226421875 0.46989018906249996 0.2786885796875 0.4488945828125 0.27795539687500004 0.4088383125 0.2812764578125 0.4003303234375 0.28412592187499996 0.3981210171875 0.28719534375 0.39784665 0.295052190625
0 0.43207457656250003 0.6392236828125 0.44887105937499994 0.639810228125 0.45312505468750003 0.6383854953125 0.46174279062499995 0.6323932921875 0.459917596875 0.624463128125 0.45588309687499995 0.619602384375 0.44759460000000006 0.616166371875 0.43709679687499997 0.6157997796875 0.43284280312499995 0.6172245125 0.4242250671875 0.6232167171875 0.4279852015625 0.63593430625 0.43207457656250003 0.6392236828125
0 0.6192908375 0.515178725 0.6254249 0.5201127890625 0.6316687078125 0.5219041125 0.6422213828125 0.5206993343749999 0.65089399375 0.5131357624999999 0.6511134875 0.506850284375 0.649178546875 0.5020628578124999 0.6388453640625 0.496982159375 0.6283475625 0.4966155671875 0.6240935671875001 0.4980403015625 0.6175753921875 0.5041058234375 0.617301025 0.5119626703125 0.6192908375 0.515178725
0 0.5414424765625 0.5171800578125 0.5519402796875 0.5175466484375 0.556194275 0.5161219171875 0.562657575 0.5116277640625 0.5649766296875 0.5054156046875 0.5630416890625 0.5006281796875001 0.5590071890625 0.495767434375 0.5444748859375 0.49054010000000003 0.5337575890624999 0.49645898437499997 0.529393846875 0.50102645625 0.5311641671875 0.5105279890625 0.5414424765625 0.5171800578125
0 0.46961843124999997 0.527258190625 0.4759719859375 0.5259067749999999 0.48464459375 0.5183432031249999 0.484973834375 0.5089149875000001 0.48298402031250004 0.5056989296875 0.47049640625 0.5021162828125 0.457734421875 0.50639048125 0.45552511406249996 0.5094599 0.4551958734375 0.518888115625 0.46127506093750004 0.525393546875 0.46961843124999997 0.527258190625
0 0.52430238125 0.46623637812499996 0.5262921953124999 0.46945243437500006 0.53038156875 0.472741809375 0.536625378125 0.474533134375 0.5450236203125 0.47482640781249996 0.5471780546875 0.47332835468749995 0.555960409375 0.46262204375 0.5540803421875 0.45626324843750005 0.54999096875 0.4529738734375 0.5437471609375 0.45118254999999996 0.5332493578124999 0.450815959375 0.5289953640625 0.45224069062499994 0.5268409296875001 0.4537387421875 0.524521875 0.4599509015625 0.52430238125 0.46623637812499996
0 0.493083340625 0.45727975781249997 0.49507315468749996 0.46049581406250006 0.5033067765625 0.46550319531250006 0.513804578125 0.46586978593749995 0.5201581328125 0.464518371875 0.5223125671875 0.46302032187500003 0.5268409296875001 0.4537387421875 0.5249059890625001 0.44895131718750003 0.518771928125 0.4440172546875 0.5125281187499999 0.44222593125 0.504129878125 0.4419326578125 0.4955121421875 0.44792486093750006 0.493302834375 0.45099427968750005 0.493083340625 0.45727975781249997
0 0.5104834312500001 0.4405812421875 0.5167272406250001 0.4423725671875 0.523025921875 0.442592521875 0.5272799171875 0.44116778749999996 0.5316436578125 0.4366003171875 0.5320826453125 0.42402936406249997 0.5300928328125 0.42081330625 0.5197047765625 0.417303978125 0.511251659375 0.4185820734375 0.5047883578125 0.4230762265625 0.5024693046875 0.42928838437500005 0.504349371875 0.4356471796875 0.5104834312500001 0.4405812421875
0 0.4885406078125 0.4067759875 0.492794603125 0.40535125625 0.49715834531249997 0.400783784375 0.49754245937499997 0.3897841984375 0.48936370937499996 0.3832054484375 0.4746667859375 0.382692221875 0.4660490484375 0.388684425 0.4657198078125 0.398112640625 0.467709621875 0.401328696875 0.47594324375 0.406336078125 0.4885406078125 0.4067759875