1 0.47400597343750006 0.32812145 0.41737382656250005 0.3261438125 0.41496963906250006 0.3949907359375 0.4716017859375 0.39696837500000004 0.47400597343750006 0.32812145
1 0.43291224218749996 0.3251232515625 0.3679518390625 0.322854784375 0.36663341250000003 0.36060955 0.43159381718749995 0.3628780171875 0.43291224218749996 0.3251232515625
1 0.305041234375 0.495415465625 0.2434121328125 0.49326333125 0.2413957171875 0.5510059125 0.30302481875 0.5531580484374999 0.305041234375 0.495415465625
1 0.192659971875 0.7049543968750001 0.126033915625 0.7026277640624999 0.12456038124999999 0.7448242640625 0.1911864375 0.7471508984375 0.192659971875 0.7049543968750001
1 0.1674531515625 0.4239034828125 0.1291431703125 0.42256566875 0.126118546875 0.5091795390625 0.164428528125 0.510517353125 0.1674531515625 0.4239034828125
1 0.22765280312499997 0.32372116875 0.16269240000000001 0.3214527015625 0.1608310921875 0.374753546875 0.22579149687500003 0.3770220140625 0.22765280312499997 0.32372116875
0 0.2863378171875 0.422836290625 0.2563560921875 0.42178930625 0.2548825578125 0.4639858078125 0.2848642828125 0.46503279218750004 0.2863378171875 0.422836290625
1 0.2426774171875 0.526958215625 0.21797580781249998 0.526095615625 0.215031065625 0.61042199375 0.2397326765625 0.6112845921875001 0.2426774171875 0.526958215625
1 0.19211925937500002 0.343642090625 0.147146671875 0.3420716125 0.1443547125 0.42202287812500006 0.1893273 0.42359335624999994 0.19211925937500002 0.343642090625
0 0.145691746875 0.39853968125 0.11620971718749999 0.3975101453125 0.114783490625 0.43835191562500003 0.1442655203125 0.4393814515625 0.145691746875 0.39853968125
0 0.1788406234375 0.6589440796875 0.1476263171875 0.657854053125 0.146200090625 0.6986958234375 0.177414396875 0.6997858515625001 0.1788406234375 0.6589440796875
0 0.2195163625 0.703568603125 0.1923495875 0.70261991875 0.19100401718749999 0.7411519875 0.21817079218750002 0.7421006734375 0.2195163625 0.703568603125
0 0.250854221875 0.6684075265625 0.22310447031249997 0.6674384843750001 0.2217860453125 0.70519325 0.249535796875 0.7061622921875 0.250854221875 0.6684075265625
0 0.2858754296875 0.6927668109375 0.2563934 0.691737275 0.25496717343749997 0.732579046875 0.284449203125 0.7336085828125001 0.2858754296875 0.6927668109375
0 0.3507551921875 0.7073733140625 0.3224391203125 0.7063844953125 0.32109355 0.7449165625 0.34940962343750004 0.7459053812499999 0.3507551921875 0.7073733140625
1 0.432099603125 0.39089718125 0.45096464999999997 0.3759909265625 0.46998480468750004 0.356642934375 0.473626325 0.34787579062499996 0.472348446875 0.3367132828125 0.46591850468749996 0.3298180140625 0.45751269375000003 0.331748053125 0.431752378125 0.3530842515625 0.41954993749999997 0.36822316875 0.41749651249999997 0.3792693453125 0.4205175984375 0.38826915156249997 0.423771346875 0.3906063515625 0.432099603125 0.39089718125
1 0.37178892812500003 0.35099028125 0.3766307734375 0.355606515625 0.40153799062499995 0.3586998703125 0.426600315625 0.357351490625 0.4300867265625 0.35302608593749996 0.4319074875 0.3486425140625 0.4322177046875 0.3397590390625 0.43070716249999996 0.33525913749999997 0.42253401406249996 0.3305265703125 0.4010356546875 0.325328678125 0.37597332968749997 0.326677059375 0.37074371250000004 0.3331651671875 0.3702783859375 0.346490378125 0.37178892812500003 0.35099028125
1 0.16993489374999998 0.3528356890625 0.2076244390625 0.3719404515625 0.21943910781249998 0.36790587656249996 0.22125986874999998 0.3635223046875 0.22172519531249998 0.35019709374999997 0.220214653125 0.34569719062500004 0.213784709375 0.33880192187499997 0.1792713578125 0.3242552296875 0.16761179843750001 0.32384806875 0.1623046265625 0.33255704375 0.16214951875 0.33699878125 0.165170603125 0.3459985875 0.16993489374999998 0.3528356890625
1 0.184264775 0.42004340312500005 0.1894943921875 0.4135552953125 0.18995971875 0.40023008437499996 0.185428090625 0.3867303765625 0.165170603125 0.3459985875 0.1535110421875 0.3455914265625 0.14820387031249999 0.354300403125 0.1479712078125 0.3609630078125 0.15854500625 0.3924623265625 0.1726052140625 0.41963624218750006 0.1775246140625 0.42203160781250004 0.184264775 0.42004340312500005
1 0.1445958203125 0.5053776265625001 0.1515686453125 0.49672681562500004 0.15923945625 0.4680881890625 0.16326875000000002 0.44821670312500006 0.1638891859375 0.43044975625 0.15912489531250001 0.423612653125 0.147465334375 0.42320549218750003 0.1421581625 0.4319144671875 0.132666590625 0.4649366671875 0.1287148515625 0.482587284375 0.128249525 0.49591249531250003 0.1362675640625 0.5050867984375 0.1445958203125 0.5053776265625001
1 0.28001591718749996 0.5434602515625 0.29318601875 0.5483673171875 0.30182449375 0.539774671875 0.303722809375 0.53317023125 0.3022898203125 0.526449459375 0.2975255296875 0.5196123578125 0.2812567890625 0.50792635625 0.25673734531250003 0.49372865781249997 0.246588328125 0.4978214 0.24476756718749998 0.5022049703125 0.24445734843750003 0.5110884453125 0.24914408593749998 0.5201464171875 0.28001591718749996 0.5434602515625
1 0.23779120625 0.606469459375 0.23961196562499998 0.6020858875 0.2402729484375 0.535401665625 0.23384300468750002 0.5285063984375 0.22551474843750002 0.5282155687500001 0.22210589062500002 0.53032010625 0.21854192499999997 0.5368663796875001 0.2167581734375 0.5879463546875 0.21788094375 0.6035505999999999 0.222645234375 0.610387703125 0.23263914375 0.6107366984375 0.23779120625 0.606469459375
1 0.1269240234375 0.7248946140625 0.133353965625 0.73178988125 0.17468503124999998 0.7421275015625 0.1813476375 0.742360165625 0.1882429078125 0.7359302234375 0.190063665625 0.7315466515625 0.1905289921875 0.718221440625 0.1840990515625 0.7113261718749999 0.1493530359375 0.703442084375 0.132696521875 0.7028604265625 0.129287665625 0.7049649640625 0.1257236984375 0.7115112359375 0.1254134796875 0.7203947109375 0.1269240234375 0.7248946140625
0 0.3232382234375 0.7384207859374999 0.3280025140625 0.7452578890625 0.336253215625 0.7477695875 0.34307093125 0.7435605140625 0.3465573421875 0.7392351078125 0.348378103125 0.7348515375 0.34892098437499997 0.7193054578125 0.34415669375 0.7124683546874999 0.34090294375 0.7101311546875 0.3342403390625 0.7098984921875 0.32916583125 0.7119448625 0.32567941718750004 0.7162702671875001 0.3218827890625 0.7294791484375 0.3232382234375 0.7384207859374999
0 0.26176423125000003 0.7318269140625 0.26668362968750003 0.7342222796875 0.27334623593749996 0.7344549437500001 0.28016395 0.7302458703125 0.2837279171875 0.7236995953124999 0.2855486765625 0.719316025 0.2843483515625 0.705932646875 0.277918409375 0.6990373796875 0.2713333578125 0.6965838468750001 0.2645156453125 0.700792921875 0.2592860265625 0.7072810296875 0.25738771250000003 0.71388546875 0.25866559218749996 0.7250479765625 0.26176423125000003 0.7318269140625
0 0.19172931875000002 0.7316048171875 0.19808170625 0.7407209546875 0.20807561406250003 0.74106995 0.214893328125 0.7368608765625 0.218379740625 0.7325354703125 0.2202780546875 0.7259310328125 0.220588271875 0.7170475578125 0.21431344062500002 0.7057105531250001 0.21105969062500002 0.7033733515625 0.2043970859375 0.7031406875 0.19757937187500002 0.7073497625 0.19409295937499998 0.7116751671875 0.1921946453125 0.7182796078125 0.19172931875000002 0.7316048171875
0 0.17708921875 0.673280578125 0.17073683281250002 0.6641644421875 0.16415178125000002 0.661710909375 0.15574597031249998 0.66364095 0.1486955921875 0.674512628125 0.1483853734375 0.683396103125 0.1498183625 0.6901168734375001 0.1594244984375 0.7015702109374999 0.166087103125 0.7018028734375 0.17662389218750002 0.686605790625 0.17708921875 0.673280578125
0 0.283040540625 0.4568463796875 0.2866820609375 0.4480792390625 0.286992278125 0.4391957640625 0.2807174453125 0.427858759375 0.2757980453125 0.42546339218749996 0.2674697890625 0.42517256249999996 0.2606520734375 0.42938163749999997 0.25987652968749997 0.45159032187500003 0.261387071875 0.4560902234375 0.2678945703125 0.46076462500000004 0.2762228265625 0.4610554546875 0.283040540625 0.4568463796875
0 0.12368088906250001 0.43571638124999995 0.1302659390625 0.4381699125 0.14049251093749998 0.4318563015625 0.144056478125 0.4253100296875 0.1445218046875 0.41198481718749996 0.1430112625 0.407484915625 0.13983506875 0.40292684687499997 0.13491566875 0.4005314796875 0.1299187140625 0.40035698281250004 0.12310099999999999 0.40456605625000003 0.11771627343749999 0.4154959015625 0.11891659843749999 0.428879278125 0.12368088906250001 0.43571638124999995