1 0.3534133640625 0.6627192421875 0.41570419375 0.6616319515625 0.4150729359375 0.6254672484375 0.35278210625 0.6265545390625 0.3534133640625 0.6627192421875
1 0.2241045609375 0.668670515625 0.2863953921875 0.667583225 0.2857641359375 0.6314185218749999 0.2234733046875 0.6325058125 0.2241045609375 0.668670515625
1 0.41360262499999995 0.49299613593749997 0.45672704687500004 0.492243396875 0.45535313437499997 0.4135319828125 0.4122287125 0.4142847234375 0.41360262499999995 0.49299613593749997
1 0.32322978125 0.3548033765625 0.382326209375 0.3537718453125 0.3814350234375 0.3027157921875 0.32233859374999996 0.3037473234375 0.32322978125 0.3548033765625
1 0.5997359546875 0.543953296875 0.634874371875 0.543339953125 0.63342619375 0.4603738671875 0.5982877765625 0.4609872109375 0.5997359546875 0.543953296875
1 0.3409381359375 0.3815984046875 0.3984373625 0.3805947515625 0.39750904375 0.3274113640625 0.3400098171875 0.3284150171875 0.3409381359375 0.3815984046875
1 0.5118048843749999 0.352518321875 0.5469433031250001 0.351904978125 0.5455693890625 0.273193565625 0.510430971875 0.273806909375 0.5118048843749999 0.352518321875
0 0.35157323749999997 0.4762931765625 0.3803228515625 0.47579135 0.37961732812500004 0.43537197499999997 0.3508677140625 0.4358738015625 0.35157323749999997 0.4762931765625
0 0.3063648046875 0.3869430328125 0.3367116203125 0.3864133265625 0.336006096875 0.3459939515625 0.30565928124999997 0.34652365625 0.3063648046875 0.3869430328125
0 0.26254984531250003 0.593439159375 0.291299459375 0.5929373328125 0.2905939375 0.5525179578125 0.261844321875 0.553019784375 0.26254984531250003 0.593439159375
0 0.4803844421875 0.5626561359375 0.50753685625 0.5621821890625001 0.5068313343749999 0.5217628140625 0.4796789203125 0.5222367625000001 0.4803844421875 0.5626561359375
0 0.42398304375 0.564404571875 0.4527326578125 0.5639027453125001 0.45202713437500003 0.523483371875 0.4232775203125 0.5239851984375 0.42398304375 0.564404571875
0 0.3981874328125 0.48892837968749997 0.426937046875 0.48842655312499994 0.42626865625 0.45013451406250005 0.3975190421875 0.4506363390625 0.3981874328125 0.48892837968749997
1 0.47496969843750003 0.3502012578125 0.504869296875 0.349679359375 0.5034790453125 0.270031915625 0.473579446875 0.27055381562499997 0.47496969843750003 0.3502012578125
1 0.6285558515624999 0.54244370625 0.6332731890625001 0.538105396875 0.634684725 0.527440840625 0.6312303953125 0.5126052515625 0.619344465625 0.47238102968750006 0.6096498625 0.4661663 0.6048953921875 0.468377271875 0.6017752578125 0.4726877015625 0.6020723203125 0.4897063859375 0.607309515625 0.5151507750000001 0.614106778125 0.5384399484375 0.618972646875 0.5426109828125 0.6285558515624999 0.54244370625
1 0.5449454015625 0.32897678125 0.5330594734375 0.2887525609375 0.5216562703125 0.27618370312499996 0.51846186875 0.27623946093749996 0.51214733125 0.2806056484375 0.5124815265625 0.29975166875000003 0.5193159234375 0.325168178125 0.5277103875 0.348429471875 0.53577065625 0.352544746875 0.5452424640625 0.345995465625 0.5449454015625 0.32897678125
1 0.49881224218750003 0.34042195625 0.50029804375 0.3340120703125 0.5060184578125 0.295608515625 0.5057213953125 0.27858983125000003 0.5007812625 0.27016412500000003 0.49595252656250005 0.268120428125 0.49119805625 0.2703314015625 0.48651785312499995 0.276797046875 0.47927450625 0.31948315156249996 0.47964583281250006 0.34075650625 0.4813173 0.3449833 0.48454883281249994 0.3470548765625 0.49569210625000004 0.3447323859375 0.49881224218750003 0.34042195625
1 0.35250102656250004 0.3791515515625 0.3667644359375 0.37251863125 0.3920225859375 0.355053878125 0.3982257265625 0.3443056859375 0.394845659375 0.33372476562500003 0.38838259062499997 0.3295816125 0.3787993859375 0.3297488875 0.358258571875 0.3428753296875 0.3425093609375 0.3559181359375 0.3409864265625 0.3602006859375 0.3411349578125 0.368710028125 0.3428064234375 0.37293681875 0.34607509062499997 0.37713573125 0.35250102656250004 0.3791515515625
1 0.3551013046875 0.345058425 0.3740820484375 0.33408719531250003 0.3819566546875 0.32756579375 0.3817338578125 0.3148017796875 0.38006239218750004 0.3105749890625 0.373562190625 0.30430449843749996 0.36877058906250004 0.30438813593749997 0.335526434375 0.321992284375 0.3260917609375 0.3306689015625 0.324568825 0.3349514515625 0.32471735625 0.34346079375 0.32962035625 0.3497591640625 0.3360462921875 0.35177498125 0.3551013046875 0.345058425
1 0.4455466421875 0.49243855156249994 0.45030111093749997 0.490227578125 0.454981315625 0.48376193437500004 0.45479565156249996 0.47312525625 0.44309538593750003 0.44353771562500005 0.431506521875 0.42033217812499996 0.4282749859375 0.4182606015625 0.42028898281249993 0.418399996875 0.41408584218750005 0.42914819218750005 0.41419724062499996 0.4355301984375 0.41928590625 0.45246524531250004 0.434180571875 0.48199702968749997 0.44071790625 0.49039485312500003 0.4455466421875 0.49243855156249994
1 0.4084758453125 0.6569403671875 0.4147532515625 0.6504468453125 0.4145304546875 0.63768283125 0.409627453125 0.6313844640624999 0.40479871875000006 0.6293407656250001 0.396812715625 0.6294801624999999 0.3601513625 0.6343760546875 0.3554711578125 0.6408416984375 0.3540224890625 0.6493789203125 0.35573108750000004 0.6557330484375 0.3606340890625 0.6620314171875 0.3877865015625 0.6615574703125 0.4084758453125 0.6569403671875
1 0.26168190468749997 0.6680146015624999 0.28081118125 0.665552715625 0.285491384375 0.6590870703125 0.2869771890625 0.652677184375 0.2852314546875 0.6441957203124999 0.2835599890625 0.6399689296875 0.27390251875 0.635881534375 0.23085236406249998 0.64088894375 0.2261350265625 0.6452272531250001 0.22461209062499998 0.6495098046875001 0.224760621875 0.6580191453124999 0.2280664234375 0.6643453953125 0.23129795625 0.666416971875 0.26168190468749997 0.6680146015624999
0 0.499405384375 0.5574659375000001 0.5041227203124999 0.5531276296875001 0.5071685921875 0.5445625296875 0.5070200609375 0.5360531859375001 0.5053485953125 0.5318263953125 0.5004455937500001 0.5255280265625 0.49401965781249996 0.5235122078125001 0.48926518750000003 0.52572318125 0.482987784375 0.5322167046875 0.48146484687499996 0.5364992546875 0.4816505109375 0.5471359328125 0.48818784531250003 0.55553375625 0.49141938124999995 0.557605334375 0.499405384375 0.5574659375000001
0 0.45111803281249996 0.5370289609375 0.449446565625 0.53280216875 0.44458069843750003 0.5286311359375 0.43340029375 0.528826290625 0.427197153125 0.539574484375 0.42741995 0.552338496875 0.42909141562500003 0.5565652890624999 0.4387860203125 0.5627800203125 0.4451376890625 0.56054116875 0.4513408296875 0.5497929734375 0.45111803281249996 0.5370289609375
0 0.426120303125 0.47788175468749994 0.42760610468750004 0.47147186874999997 0.42589750625 0.4651177421875 0.41932303906249996 0.4545925796875 0.4097027015625 0.4526325203125 0.40498536406249996 0.45697082968749997 0.40193949531250006 0.4655359296875 0.40208802656250003 0.474045271875 0.40866249374999997 0.48457043281249995 0.4166856296875 0.486558371875 0.42144009843749997 0.48434739843749997 0.426120303125 0.47788175468749994
0 0.3779443484375 0.46382678437499997 0.3793558875 0.4531622265625 0.3776472875 0.4468081 0.36951275156249996 0.438438153125 0.3615267484375 0.4385775484375 0.35368927499999997 0.44722628750000004 0.3539492046875 0.4621176375 0.3604865390625 0.47051546093749996 0.36371807500000003 0.47258703750000003 0.3685096765625 0.4725034 0.3748242140625 0.4681372125 0.3779443484375 0.46382678437499997
0 0.33173741562500003 0.37951398125 0.334857553125 0.37520355156249996 0.3345976234375 0.3603122015625 0.331291821875 0.3539859546875 0.3231944203125 0.3477433453125 0.31840281875 0.3478269828125 0.31208828125 0.35219317031249997 0.310565346875 0.3564757203125 0.3108624078125 0.3734944046875 0.312533875 0.37772119531250004 0.31899694375 0.3818643515625 0.3285801484375 0.381697075 0.33173741562500003 0.37951398125
0 0.282668803125 0.5889128765625 0.2873861390625 0.58457456875 0.28890907499999996 0.58029201875 0.2886491453125 0.5654006703125 0.2869776796875 0.5611738765625 0.2837090109375 0.556974965625 0.27093140625 0.5571979984375 0.2677741359375 0.5593810921875 0.26465400156249996 0.5636915234375001 0.2631681984375 0.5701014078125 0.2633167296875 0.57861075 0.2649881953125 0.5828375421875001 0.2714883984375 0.58910803125 0.282668803125 0.5889128765625
0 0.1387722015625 0.5829126671875 0.1402951359375 0.578630115625 0.1399238078125 0.5573567609375 0.1382523421875 0.5531299703125 0.1333864734375 0.5489589375 0.12380326875 0.5491262125 0.117562996875 0.5577470703125 0.1160771953125 0.56415695625 0.1162257265625 0.5726662984375 0.1179714578125 0.5811477609375 0.12124012343749999 0.585346675 0.12930039375 0.5894619484375 0.1387722015625 0.5829126671875
0 0.11657794531250001 0.5900989765625 0.141685940625 0.589660715625 0.1409369734375 0.5467523578125 0.11582897656249999 0.5471906203125 0.11657794531250001 0.5900989765625