1 0.6590128875000001 0.297816690625 0.65794269375 0.35912810624999997 0.7020536203125001 0.35989806562500004 0.7031238156249999 0.29858665 0.6590128875000001 0.297816690625
1 0.612394678125 0.28022840000000004 0.611434246875 0.3352514640625 0.67024881875 0.33627807656250003 0.67120925 0.2812550109375 0.612394678125 0.28022840000000004
1 0.430701809375 0.4573768546875 0.4299060234375 0.5029673953125 0.5034242359375 0.504250659375 0.5042200218749999 0.45866012031250003 0.430701809375 0.4573768546875
1 0.3585717046875 0.336604334375 0.3580503265625 0.3664739984375 0.43997062187499997 0.367903921875 0.4404919984375 0.3380342578125 0.3585717046875 0.336604334375
1 0.6599591890625 0.5646442859375 0.6589438765625 0.622811525 0.7072558453125 0.6236548140625 0.7082711578125 0.5654875734375 0.6599591890625 0.5646442859375
1 0.7073979015625 0.5754313953125 0.7063277078125 0.6367428109375 0.7399360328125 0.6373294453125 0.741006228125 0.5760180312500001 0.7073979015625 0.5754313953125
1 0.43962580625000003 0.34745296406250004 0.43855561249999997 0.40876438125 0.47636497968749997 0.409424346875 0.4774351734375 0.34811292968749996 0.43962580625000003 0.34745296406250004
1 0.38954845625 0.44774835937499996 0.38847826093750004 0.509059775 0.4241871078125 0.509683075 0.42525730156249997 0.44837165937499995 0.38954845625 0.44774835937499996
0 0.47582471875000004 0.3569556671875 0.4753307828125 0.38525324375 0.51314015 0.385913209375 0.5136340859375 0.35761563281250003 0.47582471875000004 0.3569556671875
0 0.6496286140625 0.3908950765625 0.649134678125 0.419192653125 0.68694404375 0.41985261874999996 0.6874379796875 0.391555040625 0.6496286140625 0.3908950765625
0 0.6547622390625001 0.4161457484375 0.65429574375 0.4428712375 0.69420563125 0.4435678671875 0.6946721265625 0.41684237812499997 0.6547622390625001 0.4161457484375
0 0.4342346375 0.4893521859375 0.4337681421875 0.5160776765625 0.471577509375 0.5167376406249999 0.47204400468749996 0.4900121515625 0.4342346375 0.4893521859375
0 0.371706534375 0.6129589921874999 0.371265009375 0.63825388125 0.4030248765625 0.6388082515625 0.4034664 0.6135133625 0.371706534375 0.6129589921874999
0 0.350549946875 0.5339928265625 0.3501084234375 0.559287715625 0.38390579687500004 0.5598776515624999 0.38434732031249996 0.5345827625 0.350549946875 0.5339928265625
0 0.406695471875 0.399629909375 0.4062405015625 0.425695121875 0.4410671296875 0.426303021875 0.4415221 0.400237809375 0.406695471875 0.399629909375
0 0.5116253546875 0.25770529531249997 0.5111838296875 0.28300018437499996 0.5465145828125 0.2836168859375 0.54695610625 0.258321996875 0.5116253546875 0.25770529531249997
1 0.716149084375 0.6358684875 0.7266242453125 0.637623896875 0.7329532453125001 0.6361618046874999 0.737236609375 0.631518871875 0.735931875 0.5858916671875 0.7297400781250001 0.5794933234374999 0.7213654359375 0.5777745750000001 0.7150364359375 0.5792366703125 0.7107805125 0.5823075140625 0.7080214109375 0.620000953125 0.7099847265625 0.6278980546875 0.716149084375 0.6358684875
1 0.6705413359375 0.6004759359375 0.6828151671875 0.6195609765625 0.6890344046875 0.6243872328125 0.6974364859375 0.6245338921875 0.7016649671875 0.6230351328125 0.7038203703125 0.6199276234375 0.704039896875 0.607350921875 0.68985763125 0.5772246046875 0.683693275 0.5692541734375001 0.679519675 0.5676087562500001 0.6690170734375 0.5674254328125 0.662633190625 0.5720317015624999 0.66042290625 0.5782833875 0.6705413359375 0.6004759359375
1 0.6603105578124999 0.34396900937499997 0.6601459125 0.353401534375 0.6663651515625 0.3582277921875 0.678968271875 0.35844777968749997 0.6832241953125 0.355376934375 0.68971784375 0.344482315625 0.700741821875 0.314795975 0.7008790265625 0.3069355359375 0.6967603078125 0.3021459453125 0.6925867078125 0.300500528125 0.6799835843750001 0.30028053906249996 0.6757276640625001 0.3033513859375 0.669206575 0.315818090625 0.6603105578124999 0.34396900937499997
1 0.61224555625 0.32897693281249996 0.616364275 0.33376652500000004 0.6268394359375 0.3355219359375 0.6331684390625 0.33405984218749996 0.650247009375 0.318632284375 0.6695633062499999 0.295380953125 0.6696730703125 0.28909260312499996 0.665554353125 0.2843030109375 0.6613807515625 0.28265759375 0.6529786703125 0.2825109359375 0.64236630625 0.28861596093749997 0.6123827609375 0.32111649531249997 0.61224555625 0.32897693281249996
1 0.4601998765625 0.4930150203125 0.4789399140625 0.502777528125 0.49151559687499996 0.5045696046875 0.49574407656249997 0.503070846875 0.5 0.5 0.502237725 0.49217622656250004 0.4898266890625 0.480951625 0.45024609218749995 0.4613899453125 0.439743490625 0.461206621875 0.4333596078125 0.465812890625 0.433222403125 0.473673328125 0.43526804218750004 0.47685416875 0.4601998765625 0.4930150203125
1 0.39497398125 0.4981667640625 0.3969921796875 0.5029196921875 0.40321141875000005 0.5077459484375 0.4158145390625 0.5079659375000001 0.4200704625 0.504895090625 0.4222258640625 0.50178758125 0.4224179515625 0.4907829671875 0.418820609375 0.4561237125 0.4167749703125 0.45294287187500004 0.412601371875 0.45129745468750004 0.4021262109375 0.4495420421875 0.3915138453125 0.4556470703125 0.3911845546875 0.47451212031249995 0.39497398125 0.4981667640625
1 0.447115246875 0.4000052015625 0.4491334453125 0.404758128125 0.4553526828125 0.409584384375 0.465855284375 0.4097677078125 0.4700837671875 0.40826894999999996 0.4743671296875 0.4036260171875 0.4746415375 0.387905140625 0.46676083437500004 0.3578888171875 0.46264211718750003 0.353099225 0.458468515625 0.35145380937500004 0.4479659140625 0.3512704859375 0.44158202968750004 0.3558767546875 0.439371746875 0.36212843906250003 0.447115246875 0.4000052015625
1 0.41618370000000005 0.36644139062500003 0.4266863015625 0.36662471406249997 0.435143265625 0.363627196875 0.4394815109375 0.35584008906250003 0.4374633125 0.3510871625 0.429143553125 0.346224240625 0.3893434296875 0.3392392609375 0.36623770625 0.3388359484375 0.3619817828125 0.34190679375 0.3618171375 0.35133931875 0.37010945624999997 0.3577743296875 0.41618370000000005 0.36644139062500003
0 0.3841022203125 0.6395079875 0.3925043015625 0.6396546453124999 0.3967327828125 0.6381558859375 0.40527206875 0.6304421078125 0.4054092734375 0.6225816703125 0.39711695625 0.6161466609375 0.390842834375 0.6144645796875 0.3760843109375 0.6173521015625 0.371800946875 0.621995034375 0.3716363015625 0.631427559375 0.37992862031249997 0.6378625687499999 0.3841022203125 0.6395079875
0 0.3561218625 0.5572461265624999 0.3644690609375 0.5605369609374999 0.3728711421875 0.56068361875 0.377099625 0.5591848609375 0.38348350781249996 0.5545785921874999 0.38566635 0.5498989953125 0.383703034375 0.54200189375 0.3753832765625 0.5371389718749999 0.362780153125 0.5369189828125001 0.35855167187500003 0.538417740625 0.352140346875 0.544596096875 0.352030584375 0.5508844468749999 0.3561218625 0.5572461265624999
0 0.46191622343749994 0.5150609109375 0.4704280703125 0.5089192203125 0.47266579374999995 0.5010954453124999 0.453953196875 0.48976084999999997 0.44765163750000003 0.48965085625000004 0.4369569484375 0.5004721453125 0.4368471859375 0.506760496875 0.44511206249999996 0.5147675921875 0.4555872234375 0.516523003125 0.46191622343749994 0.5150609109375
0 0.42144250625 0.4262907125 0.4298445875 0.42643737187499997 0.4340730703125 0.4249386140625 0.440456953125 0.42033234531249997 0.4426672375 0.4140806578125 0.44064903906249997 0.40932773125 0.432356721875 0.40289272187499997 0.41765307968750004 0.40263606875 0.409141234375 0.40877775937500005 0.4089765890625 0.4182102859375 0.41102222812500006 0.4213911265625 0.42144250625 0.4262907125
0 0.4852264625 0.38337220156249996 0.5020306265625 0.38366551875 0.508414509375 0.37905924999999996 0.5105699109375 0.37595174062500003 0.510652234375 0.371235478125 0.50451531875 0.361692959375 0.50034171875 0.3600475421875 0.48563807499999995 0.3597908890625 0.4792816328125 0.36282506875 0.47709879062500005 0.3675046671875 0.47696158593750004 0.37536510624999997 0.4852264625 0.38337220156249996
0 0.516389965625 0.283271903125 0.5205635656250001 0.2849173203125 0.5331666859374999 0.285137309375 0.5394956890625 0.28367521406249996 0.5437790515625001 0.2790322828125 0.5460167765625 0.27120850937499996 0.5440260203125 0.26488349375000003 0.5419529421875 0.263274740625 0.537779340625 0.261629325 0.5167741375 0.2612626765625 0.51254565625 0.262761434375 0.5102804890625 0.2721572953125 0.516389965625 0.283271903125
0 0.6649107843750001 0.4415484328125 0.671184903125 0.4432305140625 0.6838154671875001 0.441878415625 0.69019935 0.437272146875 0.69238219375 0.43259254843750006 0.6904188765625 0.42469544687500005 0.6800260390624999 0.418223771875 0.6631669953125 0.4210746296875 0.6588836312499999 0.42571756250000004 0.6587189859375 0.4351500890625 0.660764625 0.43833092812499996 0.6649107843750001 0.4415484328125
0 0.66112135625 0.41789378906249997 0.6758249984375 0.4181504421875 0.6800534796875 0.416651684375 0.6843368437499999 0.41200875156250005 0.6845289296875 0.4010041390625 0.682483290625 0.3978232984375 0.6762366125 0.3945691296875 0.66153296875 0.3943124765625 0.6573044875 0.395811234375 0.65083828125 0.40513376562500003 0.654874678125 0.41463962031249996 0.66112135625 0.41789378906249997