1 0.7833136359374999 0.5486779859375 0.7242730374999999 0.5455838 0.7208546984375 0.6108096015625 0.779895296875 0.6139037875 0.7833136359374999 0.5486779859375
1 0.924706840625 0.5049098421875 0.8622924953125001 0.5016388453125 0.85887415625 0.5668646484375001 0.9212885015625 0.5701356453125 0.924706840625 0.5049098421875
1 0.929958159375 0.352518621875 0.8995944234375 0.35092732656250003 0.8948794734375 0.44089395 0.9252432078125 0.4424852453125 0.929958159375 0.352518621875
1 0.46857646875 0.2357004140625 0.402788375 0.23225260625000002 0.40102026874999996 0.2659900890625 0.4668083625 0.269437896875 0.46857646875 0.2357004140625
1 0.4425287390625 0.5315128515625 0.3936093875 0.528949096875 0.389601678125 0.605420728125 0.4385210296875 0.6079844828125001 0.4425287390625 0.5315128515625
1 0.8960047718749999 0.30268009375 0.833590425 0.29940909531250004 0.829700590625 0.3736315625 0.8921149359375 0.376902559375 0.8960047718749999 0.30268009375
0 0.7238495109375 0.32595884218750004 0.6934857734375 0.3243675453125 0.691246171875 0.36710169375 0.7216099078125 0.36869298906250003 0.7238495109375 0.32595884218750004
0 0.7224789953124999 0.5559320140625 0.690428384375 0.5542523140625 0.6881887828125001 0.5969864609375 0.72023939375 0.5986661625 0.7224789953124999 0.5559320140625
1 0.40712635312499995 0.395130784375 0.3831896078125 0.3938763125 0.3786443953125 0.48060413750000003 0.402581140625 0.48185860937499997 0.40712635312499995 0.395130784375
1 0.4485742484375 0.3611272734375 0.385097171875 0.35780058124999997 0.382079603125 0.41537922031249996 0.4455566796875 0.4187059125 0.4485742484375 0.3611272734375
0 0.40531165468749997 0.5330401250000001 0.3771577234375 0.531564640625 0.37511615 0.5705201890625 0.4032700796875 0.5719956734375 0.40531165468749997 0.5330401250000001
0 0.5422177515625 0.32994943125 0.5151265515625 0.3285296421875 0.5131957796875 0.365370975 0.5402869796875 0.3667907640625 0.5422177515625 0.32994943125
0 0.6110128453125 0.31862445781250004 0.5817961828125 0.31709327656249997 0.5797168890625 0.3567685578125 0.6089335515625 0.3582997390625 0.6110128453125 0.31862445781250004
0 0.5585867328125 0.4956164921875 0.5314955328125001 0.4941967015625 0.5295282203125 0.5317352765625001 0.55661941875 0.533155065625 0.5585867328125 0.4956164921875
0 0.6379539421875 0.445072603125 0.6092602125 0.443568828125 0.6072186375 0.48252437812500004 0.63591236875 0.48402815312499997 0.6379539421875 0.445072603125
0 0.6329931249999999 0.5193968140624999 0.6042993937500001 0.5178930390625001 0.6022201 0.557568321875 0.6309138328125 0.5590720953125 0.6329931249999999 0.5193968140624999
1 0.838016753125 0.3440532875 0.8342893828125 0.35062397343749996 0.83334639375 0.3686172984375 0.843231890625 0.3736460625 0.8874076000000001 0.337620378125 0.8947444640625 0.32672817187500003 0.895215959375 0.317731509375 0.8906268328125 0.3084696328125 0.8788187140625 0.3078507953125 0.8612427296874999 0.320461734375 0.838016753125 0.3440532875
1 0.912467015625 0.440424128125 0.919568134375 0.434030253125 0.9216086296875 0.4273711609375 0.9242384937500001 0.40946624062500003 0.9264780953124999 0.3667320953125 0.9251448421875 0.3598961921875 0.9220068421875001 0.35522105000000004 0.91537721875 0.3526182640625 0.9101987218750001 0.3546022125 0.90286185625 0.3654944203125 0.90011411875 0.38564850625 0.8972485062500001 0.40805175625 0.8963055171875001 0.42604507968750005 0.89763876875 0.43288098281250004 0.9007767703124999 0.43755612499999996 0.912467015625 0.440424128125
1 0.9126135812499999 0.5667310234375 0.918027825 0.56024874375 0.9199504468749999 0.5558388171875001 0.918852940625 0.5445045828125 0.914145940625 0.5374918703125 0.897984440625 0.5231128234375 0.8751933187500001 0.5061309890625 0.8684458218750001 0.50577736875 0.8613447031250001 0.5121712453125 0.8593042078125 0.5188303359375 0.8606374593749999 0.5256662375000001 0.8684824624999999 0.53735409375 0.8813880875000001 0.5493071640625 0.902492334375 0.5662005921875 0.9126135812499999 0.5667310234375
1 0.7392191593749999 0.550877778125 0.7307847875 0.5504357515625 0.72537054375 0.5569180328125001 0.7233300484375 0.5635771234375 0.7246633015625 0.570413025 0.7452960546875 0.5963031171875001 0.7664003015625 0.6131965453125 0.7767572953124999 0.609228646875 0.7806025390625 0.6004087953125 0.7793871609374999 0.5913237265625 0.7682862828125 0.5772098953125 0.7392191593749999 0.550877778125
1 0.40236040156249997 0.4587974359375 0.404953625 0.4093157921875 0.40060024531250005 0.39555558281250003 0.393970621875 0.3929527953125 0.3904789984375 0.3950251515625 0.3832600078125 0.40366819062500003 0.3799595421875 0.4666448296875 0.38286179531250003 0.4758183015625 0.38611766875 0.47824427812500003 0.394552040625 0.4786863046875 0.3980436625 0.47661394843749993 0.399966284375 0.472204025 0.40236040156249997 0.4587974359375
1 0.4387198 0.539639959375 0.4355818 0.53496481875 0.4254605546875 0.5344343874999999 0.42196893125 0.5365067406249999 0.396113090625 0.5780032125 0.3922678484375 0.586823065625 0.3916784796875 0.5980688921875 0.3980723546875 0.6051700125 0.40650672656250003 0.6056120390624999 0.4358541890625 0.5620432109375 0.43969943125000005 0.553223359375 0.44017092656249995 0.544226696875 0.4387198 0.539639959375
1 0.3922471046875 0.36128766562500003 0.38683286250000004 0.36776994687500003 0.38612561875 0.381264940625 0.398795496875 0.39771634218749996 0.4284519890625 0.4128026328125 0.43688636093750005 0.413244659375 0.44218273124999996 0.40901154375 0.444458975 0.397854121875 0.438300846875 0.3862546703125 0.40236835156249995 0.3618180984375 0.3922471046875 0.36128766562500003
1 0.40127879687499995 0.2535045265625 0.409241671875 0.2629432171875 0.45647415 0.265418565625 0.46357526875 0.2590246890625 0.4642825109375 0.24552969687499998 0.459575509375 0.2385169828125 0.4512590125 0.235825790625 0.40571340781250004 0.233438846875 0.4019860390625 0.24000953281249998 0.40127879687499995 0.2535045265625
0 0.37944345468749996 0.5410441046875001 0.377520834375 0.5454540296875 0.376813590625 0.558949025 0.38465859375 0.5706368796875 0.3947798390625 0.5711673109375 0.40211670312500003 0.5602751046875001 0.40270607187499996 0.5490292765625 0.40125494687499996 0.544442540625 0.3949789453125 0.53509225625 0.386544575 0.5346502296875 0.37944345468749996 0.5410441046875001
0 0.550996490625 0.5274813875000001 0.5548417328124999 0.5186615359375 0.555313228125 0.509664871875 0.552410975 0.5004914 0.5475860984375001 0.495727853125 0.539151728125 0.49528582656250003 0.5302458609375 0.5038404609375 0.5283232390625 0.5082503875 0.52796961875 0.5149978843749999 0.5293028718749999 0.5218337859375 0.5340098734375001 0.5288464984375 0.5372657484375 0.5312724765625 0.54570011875 0.531714503125 0.550996490625 0.5274813875000001
0 0.630161703125 0.533885603125 0.6287105765625001 0.5292988656250001 0.6223167015625 0.5221977484375 0.6138823312499999 0.521755721875 0.6103907078125 0.523828078125 0.6049764640624999 0.5303103578125 0.6041513468749999 0.5460545171875 0.6056024734375 0.550641253125 0.6087404750000001 0.5553163953125 0.6153700984375 0.5579191828125001 0.625727090625 0.5539512828125 0.6294544609375 0.547380596875 0.630161703125 0.533885603125
0 0.7172085625 0.5835543984375 0.7179158046875 0.5700594031249999 0.7148956765625 0.563135096875 0.7083839265625 0.55828314375 0.7016364312500001 0.5579295234375 0.6964579343749999 0.5599134734375 0.6928484375 0.56423499375 0.690925815625 0.56864491875 0.6902185734375 0.5821399125 0.6948077015624999 0.5914017921875 0.69975045 0.593916171875 0.7081848203125001 0.5943581984375 0.7152859406250001 0.5879643234375 0.7172085625 0.5835543984375
0 0.6356205375 0.4620007078125 0.634287284375 0.45516480625 0.626324409375 0.44572611718750005 0.6195769140625 0.44537249531249995 0.6106710468750001 0.4539271328125 0.608748425 0.4583370578125 0.6082769296875 0.4673337203125 0.6096101828125 0.4741696234375 0.616004059375 0.481270740625 0.626125303125 0.48180117187500004 0.629616925 0.47972881875000006 0.6351490421875 0.47099737187499996 0.6356205375 0.4620007078125
0 0.51535228125 0.33616453125 0.5133117859375 0.342823621875 0.5142914171874999 0.356407021875 0.5189984203125 0.36341973437499997 0.5308065390625 0.364038571875 0.53790765625 0.357644696875 0.5401839015625 0.346487275 0.5358305203125 0.3327270640625 0.5325746453125 0.3303010875 0.5224534015625 0.3297706546875 0.51535228125 0.33616453125
0 0.6084839859375 0.33427932656250003 0.6071507328125 0.327443425 0.59918785625 0.3180047359375 0.5924403593750001 0.3176511140625 0.5889487375 0.3197234703125 0.5817297453125 0.32836651093749997 0.5810225015625 0.3418615046875 0.58561163125 0.3511233828125 0.5888675046875 0.353549359375 0.5973018765625 0.3539913859375 0.6007934984375 0.35191903125 0.608012490625 0.3432759890625 0.6084839859375 0.33427932656250003
0 0.71365955625 0.3285146296875 0.7035383093750001 0.327984196875 0.6964371921875 0.33437807343750003 0.692474075 0.345447090625 0.6936894546875 0.35453215937500004 0.6983964546875 0.361544871875 0.708399828125 0.36432446875 0.715383071875 0.360179759375 0.7189925671874999 0.35585823906249997 0.7199355578125 0.33786491406249997 0.7169154296875 0.33094060625 0.71365955625 0.3285146296875