1 0.587996875 0.6172166671875 0.528621875 0.6172166671875 0.528621875 0.6609666671875 0.587996875 0.6609666671875 0.587996875 0.6172166671875
1 0.4496734375 0.32555 0.3918609375 0.32555 0.3918609375 0.3776333328125 0.4496734375 0.3776333328125 0.4496734375 0.32555
1 0.47352343750000003 0.47818125 0.41883593750000003 0.47818125 0.41883593750000003 0.54068125 0.47352343750000003 0.54068125 0.47352343750000003 0.47818125
1 0.8379125000000001 0.52193125 0.7910375000000001 0.52193125 0.7910375000000001 0.5990145828125 0.8379125000000001 0.5990145828125 0.8379125000000001 0.52193125
1 0.8344609374999999 0.3120645828125 0.7735234375 0.3120645828125 0.7735234375 0.3745645828125 0.8344609374999999 0.3745645828125 0.8344609374999999 0.3120645828125
1 0.6242609375 0.41469791718750004 0.5773859375 0.41469791718750004 0.5773859375 0.48553125 0.6242609375 0.48553125 0.6242609375 0.41469791718750004
1 0.5695734375 0.44178125 0.5180109374999999 0.44178125 0.5180109374999999 0.50428125 0.5695734375 0.50428125 0.5695734375 0.44178125
1 0.5793609375 0.3568 0.5356109375 0.3568 0.5356109375 0.43179999999999996 0.5793609375 0.43179999999999996 0.5793609375 0.3568
0 0.5572140625 0.34711875000000003 0.5290890625 0.34711875000000003 0.5290890625 0.38461875 0.5572140625 0.38461875 0.5572140625 0.34711875000000003
0 0.637865625 0.42067708281250005 0.611303125 0.42067708281250005 0.611303125 0.4581770828125 0.637865625 0.4581770828125 0.637865625 0.42067708281250005
0 0.42019531250000003 0.48109375 0.39363281250000004 0.48109375 0.39363281250000004 0.5206770828125 0.42019531250000003 0.5206770828125 0.42019531250000003 0.48109375
0 0.5128515625000001 0.42672916718750004 0.4882734375 0.42672916718750004 0.4882734375 0.4614375 0.5128515625000001 0.4614375 0.5128515625000001 0.42672916718750004
0 0.48489062499999996 0.47300000000000003 0.46126562499999996 0.47300000000000003 0.46126562499999996 0.5077083328125 0.48489062499999996 0.5077083328125 0.48489062499999996 0.47300000000000003
0 0.5181484375000001 0.48263541718749997 0.49500781250000003 0.48263541718749997 0.49500781250000003 0.5166979171875 0.5181484375000001 0.5166979171875 0.5181484375000001 0.48263541718749997
0 0.4959765625 0.5552708328125 0.4728359375 0.5552708328125 0.4728359375 0.5886875 0.4959765625 0.5886875 0.4959765625 0.5552708328125
1 0.4046875 0.3770833328125 0.440625 0.35625 0.446875 0.3479166671875 0.446875 0.3375 0.4421875 0.3291666671875 0.4328125 0.3291666671875 0.3953125 0.3541666671875 0.39375 0.3583333328125 0.3921875 0.3645833328125 0.39375 0.3708333328125 0.4 0.3770833328125 0.4046875 0.3770833328125
1 0.55 0.4291666671875 0.553125 0.4270833328125 0.571875 0.3916666671875 0.5765625 0.3791666671875 0.5765625 0.36666666718749996 0.571875 0.3604166671875 0.5625 0.3604166671875 0.5578125 0.3645833328125 0.540625 0.40208333281249997 0.5359375 0.4145833328125 0.5375 0.425 0.540625 0.4291666671875 0.55 0.4291666671875
1 0.6078125 0.48125 0.6109375 0.48333333281249996 0.6171875 0.48333333281249996 0.621875 0.4770833328125 0.621875 0.46458333281249997 0.6125 0.4458333328125 0.59375 0.41875 0.5875 0.4166666671875 0.5828125 0.41875 0.5796875 0.42291666718750004 0.578125 0.4270833328125 0.578125 0.43541666718750005 0.5890625 0.45625 0.6078125 0.48125
1 0.54375 0.4916666671875 0.5546875 0.5020833328125 0.5625 0.5020833328125 0.5671875 0.49583333281249997 0.5671875 0.48125 0.5515625 0.4625 0.5375 0.4479166671875 0.53125 0.44375 0.525 0.44375 0.521875 0.4458333328125 0.51875 0.45 0.51875 0.4604166671875 0.5203125 0.46458333281249997 0.54375 0.4916666671875
1 0.4546875 0.5375 0.4640625 0.5375 0.46875 0.5333333328125 0.4703125 0.5291666671875 0.46875 0.5166666671875 0.4515625 0.49791666718750005 0.43125 0.48125 0.4265625 0.48125 0.4203125 0.48541666718750004 0.4171875 0.49375 0.4171875 0.5 0.4203125 0.50625 0.4546875 0.5375
1 0.5359375 0.6604166671875 0.559375 0.65625 0.5765625 0.65 0.5828125 0.6458333328125 0.5859375 0.6375 0.5828125 0.625 0.5765625 0.6208333328125 0.5578125 0.625 0.5328125 0.6354166671875 0.528125 0.6416666671875 0.528125 0.6541666671875 0.53125 0.6583333328125 0.5359375 0.6604166671875
1 0.8015625 0.5979166671875 0.8109375 0.59375 0.8328125 0.5520833328125 0.8359375 0.54375 0.834375 0.53125 0.828125 0.525 0.821875 0.525 0.815625 0.5291666671875 0.7953125 0.5708333328124999 0.7921875 0.58125 0.7921875 0.5895833328125 0.796875 0.5958333328125 0.8015625 0.5979166671875
1 0.7859375 0.3708333328125 0.7984375 0.3645833328125 0.8140625 0.35208333281250004 0.83125 0.33541666718749996 0.8328125 0.325 0.828125 0.3166666671875 0.8171875 0.3166666671875 0.784375 0.3395833328125 0.775 0.35208333281250004 0.775 0.3625 0.7796875 0.3708333328125 0.7859375 0.3708333328125
0 0.540625 0.38333333281250004 0.546875 0.38333333281250004 0.5546875 0.3729166671875 0.55625 0.36875 0.55625 0.3625 0.5546875 0.3583333328125 0.546875 0.35 0.540625 0.35 0.5359375 0.35208333281250004 0.5328125 0.35625 0.53125 0.3604166671875 0.53125 0.3729166671875 0.5359375 0.38125 0.540625 0.38333333281250004
0 0.6296875 0.45625 0.6328125 0.45208333281249996 0.634375 0.4479166671875 0.634375 0.43541666718750005 0.628125 0.425 0.621875 0.42291666718750004 0.6171875 0.425 0.6125 0.43125 0.609375 0.4375 0.6125 0.4458333328125 0.6203125 0.45625 0.6296875 0.45625
0 0.5046875 0.4583333328125 0.5078125 0.45625 0.5109375 0.45 0.5125 0.44166666718750003 0.5109375 0.43541666718750005 0.5046875 0.4270833328125 0.49375 0.4270833328125 0.4890625 0.43333333281249997 0.4875 0.4375 0.4875 0.4479166671875 0.49375 0.4583333328125 0.5046875 0.4583333328125
0 0.46875 0.50625 0.475 0.50625 0.478125 0.5041666671875 0.484375 0.49375 0.4828125 0.48125 0.478125 0.475 0.4734375 0.47291666718750003 0.465625 0.475 0.4609375 0.48125 0.4609375 0.49791666718750005 0.4625 0.5020833328125 0.46875 0.50625
0 0.403125 0.5166666671875 0.409375 0.5166666671875 0.4140625 0.5125 0.4171875 0.50625 0.4171875 0.4895833328125 0.4140625 0.48541666718750004 0.40625 0.48333333281249996 0.4 0.48541666718750004 0.3953125 0.4916666671875 0.39375 0.49583333281249997 0.39375 0.50625 0.396875 0.5125 0.403125 0.5166666671875
0 0.5140625 0.5145833328125 0.51875 0.5020833328125 0.5171875 0.4895833328125 0.5125 0.48333333281249996 0.5015625 0.48333333281249996 0.496875 0.4875 0.49375 0.49583333281249997 0.4953125 0.50625 0.503125 0.5145833328125 0.5140625 0.5145833328125
0 0.478125 0.5875 0.4875 0.5875 0.49375 0.58125 0.49375 0.5645833328125 0.490625 0.5583333328125 0.4875 0.55625 0.478125 0.55625 0.475 0.5583333328125 0.471875 0.5645833328125 0.4703125 0.5708333328124999 0.471875 0.5791666671875 0.4734375 0.5833333328125 0.478125 0.5875