1 0.5088546875 0.5333354171875 0.48072968749999995 0.5333354171875 0.48072968749999995 0.6145854171875 0.5088546875 0.6145854171875 0.5088546875 0.5333354171875
1 0.6593765625 0.5506979171874999 0.6203140625 0.5506979171874999 0.6203140625 0.62778125 0.6593765625 0.62778125 0.6593765625 0.5506979171874999
1 0.6875015624999999 0.3958354171875 0.6343765625 0.3958354171875 0.6343765625 0.46041875 0.6875015624999999 0.46041875 0.6875015624999999 0.3958354171875
1 0.5817734375 0.3354208328125 0.5442734375 0.3354208328125 0.5442734375 0.4145875 0.5817734375 0.4145875 0.5817734375 0.3354208328125
1 0.42604375 0.26736458281250003 0.36510625 0.26736458281250003 0.36510625 0.30278125 0.42604375 0.30278125 0.42604375 0.26736458281250003
1 0.616146875 0.49305833281250006 0.578646875 0.49305833281250006 0.578646875 0.5701416671875 0.616146875 0.5701416671875 0.616146875 0.49305833281250006
1 0.7020859374999999 0.31180625 0.6395859374999999 0.31180625 0.6395859374999999 0.3472229171875 0.7020859374999999 0.3472229171875 0.7020859374999999 0.31180625
0 0.5964546875 0.5608729171875 0.5683296875 0.5608729171875 0.5683296875 0.6025395828125 0.5964546875 0.6025395828125 0.5964546875 0.5608729171875
0 0.5292671875 0.3369395828125 0.5027046875 0.3369395828125 0.5027046875 0.37652291718750003 0.5292671875 0.37652291718750003 0.5292671875 0.3369395828125
0 0.5452734375 0.3822145828125 0.5187109375000001 0.3822145828125 0.5187109375000001 0.41971458281249996 0.5452734375 0.41971458281249996 0.5452734375 0.3822145828125
0 0.5550296875 0.34263125 0.5284671875 0.34263125 0.5284671875 0.38013125 0.5550296875 0.38013125 0.5550296875 0.34263125
1 0.7204843750000001 0.3461666671875 0.661578125 0.3461666671875 0.661578125 0.3969166671875 0.7204843750000001 0.3969166671875 0.7204843750000001 0.3461666671875
0 0.3992265625 0.3926145828125 0.3725546875 0.3926145828125 0.3725546875 0.42867708281250005 0.3992265625 0.42867708281250005 0.3992265625 0.3926145828125
0 0.4030234375 0.47794791718749996 0.3775078125 0.47794791718749996 0.3775078125 0.5114687499999999 0.4030234375 0.5114687499999999 0.4030234375 0.47794791718749996
0 0.38093750000000004 0.5338020828125 0.35731250000000003 0.5338020828125 0.35731250000000003 0.5698645828125 0.38093750000000004 0.5698645828125 0.38093750000000004 0.5338020828125
0 0.70625 0.4525520828125 0.68034375 0.4525520828125 0.68034375 0.4881145828125 0.70625 0.4881145828125 0.70625 0.4525520828125
1 0.41875 0.2979166671875 0.421875 0.29375 0.421875 0.28125 0.4203125 0.2770833328125 0.415625 0.27291666718749996 0.3875 0.26875 0.3703125 0.26875 0.365625 0.27291666718749996 0.3640625 0.2770833328125 0.3640625 0.28958333281250004 0.3734375 0.2979166671875 0.41875 0.2979166671875
1 0.55 0.41041666718750003 0.5578125 0.41041666718750003 0.5625 0.40625 0.5796875 0.35625 0.5796875 0.3458333328125 0.578125 0.3416666671875 0.575 0.3375 0.5703125 0.33541666718749996 0.5640625 0.3375 0.5546875 0.35625 0.55 0.3708333328125 0.54375 0.3958333328125 0.54375 0.40208333281249997 0.5453125 0.40625 0.55 0.41041666718750003
1 0.690625 0.34375 0.69375 0.3416666671875 0.6984375 0.3333333328125 0.6984375 0.3229166671875 0.69375 0.3166666671875 0.6640625 0.3166666671875 0.65 0.31875 0.6421875 0.3229166671875 0.640625 0.3270833328125 0.6390625 0.3375 0.6453125 0.3458333328125 0.6734375 0.3479166671875 0.690625 0.34375
1 0.6828125 0.38333333281250004 0.703125 0.39375 0.7125 0.39375 0.71875 0.38333333281250004 0.7171875 0.375 0.7125 0.36875 0.6765625 0.3458333328125 0.6671875 0.3479166671875 0.6640625 0.35208333281250004 0.6625 0.35625 0.6625 0.3645833328125 0.6640625 0.36875 0.6828125 0.38333333281250004
1 0.6484375 0.45625 0.68125 0.425 0.6859375 0.4166666671875 0.6859375 0.40833333281249995 0.68125 0.4 0.6765625 0.39791666718749996 0.6703125 0.4 0.6359375 0.4375 0.634375 0.44166666718750003 0.634375 0.45 0.6390625 0.45625 0.6484375 0.45625
1 0.5 0.60625 0.5015625 0.6 0.5078125 0.5583333328125 0.5078125 0.54375 0.50625 0.5395833328124999 0.5015625 0.5354166671875 0.49375 0.5354166671875 0.4890625 0.5395833328124999 0.484375 0.5645833328125 0.48125 0.60625 0.4875 0.6125 0.49375 0.6125 0.5 0.60625
1 0.5984375 0.5645833328125 0.6015625 0.5666666671875 0.609375 0.5666666671875 0.6140625 0.5604166671875 0.615625 0.5541666671875001 0.6140625 0.5458333328125 0.5984375 0.5041666671875 0.5953125 0.49791666718750005 0.590625 0.49375 0.5875 0.49375 0.58125 0.49791666718750005 0.5796875 0.5020833328125 0.5796875 0.5145833328125 0.5921875 0.5520833328125 0.5984375 0.5645833328125
1 0.6453125 0.625 0.653125 0.6229166671875 0.65625 0.61875 0.65625 0.60625 0.640625 0.5625 0.634375 0.5520833328125 0.6265625 0.5520833328125 0.621875 0.55625 0.6203125 0.5604166671875 0.621875 0.5770833328125 0.6390625 0.61875 0.6453125 0.625
0 0.365625 0.56875 0.3734375 0.56875 0.3796875 0.5583333328125 0.3796875 0.54375 0.3734375 0.5354166671875 0.36875 0.5333333328125 0.3640625 0.5333333328125 0.3578125 0.5416666671875 0.35625 0.5458333328125 0.35625 0.5583333328125 0.3578125 0.5625 0.365625 0.56875
0 0.38125 0.5083333328124999 0.3890625 0.5125 0.396875 0.5083333328124999 0.4 0.5041666671875 0.4015625 0.4916666671875 0.3984375 0.48125 0.3890625 0.4770833328125 0.3796875 0.48333333281249996 0.3765625 0.4916666671875 0.3765625 0.49791666718750005 0.378125 0.5041666671875 0.38125 0.5083333328124999
0 0.3890625 0.4270833328125 0.3953125 0.42291666718750004 0.3984375 0.41875 0.3984375 0.40416666718750005 0.3921875 0.3958333328125 0.3890625 0.39375 0.38125 0.39375 0.375 0.4 0.3734375 0.40208333281249997 0.3734375 0.4145833328125 0.3796875 0.425 0.3890625 0.4270833328125
0 0.5171875 0.375 0.521875 0.3729166671875 0.5265625 0.36666666718749996 0.528125 0.3625 0.528125 0.35208333281250004 0.521875 0.3416666671875 0.5125 0.3395833328125 0.5046875 0.3479166671875 0.503125 0.35625 0.5046875 0.3645833328125 0.5109375 0.3729166671875 0.5171875 0.375
0 0.540625 0.3770833328125 0.5484375 0.3729166671875 0.5515625 0.3645833328125 0.553125 0.3541666671875 0.55 0.3479166671875 0.5453125 0.34375 0.5359375 0.34375 0.5296875 0.35208333281250004 0.5296875 0.36666666718749996 0.534375 0.375 0.540625 0.3770833328125
0 0.5296875 0.4166666671875 0.5359375 0.4145833328125 0.5421875 0.40833333281249995 0.5421875 0.3916666671875 0.540625 0.3875 0.5359375 0.38333333281250004 0.5265625 0.38333333281250004 0.5203125 0.3916666671875 0.5203125 0.40833333281249995 0.525 0.4145833328125 0.5296875 0.4166666671875
0 0.5765625 0.5958333328125 0.5796875 0.5979166671875 0.584375 0.5979166671875 0.590625 0.59375 0.59375 0.5895833328125 0.59375 0.5770833328125 0.5875 0.5666666671875 0.584375 0.5645833328125 0.5765625 0.5645833328125 0.5734375 0.5666666671875 0.5703125 0.5729166671875 0.56875 0.5791666671875 0.5703125 0.5875 0.571875 0.5916666671875 0.5765625 0.5958333328125
0 0.6953125 0.4875 0.7 0.48541666718750004 0.703125 0.48125 0.7046875 0.4770833328125 0.7046875 0.4625 0.703125 0.4583333328125 0.696875 0.45416666718750004 0.6875 0.45416666718750004 0.68125 0.4604166671875 0.6796875 0.46458333281249997 0.6796875 0.4770833328125 0.6859375 0.48541666718750004 0.6953125 0.4875