0 0.32147569444444446 0.8718113425925924 0.03819444444444446 0.032361111111111285
0 0.34272569444444445 0.8302256944444444 0.03979166666666671 0.03396990740740726
0 0.42307291666666663 0.9084375000000001 0.038124999999999964 0.029236111111111285
0 0.5554861111111111 0.9303414351851853 0.03819444444444446 0.032361111111111285
0 0.3981944444444444 0.867048611111111 0.03659722222222221 0.03075231481481495
2 0.3779166666666667 0.6538078703703704 0.03975694444444446 0.03240740740740744
2 0.3781423611111111 0.6788310185185186 0.03815972222222221 0.030798611111111106
2 0.4455034722222222 0.6378298611111111 0.03659722222222221 0.030752314814814774
2 0.44078125 0.6744328703703704 0.03815972222222221 0.030798611111111106
2 0.4653645833333334 0.658744212962963 0.038125000000000145 0.02923611111111111
1 0.38116319444444446 0.402175925925926 0.052604166666666605 0.04840277777777775
1 0.4519618055555556 0.4527430555555556 0.04482638888888886 0.04973379629629626
1 0.5993055555555555 0.5415393518518519 0.041423611111111217 0.03714120370370359
1 0.49052083333333335 0.4061979166666667 0.060104166666666715 0.03457175925925924
1 0.5644965277777778 0.41933449074074075 0.06017361111111121 0.037696759259259235