1 0.37181134259259263 0.43046875 0.050381944444444396 0.0515625
1 0.44980324074074074 0.4484375 0.05505787037037031 0.05
1 0.4783449074074074 0.3921875 0.06277777777777782 0.0375
1 0.4882986111111111 0.41953125 0.058113425925925985 0.040625
1 0.6277372685185185 0.47421875 0.04090277777777764 0.0375
2 0.6266435185185185 0.51640625 0.039282407407407405 0.0296875
2 0.47890046296296296 0.63359375 0.03773148148148149 0.03125
2 0.4646180555555556 0.66328125 0.039293981481481485 0.03125
2 0.4722511574074074 0.6875 0.0361574074074074 0.0296875
2 0.5339583333333333 0.6890625 0.03930555555555557 0.0328125
0 0.387349537037037 0.8640625 0.042453703703703737 0.0359375
0 0.4531944444444445 0.834375 0.03931712962962948 0.034375
0 0.48872685185185183 0.8890625 0.03931712962962965 0.034375
0 0.6632928240740741 0.73671875 0.039282407407407405 0.0296875
0 0.7304050925925927 0.85234375 0.03930555555555557 0.0328125