0 0.33446759259259257 0.09296875 0.042442129629629656 0.034375
0 0.38175347222222217 0.14296875 0.039293981481481485 0.03125
0 0.5876620370370371 0.1890625 0.03459490740740741 0.0296875
0 0.6061458333333334 0.225 0.03459490740740741 0.0296875
2 0.27759837962962963 0.28203125 0.03616898148148149 0.03125
2 0.3087905092592592 0.28984375 0.03616898148148149 0.03125
2 0.35097800925925926 0.28984375 0.03616898148148149 0.03125
2 0.3168460648148148 0.3625 0.03458333333333332 0.028125
2 0.34865162037037034 0.39296875 0.03773148148148149 0.03125
2 0.3904282407407408 0.34296875 0.040868055555555574 0.0328125
2 0.4030844907407407 0.321875 0.0377199074074074 0.0296875
2 0.4889525462962963 0.33125 0.03459490740740741 0.0296875
2 0.5256828703703704 0.3296875 0.03773148148148149 0.03125
2 0.5386111111111112 0.37734375 0.0377199074074074 0.0296875
1 0.24050925925925926 0.4375 0.055046296296296315 0.0484375
1 0.22291666666666665 0.4921875 0.04879629629629632 0.0484375
1 0.2753703703703704 0.47734375 0.06276620370370374 0.0359375
1 0.22883101851851856 0.5375 0.058113425925925985 0.040625
1 0.28263310185185186 0.5515625 0.06123842592592599 0.040625
1 0.2789756944444445 0.51796875 0.05502314814814815 0.0453125
1 0.3461226851851852 0.5234375 0.04255787037037031 0.05
1 0.45135416666666667 0.55546875 0.07061342592592598 0.040625
1 0.5057060185185185 0.60078125 0.06435185185185191 0.0390625
1 0.5184374999999999 0.56953125 0.06748842592592581 0.040625