1 0.5815393518518519 0.766261574074074 0.05081018518518512 0.05542824074074062
1 0.5572916666666666 0.7112268518518519 0.05552083333333328 0.05706018518518512
1 0.4694386574074074 0.7388252314814815 0.04311342592592595 0.06312499999999996
1 0.4999479166666667 0.6892881944444443 0.053750000000000145 0.04297453703703695
1 0.5281944444444444 0.6451851851851852 0.04775462962962962 0.06006944444444447
1 0.45537037037037037 0.6855034722222222 0.04616898148148145 0.0584837962962963
1 0.4727372685185186 0.6451446759259258 0.043182870370370455 0.06781250000000014
1 0.43568287037037035 0.6219444444444445 0.043020833333333286 0.05687500000000014
1 0.4754340277777779 0.5108391203703704 0.05391203703703695 0.05391203703703695
1 0.41168402777777774 0.5309837962962962 0.04313657407407412 0.06468750000000015
2 0.7088541666666666 0.7134722222222222 0.030219907407407477 0.03637731481481481
2 0.7144907407407407 0.6721585648148147 0.031759259259259306 0.03483796296296297
2 0.6777025462962962 0.6669270833333333 0.031782407407407474 0.036400462962962975
2 0.7258043981481481 0.644988425925926 0.03339120370370381 0.039548611111111145
2 0.6929918981481482 0.6445023148148148 0.031782407407407474 0.036400462962962975
2 0.6303819444444445 0.6888773148148148 0.031782407407407474 0.036400462962962975
2 0.6488657407407408 0.6711863425925926 0.031782407407407474 0.036400462962962975
2 0.7099537037037036 0.5767997685185186 0.030219907407407477 0.03637731481481481
2 0.7308101851851851 0.6138194444444445 0.030219907407407477 0.03637731481481481
2 0.6541030092592592 0.5501967592592593 0.030219907407407477 0.03637731481481481
0 0.8627546296296297 0.6626388888888889 0.03341435185185197 0.04111111111111114
0 0.8866724537037036 0.6426851851851852 0.034930555555555645 0.03800925925925931
0 0.9309722222222222 0.6277199074074075 0.031782407407407474 0.036400462962962975
0 0.9033622685185186 0.6093460648148149 0.034930555555555284 0.03800925925925931
0 0.8588541666666668 0.5048032407407408 0.034953703703703806 0.039571759259259306