1 0.45234375 0.23359375 0.04296875 0.04140625
1 0.5078125 0.23828125 0.03828125 0.04921875
1 0.45703125 0.29765625 0.03984375 0.034375
1 0.40078125 0.33046875 0.025 0.0578125
1 0.4234375 0.35078125 0.028125 0.05390625
1 0.4 0.39296875 0.02421875 0.05546875
1 0.4203125 0.41640625 0.03046875 0.05546875
1 0.42265625 0.46328125 0.03984375 0.03671875
1 0.49296875 0.46640625 0.02890625 0.0515625
1 0.40546875 0.50859375 0.02890625 0.05390625
2 0.66640625 0.2484375 0.02421875 0.03125
2 0.6640625 0.29375 0.02578125 0.03359375
2 0.66953125 0.33828125 0.02578125 0.0328125
2 0.59609375 0.29375 0.02421875 0.0328125
2 0.5703125 0.33046875 0.02578125 0.03359375
2 0.62734375 0.4125 0.02421875 0.0328125
2 0.5984375 0.49609375 0.021875 0.034375
2 0.62109375 0.51328125 0.02265625 0.03203125
2 0.66015625 0.55078125 0.0234375 0.0328125
2 0.65859375 0.58671875 0.02421875 0.03359375
0 0.82265625 0.2484375 0.02890625 0.0328125
0 0.8578125 0.26015625 0.0265625 0.03515625
0 0.83203125 0.4234375 0.025 0.03359375
0 0.78203125 0.54921875 0.02734375 0.03671875