0 0.840625 0.3078125 0.0265625 0.034375
0 0.903125 0.34375 0.025 0.0375
0 0.7703125 0.515625 0.0203125 0.03359375
0 0.78359375 0.54921875 0.0234375 0.03515625
0 0.82734375 0.53984375 0.02421875 0.03125
2 0.66875 0.24921875 0.02578125 0.03515625
2 0.675 0.28828125 0.0234375 0.0328125
2 0.68125 0.3296875 0.025 0.0296875
2 0.6234375 0.334375 0.0234375 0.0328125
2 0.62890625 0.365625 0.02421875 0.03125
2 0.590625 0.4015625 0.0265625 0.034375
2 0.63125 0.46875 0.02109375 0.03125
2 0.6703125 0.5 0.02421875 0.034375
2 0.671875 0.5359375 0.02265625 0.03359375
2 0.63359375 0.5796875 0.02265625 0.03203125
1 0.4453125 0.23125 0.0421875 0.046875
1 0.503125 0.23125 0.040625 0.03515625
1 0.4484375 0.325 0.02890625 0.05546875
1 0.4953125 0.3359375 0.0296875 0.0578125
1 0.40234375 0.36484375 0.0265625 0.05703125
1 0.4640625 0.44453125 0.03671875 0.0484375
1 0.3984375 0.48828125 0.02265625 0.05859375
1 0.39609375 0.546875 0.02578125 0.059375
1 0.4390625 0.553125 0.03671875 0.05234375
1 0.49765625 0.56796875 0.0359375 0.04921875