0 0.45109953703703703 0.1545659722222222 0.0439699074074074 0.030983796296296263
0 0.4696527777777778 0.18057291666666667 0.03770833333333332 0.02923611111111111
0 0.5440219907407408 0.15806134259259258 0.039293981481481485 0.0324074074074074
0 0.6247106481481481 0.23143518518518516 0.036099537037037166 0.022939814814814774
0 0.6810763888888889 0.10869791666666666 0.04085648148148149 0.032453703703703686
2 0.35387152777777775 0.3105381944444444 0.03770833333333332 0.02923611111111111
2 0.38166666666666665 0.3542361111111111 0.03458333333333332 0.02914351851851853
2 0.44449652777777776 0.3078530092592593 0.03300925925925924 0.027534722222222287
2 0.5039293981481482 0.29828124999999994 0.03614583333333332 0.029189814814814773
2 0.5967939814814816 0.41503472222222226 0.03457175925925924 0.02758101851851862
1 0.37222800925925925 0.5739988425925926 0.04880787037037031 0.051435185185185264
1 0.4178645833333333 0.52890625 0.04251157407407398 0.04499999999999993
1 0.49008101851851854 0.5861284722222223 0.06275462962962966 0.036226851851851906
1 0.6006886574074074 0.5219270833333333 0.06273148148148149 0.0331018518518519
1 0.6180787037037037 0.49407407407407417 0.034652777777777824 0.03851851851851862