1 0.44765625 0.22890625 0.03828125 0.04296875
1 0.4875 0.23203125 0.0390625 0.04609375
1 0.4234375 0.26640625 0.0328125 0.05625
1 0.459375 0.2953125 0.03203125 0.06015625
1 0.40390625 0.32578125 0.02734375 0.06328125
1 0.4734375 0.37890625 0.03515625 0.05234375
1 0.40390625 0.43046875 0.02890625 0.0578125
1 0.43046875 0.490625 0.03046875 0.06015625
1 0.4046875 0.50859375 0.025 0.05546875
1 0.4984375 0.56640625 0.040625 0.0390625
2 0.665625 0.25 0.02890625 0.03359375
2 0.6734375 0.309375 0.0234375 0.034375
2 0.68203125 0.3421875 0.0234375 0.03125
2 0.59921875 0.3734375 0.025 0.02890625
2 0.59375 0.40390625 0.025 0.0296875
2 0.6296875 0.41171875 0.025 0.03125
2 0.6703125 0.45234375 0.02421875 0.03203125
2 0.60390625 0.4734375 0.025 0.03359375
2 0.628125 0.51171875 0.025 0.03203125
2 0.66484375 0.528125 0.02265625 0.02890625
0 0.828125 0.315625 0.02890625 0.03515625
0 0.8546875 0.35859375 0.0296875 0.03203125
0 0.8234375 0.51875 0.0265625 0.034375
0 0.78359375 0.54921875 0.02578125 0.0359375