0 0.8323206018518519 0.48292824074074076 0.033460648148147955 0.04472222222222229
0 0.8044270833333332 0.4681365740740741 0.03339120370370381 0.040034722222222284
0 0.8180497685185184 0.39198495370370373 0.03653935185185162 0.04168981481481478
0 0.7331770833333333 0.32265625 0.02711805555555564 0.03828703703703704
0 0.8474884259259259 0.2497685185185185 0.036562500000000143 0.04325231481481477
2 0.6923726851851851 0.5995254629629629 0.03339120370370381 0.040034722222222284
2 0.6450405092592593 0.5790625 0.031782407407407474 0.03686342592592595
2 0.6819733796296296 0.5108101851851852 0.030219907407407477 0.036817129629629616
2 0.6844270833333332 0.45060763888888894 0.03024305555555564 0.03837962962962962
2 0.5543229166666667 0.3771527777777778 0.03024305555555564 0.03837962962962962
1 0.428125 0.619849537037037 0.055474537037036954 0.054745370370370416
1 0.46714699074074073 0.5687152777777778 0.049108796296296296 0.04674768518518526
1 0.40013888888888893 0.5058854166666666 0.04157407407407412 0.06526620370370359
1 0.447957175925926 0.38811342592592596 0.03847222222222228 0.06673611111111111
1 0.4740393518518518 0.36703703703703705 0.041180555555555644 0.038703703703703685