1 0.44765625 0.23203125 0.03984375 0.034375
1 0.48671875 0.2328125 0.040625 0.04921875
1 0.44375 0.33671875 0.03046875 0.053125
1 0.40234375 0.3484375 0.02734375 0.053125
1 0.4734375 0.378125 0.03828125 0.046875
1 0.40390625 0.42734375 0.03671875 0.05078125
1 0.41484375 0.37890625 0.03359375 0.0515625
1 0.46171875 0.4234375 0.0390625 0.04609375
1 0.4453125 0.45 0.03828125 0.04375
1 0.49765625 0.5671875 0.040625 0.0328125
2 0.6671875 0.24921875 0.02421875 0.03359375
2 0.67421875 0.30703125 0.025 0.03203125
2 0.684375 0.340625 0.02578125 0.03125
2 0.6171875 0.35390625 0.0234375 0.03046875
2 0.640625 0.3640625 0.02109375 0.02890625
2 0.60546875 0.384375 0.02421875 0.03203125
2 0.67109375 0.45390625 0.02421875 0.0328125
2 0.68203125 0.484375 0.021875 0.02890625
2 0.63203125 0.4640625 0.02265625 0.02890625
2 0.6234375 0.49765625 0.0203125 0.03125
0 0.825 0.33984375 0.0234375 0.034375
0 0.8671875 0.42421875 0.02734375 0.02890625
0 0.82734375 0.540625 0.02734375 0.0328125
0 0.77421875 0.5140625 0.02109375 0.034375
0 0.7828125 0.55 0.02578125 0.028125