0 0.0637210648148148 0.3443576388888889 0.0381712962962963 0.04642361111111111
0 0.11754050925925927 0.3896585648148148 0.03499999999999996 0.04320601851851853
0 0.17695023148148148 0.6012731481481481 0.03339120370370372 0.040034722222222284
0 0.21550925925925926 0.6188888888888888 0.03339120370370372 0.040034722222222284
2 0.2580613425925926 0.27294560185185185 0.03495370370370363 0.04008101851851853
2 0.2671296296296296 0.3047222222222222 0.03495370370370372 0.04008101851851844
2 0.27013310185185185 0.3491840277777778 0.034930555555555555 0.03851851851851853
2 0.3430150462962963 0.30950810185185185 0.030219907407407386 0.036817129629629616
2 0.3770717592592593 0.3397627314814815 0.03495370370370372 0.04008101851851844
2 0.32696180555555554 0.3865798611111111 0.03656249999999996 0.04325231481481477
2 0.3052951388888889 0.4012905092592593 0.03339120370370372 0.040034722222222284
2 0.3199074074074074 0.49074074074074076 0.03180555555555555 0.038425925925925954
2 0.32047453703703704 0.5290219907407407 0.03495370370370372 0.04008101851851844
2 0.37064814814814817 0.5392592592592592 0.03339120370370372 0.040034722222222284
1 0.4175810185185186 0.22523148148148148 0.052418981481481455 0.05934027777777775
1 0.47353009259259266 0.20325231481481482 0.05391203703703695 0.05469907407407408
1 0.460300925925926 0.25991898148148146 0.04005787037037045 0.06834490740740744
1 0.5204745370370369 0.2065509259259259 0.04467592592592595 0.06379629629629627
1 0.5385069444444445 0.26307291666666666 0.04469907407407412 0.06535879629629626
1 0.5033043981481482 0.26098958333333333 0.052418981481481455 0.05934027777777775
1 0.5129282407407407 0.33026620370370374 0.05225694444444447 0.04840277777777775
1 0.5520601851851852 0.4393113425925925 0.04327546296296312 0.07468749999999993
1 0.6020775462962963 0.4917592592592593 0.043182870370370455 0.06843749999999993
1 0.5702546296296296 0.5067708333333333 0.046354166666666786 0.07165509259259259