0 0.16019675925925925 0.2396527777777778 0.033923611111111106 0.03822916666666672
0 0.22089120370370371 0.30197916666666663 0.03401620370370377 0.04135416666666671
0 0.1268402777777778 0.5211284722222222 0.030891203703703685 0.041284722222222216
0 0.20141782407407405 0.5634375 0.024502314814814775 0.03645833333333322
0 0.06947337962962963 0.5839583333333334 0.029189814814814818 0.03656249999999996
2 0.3883622685185185 0.5863541666666666 0.030798611111111106 0.03815972222222221
2 0.29661458333333335 0.4639236111111111 0.030798611111111106 0.03815972222222221
2 0.3161863425925926 0.38383680555555555 0.030798611111111106 0.03815972222222221
2 0.4101388888888889 0.40546875 0.030752314814814774 0.03659722222222221
2 0.3532928240740741 0.29241319444444447 0.030752314814814774 0.03659722222222221
1 0.5595775462962963 0.34859375000000004 0.04399305555555557 0.061875000000000034
1 0.5977314814814815 0.4065104166666667 0.05138888888888893 0.047986111111111104
1 0.580150462962963 0.5249479166666667 0.0409143518518519 0.06336805555555572
1 0.5246180555555556 0.6050173611111112 0.04100694444444457 0.06649305555555554
1 0.4805787037037037 0.5610416666666667 0.037835648148148236 0.06486111111111104