1 0.5898090277777778 0.4015798611111111 0.04628472222222228 0.044756944444444356
1 0.5515277777777777 0.47107638888888886 0.04326388888888886 0.04937500000000004
1 0.5974479166666666 0.5150868055555555 0.027881944444444428 0.059965277777777715
1 0.5677083333333334 0.5167708333333334 0.03246527777777786 0.05538194444444446
1 0.47515625000000006 0.6366493055555555 0.033611111111111217 0.036666666666666715
2 0.43559027777777787 0.623263888888889 0.024201388888888786 0.034895833333333216
2 0.36442708333333335 0.4489409722222222 0.027326388888888963 0.03496527777777771
2 0.3383333333333333 0.42725694444444445 0.025798611111111126 0.03649305555555564
2 0.3132986111111111 0.42826388888888883 0.027291666666666714 0.03340277777777771
2 0.2948090277777778 0.48647569444444444 0.027361111111111124 0.036527777777777715
0 0.16690972222222222 0.29760416666666667 0.030555555555555537 0.039722222222222214
0 0.1778125 0.36975694444444446 0.028923611111111126 0.03656249999999996
0 0.1140798611111111 0.38866319444444447 0.03052083333333333 0.03815972222222221
0 0.21260416666666665 0.5979861111111111 0.024236111111111125 0.03645833333333339
0 0.08131944444444444 0.6318055555555555 0.027361111111111103 0.036527777777777715