0 0.8703125 0.4046875 0.02578125 0.034375
0 0.82734375 0.41875 0.0265625 0.034375
0 0.88828125 0.50625 0.02265625 0.0328125
0 0.8875 0.63671875 0.02578125 0.03359375
0 0.85234375 0.4765625 0.0234375 0.03125
2 0.65234375 0.425 0.02578125 0.034375
2 0.6765625 0.42890625 0.0234375 0.03203125
2 0.6265625 0.4859375 0.02421875 0.03203125
2 0.66171875 0.4875 0.02421875 0.0328125
2 0.64296875 0.5078125 0.02265625 0.0328125
1 0.41171875 0.38828125 0.040625 0.04609375
1 0.4484375 0.4640625 0.0421875 0.03671875
1 0.509375 0.61796875 0.0296875 0.034375
1 0.396875 0.49375 0.02421875 0.05546875
1 0.3984375 0.565625 0.028125 0.0546875