1 0.41015625 0.38671875 0.04375 0.040625
1 0.44375 0.45625 0.0390625 0.04609375
1 0.396875 0.4953125 0.02421875 0.05625
1 0.425 0.49921875 0.02890625 0.05078125
1 0.5078125 0.61953125 0.03125 0.03359375
2 0.546875 0.609375 0.02109375 0.0328125
2 0.62578125 0.44453125 0.0234375 0.03203125
2 0.6515625 0.425 0.02265625 0.0328125
2 0.67578125 0.42734375 0.0234375 0.0296875
2 0.690625 0.48515625 0.025 0.03359375
0 0.825 0.31015625 0.0265625 0.0359375
0 0.81015625 0.378125 0.02578125 0.03359375
0 0.8703125 0.4 0.02734375 0.034375
0 0.76484375 0.596875 0.021875 0.034375
0 0.8890625 0.63671875 0.02421875 0.0328125