0 0.82578125 0.4171875 0.025 0.0390625
0 0.8015625 0.43828125 0.02421875 0.034375
0 0.8296875 0.50859375 0.02734375 0.03515625
0 0.7640625 0.59609375 0.01796875 0.034375
0 0.88828125 0.6375 0.02734375 0.0375
2 0.6671875 0.3390625 0.02421875 0.034375
2 0.6265625 0.37109375 0.02421875 0.03203125
2 0.67578125 0.42734375 0.02265625 0.03203125
2 0.690625 0.48515625 0.0234375 0.03203125
2 0.58203125 0.5890625 0.0234375 0.03203125
1 0.41015625 0.3859375 0.0453125 0.0421875
1 0.4578125 0.42578125 0.03984375 0.03671875
1 0.40703125 0.503125 0.028125 0.05859375
1 0.478125 0.6046875 0.02421875 0.06015625
1 0.50625 0.61875 0.0328125 0.0296875