1 0.4693171296296296 0.7791666666666667 0.04812499999999993 0.042881944444444466
1 0.4313599537037037 0.7676620370370371 0.053275462962962906 0.05857638888888879
1 0.4997395833333333 0.6756655092592593 0.04394675925925924 0.05999999999999996
1 0.5435358796296297 0.6747511574074074 0.04082175925925924 0.05995370370370381
1 0.48159722222222223 0.6285011574074074 0.04849537037037042 0.05538194444444446
1 0.5622800925925926 0.596087962962963 0.05019675925925924 0.06009259259259263
1 0.5390625 0.6410763888888888 0.04707175925925924 0.0600462962962963
1 0.5047453703703704 0.5858564814814814 0.05162037037037024 0.05542824074074062
1 0.5280729166666667 0.5635358796296297 0.04996527777777793 0.052280092592592455
1 0.5060648148148148 0.43581018518518516 0.048078703703703596 0.041319444444444464
2 0.2580497685185185 0.7080381944444445 0.03396990740740744 0.039548611111111145
2 0.26603587962962966 0.649537037037037 0.032361111111111104 0.037962962962962976
2 0.26397569444444446 0.6135532407407407 0.032314814814814775 0.036400462962962975
2 0.33421874999999995 0.6169386574074074 0.030752314814814774 0.03637731481481481
2 0.3135648148148148 0.6017824074074074 0.02914351851851853 0.034791666666666644
2 0.35377893518518516 0.5898726851851852 0.032361111111111104 0.037962962962962976
2 0.30703703703703705 0.5055497685185185 0.032361111111111104 0.037962962962962976
2 0.3033449074074074 0.4718865740740741 0.02914351851851853 0.034791666666666644
2 0.34770833333333334 0.5045891203703704 0.03070601851851853 0.03481481481481481
2 0.36504050925925924 0.47358217592592594 0.027581018518518442 0.034768518518518476
0 0.12659722222222222 0.5810358796296297 0.0324074074074074 0.03952546296296298
0 0.10596064814814814 0.4861574074074074 0.03543981481481482 0.03644675925925931
0 0.17549189814814814 0.3816724537037037 0.03553240740740744 0.039571759259259306
0 0.22123263888888892 0.42064814814814816 0.03084490740740744 0.03950231481481481
0 0.22156250000000002 0.3831365740740741 0.032222222222222284 0.03327546296296298