0 0.8620138888888889 0.6000694444444445 0.035243055555555715 0.039826388888888786
0 0.917795138888889 0.5496354166666666 0.033749999999999857 0.042916666666666714
0 0.7522048611111112 0.4111979166666667 0.027395833333333286 0.038090277777777716
0 0.7592534722222222 0.3751215277777778 0.030555555555555537 0.039722222222222214
0 0.8053645833333334 0.37331597222222224 0.03204861111111086 0.03663194444444447
2 0.7013020833333333 0.6989062500000001 0.03215277777777779 0.041319444444444464
2 0.7006597222222222 0.6575347222222222 0.030520833333333285 0.03815972222222221
2 0.698454861111111 0.6161979166666667 0.032013888888888786 0.035069444444444466
2 0.6404861111111111 0.6245138888888888 0.030555555555555537 0.039722222222222214
2 0.6396354166666667 0.5925173611111111 0.032048611111111215 0.03663194444444447
2 0.5949305555555556 0.5661805555555556 0.03368055555555571 0.03979166666666671
2 0.6231944444444444 0.48902777777777773 0.028888888888888787 0.03500000000000014
2 0.656076388888889 0.45003472222222224 0.03211805555555571 0.03975694444444446
2 0.6498611111111111 0.4134722222222222 0.030555555555555537 0.039722222222222214
2 0.6045486111111111 0.3793402777777778 0.028888888888888787 0.03499999999999996
1 0.48189236111111117 0.76859375 0.054340277777777855 0.05586805555555543
1 0.5399826388888889 0.7548090277777778 0.047812500000000036 0.04322916666666661
1 0.4675694444444445 0.6752083333333333 0.04041666666666668 0.06180555555555554
1 0.5125694444444445 0.653125 0.043611111111111 0.06500000000000003
1 0.41355902777777775 0.6459548611111111 0.040451388888888926 0.06336805555555554
1 0.460138888888889 0.5527777777777778 0.04812499999999993 0.05729166666666661
1 0.3865625 0.5255208333333334 0.03576388888888893 0.06326388888888879
1 0.37302083333333336 0.46725694444444443 0.04052083333333325 0.06649305555555554
1 0.41475694444444444 0.4514930555555555 0.04975694444444443 0.06045138888888886
1 0.4708333333333334 0.4229166666666666 0.04656249999999993 0.05725694444444436