1 0.7920891203703704 0.5149305555555556 0.05152777777777793 0.05267361111111111
1 0.7762905092592594 0.45602430555555556 0.05920138888888893 0.04815972222222218
1 0.7242592592592592 0.5181076388888888 0.04513888888888893 0.047847222222222284
1 0.6995717592592593 0.5807986111111111 0.06664351851851862 0.035833333333333425
1 0.6747280092592592 0.5591666666666667 0.06204861111111111 0.038854166666666676
1 0.6342708333333333 0.5902777777777778 0.06347222222222229 0.03420138888888893
1 0.6056134259259259 0.5716840277777777 0.06365740740740726 0.040451388888888926
1 0.5565335648148148 0.5752777777777778 0.04670138888888893 0.04788194444444436
1 0.5402488425925925 0.4999652777777778 0.05896990740740726 0.040347222222222354
1 0.5119386574074074 0.5984895833333332 0.06053240740740744 0.04038194444444443
2 0.7385706018518519 0.28967013888888893 0.03837962962962962 0.030520833333333285
2 0.6911921296296296 0.2979861111111111 0.040034722222222284 0.03368055555555553
2 0.6427777777777777 0.29769097222222224 0.03847222222222228 0.033645833333333285
2 0.7026967592592592 0.37006944444444445 0.03837962962962962 0.030520833333333285
2 0.6692939814814814 0.4021180555555556 0.040034722222222284 0.03368055555555553
2 0.5725462962962963 0.3515625 0.03837962962962962 0.030520833333333375
2 0.4902025462962962 0.39189236111111114 0.041412037037036956 0.027465277777777786
2 0.46772569444444445 0.37109375 0.03837962962962962 0.030520833333333375
2 0.4213483796296297 0.33414930555555555 0.03837962962962962 0.030520833333333285
2 0.3832523148148148 0.3395486111111111 0.03994212962962962 0.030555555555555537
0 0.7102488425925926 0.12430555555555553 0.040127314814814775 0.036805555555555536
0 0.6912152777777777 0.08796875 0.041597222222222285 0.03371527777777779
0 0.5240162037037037 0.1365625 0.039988425925925955 0.03211805555555554
0 0.4019039351851852 0.20489583333333333 0.04315972222222229 0.03375000000000004