1 0.7885243055555555 0.5497858796296297 0.047812499999999855 0.042881944444444466
1 0.7821701388888889 0.5098611111111111 0.05097222222222229 0.04449074074074062
1 0.7539930555555555 0.5773900462962963 0.05861111111111121 0.036793981481481455
1 0.7203993055555555 0.5417476851851852 0.06329861111111121 0.03686342592592595
1 0.6951562499999999 0.6007291666666668 0.06635416666666671 0.033784722222222285
1 0.6342881944444445 0.5326620370370371 0.05711805555555553 0.03989583333333328
1 0.5890625 0.6061863425925926 0.061701388888888965 0.03527777777777778
1 0.5252604166666666 0.5818113425925926 0.06329861111111121 0.03686342592592595
1 0.5094791666666667 0.6096932870370371 0.05843749999999996 0.028981481481481452
1 0.44260416666666663 0.5173263888888889 0.04472222222222229 0.04439814814814813
2 0.7477083333333333 0.32972222222222225 0.03663194444444429 0.031782407407407474
2 0.6859201388888889 0.32568287037037036 0.03649305555555564 0.025532407407407386
2 0.6513888888888889 0.3181423611111111 0.033368055555555644 0.025486111111111143
2 0.6283333333333333 0.4052719907407408 0.03184027777777772 0.027025462962962977
2 0.5980208333333333 0.41185185185185186 0.03340277777777771 0.02704861111111114
2 0.5870833333333334 0.37654513888888885 0.03340277777777771 0.02704861111111114
2 0.5416666666666666 0.3360416666666667 0.03496527777777771 0.02707175925925931
2 0.5268055555555555 0.4053298611111111 0.036527777777777715 0.027094907407407477
2 0.48569444444444443 0.3828530092592593 0.03496527777777771 0.02707175925925931
2 0.46614583333333337 0.34663773148148147 0.03180555555555564 0.025462962962962975
0 0.6652430555555556 0.16839699074074074 0.03822916666666672 0.033368055555555554
0 0.6194097222222222 0.14428819444444446 0.035069444444444466 0.031759259259259265
0 0.4602256944444445 0.18566550925925926 0.036562500000000143 0.02865740740740739
0 0.4330555555555556 0.22821759259259258 0.039722222222222214 0.030266203703703632