1 0.5809374999999999 0.590625 0.05148148148148159 0.05
1 0.5213483796296297 0.51875 0.048078703703703596 0.040625
1 0.4519328703703704 0.409375 0.045509259259259235 0.059375
1 0.4461747685185185 0.36640625 0.045046296296296265 0.04375
1 0.48675347222222226 0.36796875 0.04996527777777775 0.0515625
2 0.27515625000000005 0.65390625 0.03387731481481478 0.0359375
2 0.26266203703703705 0.521875 0.032361111111111104 0.0375
2 0.2683391203703704 0.409375 0.03553240740740744 0.0390625
2 0.2403298611111111 0.40546875 0.02923611111111111 0.0375
2 0.2878298611111111 0.384375 0.032453703703703686 0.040625
0 0.0883449074074074 0.7625 0.035625 0.0421875
0 0.0781712962962963 0.63125 0.035671296296296305 0.04375
0 0.06957175925925926 0.55234375 0.035625 0.0421875
0 0.0500462962962963 0.4203125 0.032361111111111104 0.0375