0 0.8880150462962962 0.5434548611111112 0.029965277777778 0.03815972222222221
0 0.8427777777777777 0.5343055555555556 0.031527777777778 0.03819444444444446
0 0.8958275462962962 0.4378298611111111 0.026817129629629476 0.03496527777777771
0 0.8827430555555555 0.3061111111111111 0.029965277777778 0.03815972222222221
0 0.8619849537037038 0.47217013888888887 0.026817129629629476 0.03496527777777771
2 0.6637789351851853 0.55078125 0.029965277777777643 0.03815972222222221
2 0.6880381944444445 0.5447743055555556 0.028391203703703738 0.03656249999999996
2 0.6321875 0.4921180555555555 0.028391203703703738 0.036562500000000143
2 0.6673784722222222 0.4866493055555555 0.028402777777777645 0.038125000000000145
2 0.6472048611111111 0.4683506944444444 0.026828703703703737 0.036527777777777715
1 0.4226851851851852 0.6194097222222222 0.04569444444444439 0.052569444444444356
1 0.4521932870370371 0.5375173611111111 0.04718750000000007 0.04322916666666661
1 0.4994907407407407 0.37399305555555556 0.034652777777777644 0.038263888888888875
1 0.3976851851851852 0.5145138888888889 0.03167824074074073 0.058506944444444466
1 0.39197916666666666 0.4412152777777777 0.03481481481481481 0.060138888888888783