1 0.41171875 0.38359375 0.04140625 0.0421875
1 0.4578125 0.46171875 0.040625 0.034375
1 0.5078125 0.5765625 0.0328125 0.05234375
1 0.50703125 0.61875 0.0359375 0.0359375
1 0.46953125 0.61015625 0.03984375 0.04296875
2 0.7078125 0.37421875 0.02578125 0.03046875
2 0.7015625 0.50234375 0.0234375 0.03359375
2 0.68125 0.60703125 0.02734375 0.034375
2 0.70625 0.615625 0.02109375 0.034375
2 0.65859375 0.62734375 0.02265625 0.03515625
0 0.89921875 0.30234375 0.02578125 0.03671875
0 0.88984375 0.428125 0.02578125 0.0375
0 0.88828125 0.5046875 0.02578125 0.03671875
0 0.88828125 0.634375 0.025 0.03203125