0 0.8578125 0.29375 0.0265625 0.03359375
0 0.78984375 0.34375 0.02734375 0.0359375
0 0.84296875 0.56796875 0.025 0.0359375
0 0.76484375 0.596875 0.01875 0.03359375
0 0.8875 0.6375 0.0234375 0.03203125
2 0.58203125 0.58984375 0.025 0.034375
2 0.68984375 0.4859375 0.02421875 0.0328125
2 0.684375 0.40703125 0.0234375 0.03359375
2 0.590625 0.4125 0.025 0.03125
2 0.6640625 0.31328125 0.02421875 0.03203125
1 0.45625 0.33515625 0.03359375 0.05546875
1 0.4109375 0.384375 0.04375 0.03828125
1 0.4078125 0.50078125 0.03046875 0.05859375
1 0.4484375 0.5859375 0.0296875 0.0609375
1 0.49765625 0.55078125 0.02734375 0.05859375