0 0.7417013888888888 0.20545138888888886 0.03819444444444446 0.03208333333333328
0 0.7136631944444445 0.1384548611111111 0.041284722222222216 0.030590277777777786
0 0.5269965277777778 0.2420659722222222 0.03805555555555564 0.025833333333333285
0 0.49534722222222227 0.22340277777777776 0.038125000000000145 0.028958333333333287
0 0.5100347222222222 0.1815625 0.03503472222222222 0.030451388888888875
2 0.7800520833333333 0.3851215277777778 0.03815972222222221 0.030520833333333375
2 0.7422916666666667 0.37256944444444445 0.03656249999999996 0.028923611111111035
2 0.70140625 0.3599479166666667 0.03343750000000014 0.028854166666666715
2 0.69015625 0.41592013888888885 0.03656249999999996 0.028923611111111212
2 0.6594791666666666 0.4058680555555556 0.03503472222222222 0.030451388888888785
2 0.6195833333333333 0.4377777777777778 0.03819444444444429 0.03208333333333328
2 0.5575347222222222 0.3864236111111111 0.03496527777777771 0.027326388888888876
2 0.5307986111111112 0.3428819444444445 0.03815972222222221 0.030520833333333285
2 0.4955034722222223 0.3358506944444445 0.038090277777777716 0.027395833333333286
2 0.44776041666666666 0.36602430555555554 0.03496527777777771 0.027326388888888876
1 0.7717361111111111 0.6082638888888889 0.05263888888888886 0.049583333333333354
1 0.77828125 0.55140625 0.04006944444444436 0.04618055555555571
1 0.6792013888888888 0.5905902777777777 0.06017361111111121 0.037256944444444426
1 0.6734375 0.5420486111111111 0.06177083333333329 0.038854166666666676
1 0.6339930555555556 0.6294097222222221 0.060138888888888783 0.03569444444444443
1 0.5620659722222222 0.5551909722222221 0.05409722222222228 0.04493055555555543
1 0.5110416666666666 0.6134027777777777 0.06315972222222221 0.031076388888888928
1 0.45230902777777776 0.6058506944444444 0.06322916666666671 0.03420138888888893
1 0.45135416666666667 0.5628819444444444 0.05878472222222229 0.04503472222222236
1 0.44298611111111114 0.5025694444444444 0.055625000000000036 0.04340277777777786