1 0.4722164351851852 0.7878298611111111 0.04096064814814824 0.04561342592592581
1 0.512800925925926 0.7826620370370371 0.0441087962962964 0.04876157407407398
1 0.4453819444444444 0.7509143518518518 0.036365740740740726 0.058078703703703737
1 0.479525462962963 0.7199189814814815 0.03483796296296297 0.06275462962962948
1 0.4215046296296296 0.6913657407407408 0.031736111111111145 0.06585648148148149
1 0.4890451388888889 0.634056712962963 0.03946759259259256 0.0549768518518519
1 0.41524884259259254 0.5850752314814816 0.03326388888888889 0.06118055555555557
1 0.43899884259259264 0.5219733796296296 0.03483796296296297 0.06275462962962966
1 0.41153356481481485 0.5053645833333333 0.028553240740740726 0.05802083333333332
1 0.5040335648148148 0.44277199074074075 0.04250000000000007 0.04250000000000007
2 0.6922858796296296 0.7566493055555555 0.03151620370370374 0.03616898148148149
2 0.6965219907407407 0.6957465277777778 0.02526620370370374 0.036122685185185154
2 0.703298611111111 0.6614236111111111 0.02524305555555557 0.03299768518518533
2 0.6171643518518518 0.634224537037037 0.026793981481481488 0.03144675925925924
2 0.6099016203703703 0.6029224537037037 0.026805555555555572 0.03300925925925924
2 0.644988425925926 0.5938078703703704 0.026805555555555572 0.03300925925925924
2 0.6845081018518518 0.5503530092592592 0.026817129629629656 0.03457175925925924
2 0.615630787037037 0.5326562499999999 0.026828703703703737 0.03613425925925924
2 0.6379803240740741 0.4914178240740741 0.026817129629629656 0.03457175925925924
2 0.6737905092592593 0.47449652777777784 0.025231481481481487 0.03143518518518533
0 0.852662037037037 0.6820601851851852 0.03152777777777764 0.03773148148148149
0 0.8773263888888888 0.6369328703703704 0.03150462962962948 0.03460648148148149
0 0.8362962962962962 0.4764814814814815 0.028391203703703738 0.03614583333333332
0 0.7938888888888889 0.44648148148148153 0.028414351851851906 0.0392708333333335