1 0.24798032407407405 0.54515625 0.04353009259259259 0.04656249999999993
1 0.2533680555555556 0.4898958333333333 0.05271990740740744 0.040590277777777926
1 0.3119733796296297 0.5447106481481482 0.03718749999999993 0.04325231481481495
1 0.34491319444444446 0.602667824074074 0.06016203703703704 0.028321759259259238
1 0.3653587962962963 0.5814178240740742 0.05556712962962962 0.031307870370370236
1 0.40750578703703705 0.6076446759259259 0.05859953703703695 0.028275462962962905
1 0.43114583333333334 0.5888310185185185 0.05878472222222229 0.034525462962962904
1 0.47799768518518526 0.5894386574074074 0.04031249999999993 0.04334490740740726
1 0.48138310185185185 0.5192881944444444 0.05400462962962962 0.03126157407407408
1 0.5230844907407407 0.6095081018518519 0.05556712962962962 0.031307870370370416
2 0.2643171296296296 0.3325462962962963 0.03359953703703704 0.027534722222222287
2 0.30896412037037035 0.33777199074074077 0.03672453703703704 0.027627314814814775
2 0.3541608796296296 0.33520833333333333 0.03516203703703704 0.02758101851851853
2 0.30863425925925925 0.4056712962962963 0.03516203703703704 0.02758101851851862
2 0.3453587962962963 0.4332986111111111 0.03672453703703704 0.02762731481481495
2 0.42813657407407407 0.3818923611111111 0.03516203703703695 0.027581018518518442
2 0.5111168981481481 0.4163541666666667 0.035069444444444466 0.02445601851851862
2 0.5284375 0.3950115740740741 0.03194444444444446 0.02436342592592595
2 0.5663657407407408 0.3578877314814815 0.03511574074074062 0.02601851851851853
2 0.6023958333333332 0.3620775462962963 0.03672453703703695 0.027627314814814775
0 0.26515625 0.17645833333333333 0.03525462962962962 0.03070601851851853
0 0.27663773148148146 0.1424537037037037 0.03677083333333329 0.029189814814814773
0 0.4400636574074074 0.17851851851851852 0.03672453703703695 0.02762731481481482
0 0.5658796296296297 0.23610532407407409 0.03994212962962962 0.03084490740740744