1 0.21875 0.5064236111111111 0.046875 0.04166666666666678
1 0.278125 0.5178993055555556 0.05 0.047986111111111104
1 0.271875 0.6115104166666667 0.05625 0.03249999999999993
1 0.31328125 0.5694618055555556 0.03125 0.049131944444444464
1 0.35 0.5312152777777778 0.0546875 0.03559027777777786
1 0.328125 0.6135416666666667 0.053125 0.03711805555555543
1 0.3640625 0.5862152777777778 0.0640625 0.029548611111111
1 0.39453125 0.6181423611111111 0.053125 0.03243055555555543
1 0.4953125 0.5516319444444445 0.04375 0.04472222222222229
1 0.490625 0.6194965277777778 0.059375 0.02944444444444443
2 0.240625 0.3678472222222222 0.03125 0.025694444444444464
2 0.28125 0.3515625 0.03125 0.025694444444444464
2 0.29453125 0.38779513888888884 0.03125 0.025694444444444464
2 0.3046875 0.3341145833333333 0.034375 0.025763888888888874
2 0.3125 0.3663194444444445 0.03125 0.025694444444444464
2 0.284375 0.43991319444444443 0.03125 0.025694444444444464
2 0.296875 0.41675347222222225 0.03125 0.025694444444444464
2 0.375 0.3333333333333333 0.03125 0.024131944444444463
2 0.33359375 0.32147569444444446 0.03125 0.025694444444444464
2 0.41484375 0.38265625 0.0328125 0.024166666666666715
0 0.2546875 0.2009722222222222 0.0375 0.027395833333333286
0 0.26953125 0.17317708333333334 0.034375 0.028888888888888874
0 0.27421875 0.12484375 0.0328125 0.02729166666666667
0 0.29921875 0.14805555555555555 0.03125 0.030381944444444465
0 0.4125 0.1677604166666667 0.0359375 0.028923611111111126