0 0.85859375 0.26015625 0.028125 0.03671875
0 0.81953125 0.31484375 0.025 0.03515625
0 0.81328125 0.5234375 0.0234375 0.03125
0 0.78203125 0.5484375 0.0234375 0.03125
2 0.66484375 0.24140625 0.02578125 0.03125
2 0.66328125 0.27265625 0.02578125 0.03203125
2 0.67109375 0.3140625 0.02578125 0.03046875
2 0.5953125 0.2953125 0.021875 0.03046875
2 0.57109375 0.33125 0.025 0.03203125
2 0.62734375 0.36171875 0.02578125 0.03515625
2 0.65078125 0.3703125 0.0234375 0.0328125
2 0.65703125 0.45546875 0.0234375 0.03125
2 0.665625 0.49140625 0.02578125 0.03203125
2 0.621875 0.51328125 0.02265625 0.03359375
1 0.5078125 0.2359375 0.03984375 0.0484375
1 0.4515625 0.2296875 0.0421875 0.040625
1 0.47578125 0.278125 0.0234375 0.05859375
1 0.409375 0.24296875 0.03046875 0.05234375
1 0.40546875 0.29921875 0.0296875 0.0546875
1 0.43671875 0.2890625 0.03828125 0.04765625
1 0.44453125 0.3546875 0.0421875 0.03515625
1 0.4328125 0.4640625 0.02734375 0.065625
1 0.39921875 0.525 0.0265625 0.059375
1 0.43203125 0.53046875 0.02890625 0.0609375