1 0.5132118055555556 0.20404513888888892 0.046215277777777786 0.04096064814814815
1 0.47430555555555554 0.21136574074074072 0.04965277777777786 0.055046296296296315
1 0.5343402777777777 0.3109375 0.040347222222222354 0.058101851851851814
1 0.5789930555555556 0.3160763888888889 0.037256944444444426 0.05964120370370374
1 0.5111631944444445 0.35799189814814814 0.04649305555555561 0.053460648148148146
1 0.5901736111111111 0.3972569444444444 0.04503472222222218 0.05813657407407406
1 0.5711458333333332 0.3497337962962963 0.043472222222222356 0.05812499999999998
1 0.5309027777777777 0.4023842592592592 0.04802083333333336 0.05190972222222214
1 0.5517708333333333 0.4272337962962963 0.047986111111111104 0.05034722222222214
1 0.5178819444444445 0.554849537037037 0.04777777777777779 0.040972222222222146
2 0.2924305555555556 0.2549074074074074 0.030520833333333285 0.0377199074074074
2 0.29532986111111115 0.31505208333333334 0.030486111111111124 0.0361574074074074
2 0.28987847222222224 0.3510358796296297 0.03201388888888897 0.03460648148148149
2 0.36105902777777776 0.35441550925925924 0.030451388888888875 0.03459490740740741
2 0.33871527777777777 0.36864583333333334 0.027326388888888876 0.03457175925925924
2 0.37736111111111115 0.38476851851851845 0.030486111111111124 0.0361574074074074
2 0.32288194444444446 0.4648726851851852 0.030520833333333285 0.0377199074074074
2 0.3165972222222222 0.49851851851851847 0.027326388888888963 0.03457175925925924
2 0.3636111111111111 0.4692592592592593 0.028888888888888874 0.0345833333333335
2 0.3784201388888889 0.5027488425925926 0.027326388888888876 0.03457175925925924
0 0.14734375000000002 0.3716261574074074 0.030555555555555537 0.039282407407407405
0 0.11737847222222224 0.4648321759259259 0.03357638888888888 0.03461805555555557
0 0.17770833333333333 0.5776851851851852 0.03364583333333333 0.03774305555555557
0 0.22770833333333335 0.5421527777777777 0.027395833333333286 0.037696759259259235
0 0.22463541666666664 0.579681712962963 0.030381944444444465 0.031469907407407405