1 0.50625 0.234375 0.03828125 0.0453125
1 0.49609375 0.2921875 0.0453125 0.04765625
1 0.40546875 0.2859375 0.0296875 0.05546875
1 0.446875 0.32578125 0.046875 0.03125
1 0.48515625 0.36171875 0.03359375 0.053125
1 0.4046875 0.33984375 0.03515625 0.0515625
1 0.43203125 0.37421875 0.028125 0.06171875
1 0.4015625 0.40390625 0.03046875 0.05078125
1 0.46875 0.5015625 0.0421875 0.04296875
1 0.40234375 0.496875 0.02734375 0.05859375
2 0.640625 0.25546875 0.0234375 0.03046875
2 0.6578125 0.29453125 0.025 0.0296875
2 0.6234375 0.3078125 0.02421875 0.03046875
2 0.675 0.3171875 0.02421875 0.03359375
2 0.64375 0.325 0.025 0.03046875
2 0.57265625 0.29765625 0.02421875 0.03125
2 0.59453125 0.31015625 0.02421875 0.03125
2 0.67734375 0.3859375 0.02265625 0.03046875
2 0.68828125 0.34609375 0.0234375 0.0296875
2 0.63046875 0.42421875 0.02265625 0.03203125
0 0.803125 0.26953125 0.025 0.0359375
0 0.8296875 0.28359375 0.0265625 0.0328125
0 0.87734375 0.28828125 0.025 0.03203125
0 0.85546875 0.3125 0.02890625 0.03046875
0 0.83828125 0.421875 0.0265625 0.034375