1 0.3796875 0.44437499999999996 0.0484375 0.04951388888888886
1 0.465625 0.4837847222222222 0.0390625 0.04618055555555554
1 0.58984375 0.523263888888889 0.05625 0.041874999999999926
1 0.6328125 0.51796875 0.0421875 0.04312500000000004
1 0.61953125 0.48095486111111113 0.0484375 0.046388888888888855
2 0.4078125 0.7496875 0.034375 0.030451388888888785
2 0.5375 0.7291319444444444 0.0375 0.030520833333333285
2 0.64296875 0.6978819444444444 0.0375 0.033645833333333285
2 0.6546875 0.7231423611111112 0.0375 0.027395833333333286
2 0.6609375 0.6725 0.040625 0.029027777777777784
0 0.35703125 0.9540277777777778 0.040625 0.03215277777777779
0 0.48515625 0.9310937500000002 0.0421875 0.032187499999999855
0 0.56328125 0.921111111111111 0.040625 0.03215277777777779
0 0.69609375 0.9076562499999999 0.0359375 0.028923611111111212