0 0.18902199074074075 0.79375 0.03957175925925922 0.034375
0 0.25627314814814817 0.73671875 0.04271990740740748 0.0359375
0 0.4718634259259259 0.84453125 0.04267361111111114 0.0328125
0 0.5214004629629629 0.7703125 0.03791666666666664 0.028125
0 0.5326678240740741 0.90625 0.039548611111111145 0.0328125
2 0.5608969907407408 0.5828125 0.04113425925925931 0.034375
2 0.4268229166666666 0.66796875 0.039548611111111145 0.0328125
2 0.34749421296296296 0.64375 0.039548611111111145 0.0328125
2 0.37700810185185185 0.55 0.037962962962962976 0.03125
2 0.25672453703703707 0.60078125 0.039548611111111145 0.0328125
1 0.33088541666666665 0.39375 0.06634259259259263 0.0484375
1 0.393125 0.35859375 0.05081018518518521 0.0546875
1 0.5130671296296296 0.38359375 0.06783564814814813 0.04375
1 0.5895081018518519 0.44453125 0.0694212962962963 0.0453125
1 0.5412152777777778 0.4875 0.06781249999999997 0.0421875